25000.0 -0.0 -0.0 -0.0 -0.0 -0.0 1.0 -0.0
75000.0 -0.0 -0.0 -0.0 -0.0 -0.0 1.0 -0.0
125000.0 0.0019170931 -0.0012858626 0.32044336 0.001084089 -0.00011758197 0.9999994 -2.6938818e-05
175000.0 0.0019170931 -0.0012858626 0.32044336 0.001084089 -0.00011758197 0.9999994 -2.6938818e-05
225000.0 0.0047853803 0.0006242077 0.65694404 0.0020792847 -0.00085677835 0.9999974 0.00046421262
275000.0 0.0047853803 0.0006242077 0.65694404 0.0020792847 -0.00085677835 0.9999974 0.00046421262
325000.0 0.008173538 -0.0037399966 1.0063496 0.0030166209 -0.001984625 0.9999935 -0.00021519384
375000.0 0.008173538 -0.0037399966 1.0063496 0.0030166209 -0.001984625 0.9999935 -0.00021519384
425000.0 0.0105912555 -0.004214206 1.3731823 0.003961699 -0.0023998935 0.9999892 -0.0003836494
475000.0 0.0105912555 -0.004214206 1.3731823 0.003961699 -0.0023998935 0.9999892 -0.0003836494
525000.0 0.01402172 -0.006086211 1.690707 0.005262978 -0.0027980604 0.99998224 -0.00025226246
575000.0 0.01402172 -0.006086211 1.690707 0.005262978 -0.0027980604 0.99998224 -0.00025226246
625000.0 0.01402172 -0.006086211 1.690707 0.005262978 -0.0027980604 0.99998224 -0.00025226246
675000.0 0.01402172 -0.006086211 1.690707 0.005262978 -0.0027980604 0.99998224 -0.00025226246
725000.0 0.025079193 -0.0062744943 2.3942845 0.007733767 -0.0040379097 0.999962 -5.0698174e-05
775000.0 0.025079193 -0.0062744943 2.3942845 0.007733767 -0.0040379097 0.999962 -5.0698174e-05
825000.0 0.039710093 -0.0073063946 3.039513 0.008972927 -0.00449861 0.99994963 0.00017561951
875000.0 0.043793425 -0.007599071 3.2485914 0.00964261 -0.0047861687 0.999942 0.00039067952
925000.0 0.048822 -0.0027396292 3.4980724 0.01031884 -0.0048550097 0.9999348 0.0006215175
975000.0 0.055469893 -0.009167967 3.7035894 0.011091538 -0.0056098285 0.99992245 0.0008752195
1025000.0 0.061438724 -0.0072759604 3.9325116 0.0117934905 -0.0056288294 0.99991405 0.0011114721
1075000.0 0.06827379 -0.0069581573 4.1714106 0.012489494 -0.0059197824 0.9999035 0.0013913679
1125000.0 0.08129164 -0.015575876 4.4653296 0.01314396 -0.006142923 0.9998936 0.001537546
1175000.0 0.08868561 -0.017194774 4.706554 0.013944912 -0.005956677 0.9998835 0.0017841818
1225000.0 0.097190574 -0.017787224 4.9637547 0.014637477 -0.0067005497 0.9998686 0.0019342368
1275000.0 0.10565708 -0.020469371 5.2178984 0.015339728 -0.006768449 0.9998578 0.0018479
1325000.0 0.113880806 -0.022122808 5.4893546 0.015944038 -0.0064619696 0.99985063 0.0016510901
1375000.0 0.12356693 -0.019826332 5.7753663 0.016543219 -0.0064418106 0.9998413 0.0015187975
1425000.0 0.13113347 -0.030750766 6.04069 0.017293593 -0.006837909 0.99982643 0.0011587968
1475000.0 0.13983254 -0.024341313 6.3476677 0.01805524 -0.0069991923 0.99981195 0.0010875869
1525000.0 0.15336521 -0.028913446 6.6441593 0.018526021 -0.0069863726 0.9998036 0.00086268113
1575000.0 0.16190808 -0.021920774 6.9384656 0.019103251 -0.0071181124 0.99979174 0.000978695
1625000.0 0.17738697 -0.025646364 7.2317853 0.019527163 -0.006892172 0.9997855 0.000572317
1675000.0 0.18202117 -0.024575157 7.5183496 0.020021357 -0.006749594 0.99977684 0.00016064335
1725000.0 0.20331058 -0.031118426 7.8336053 0.020243444 -0.006744537 0.9997723 -0.00029161273
1775000.0 0.22021909 -0.038204245 8.129738 0.020497886 -0.0066646575 0.9997674 -0.0008029949
1825000.0 0.2348226 -0.04087357 8.424138 0.020533923 -0.0060104574 0.9997704 -0.0012439466
1875000.0 0.2502653 -0.0427249 8.740994 0.02041681 -0.0057025924 0.99977374 -0.0017752394
1925000.0 0.27239233 -0.052973624 9.038168 0.020232337 -0.0052604093 0.9997785 -0.002461086
1975000.0 0.27274898 -0.043779 9.390193 0.020154174 -0.0051985974 0.9997798 -0.0026910757
2025000.0 0.2842471 -0.046872325 9.71831 0.01992408 -0.005154905 0.99978346 -0.0030993097
2075000.0 0.29121533 -0.038005494 10.0526495 0.01962035 -0.005102175 0.999789 -0.0033174087
2125000.0 0.30552724 -0.06116557 10.338727 0.018941788 -0.0044073644 0.9998021 -0.004199295
2175000.0 0.31232363 -0.03972156 10.693432 0.01850864 -0.0044600274 0.9998096 -0.0042682397
2225000.0 0.32775837 -0.043775253 11.01748 0.017694008 -0.0042895554 0.9998228 -0.0047883047
2275000.0 0.3421962 -0.04690163 11.344172 0.016910268 -0.0044218563 0.9998322 -0.0054847975
2325000.0 0.3454693 -0.039328374 11.679964 0.01618651 -0.004436578 0.9998415 -0.0059460048
2375000.0 0.35156316 -0.037639365 12.006445 0.015479045 -0.004614782 0.9998488 -0.0064534815
2425000.0 0.35162503 -0.03028407 12.336786 0.01475573 -0.0045769364 0.99985844 -0.0066703837
2475000.0 0.36273378 -0.02536663 12.700842 0.013665554 -0.004927557 0.99986976 -0.007034526
2525000.0 0.3689989 -0.020331357 13.041002 0.012447517 -0.004923578 0.9998834 -0.0073537696
2575000.0 0.37757358 -0.01617113 13.380224 0.011183256 -0.0049310625 0.99989676 -0.0075660623
2625000.0 0.38208446 -0.014380866 13.727528 0.009891648 -0.004782575 0.9999096 -0.0077569853
2675000.0 0.38827676 -0.0051688347 14.067853 0.008346067 -0.0044097165 0.9999255 -0.0077445977
2725000.0 0.38915464 -0.0031212606 14.409258 0.006616809 -0.0044080135 0.9999353 -0.0081364345
2775000.0 0.3877995 0.0053144274 14.761023 0.0046968316 -0.003910184 0.99994636 -0.008361576
2825000.0 0.3846245 0.01779928 15.121146 0.0026011274 -0.0042586187 0.99995077 -0.008585303
2875000.0 0.37840042 0.012974866 15.4732 0.00027856173 -0.003908972 0.9999522 -0.008963851
2925000.0 0.3626577 0.027892334 15.846409 -0.002207322 -0.0038862133 0.9999502 -0.008932487
2975000.0 0.36503553 0.030918686 16.218304 -0.005403976 -0.0031327906 0.9999377 -0.009252575
3025000.0 0.35372475 0.03879615 16.57859 -0.0086928755 -0.0029199019 0.999911 -0.009693132
3075000.0 0.33377627 0.04481785 16.948097 -0.012384957 -0.002903019 0.99986535 -0.010371019
3125000.0 0.31124148 0.04963535 17.330957 -0.01628958 -0.0028985182 0.99979824 -0.011391935
3175000.0 0.28247952 0.06968546 17.726536 -0.020147746 -0.003740401 0.9997152 -0.012235738
3225000.0 0.25592035 0.074960984 18.095957 -0.024635253 -0.0040885685 0.99960274 -0.013066861
3275000.0 0.2280653 0.07960252 18.489138 -0.029302193 -0.0043595275 0.999468 -0.01364184
3325000.0 0.17647387 0.092763826 18.859163 -0.03376458 -0.0044138036 0.9993254 -0.013756121
3375000.0 0.13995723 0.10222712 19.245718 -0.038967453 -0.003825705 0.9991373 -0.013842754
3425000.0 0.10080793 0.11641901 19.643406 -0.044353496 -0.0026807596 0.9989214 -0.01347725
3475000.0 0.05427027 0.119027354 20.019964 -0.04965677 -0.0019830724 0.9986782 -0.013124004
3525000.0 -0.0059763286 0.13178395 20.417501 -0.054827254 -0.002420216 0.9984117 -0.012736806
3575000.0 -0.06474156 0.14255224 20.811457 -0.06043912 -0.0027178451 0.9980869 -0.012739987
3625000.0 -0.12600352 0.15131894 21.196712 -0.06628588 -0.0022886745 0.99771273 -0.013052315
3675000.0 -0.20369427 0.16314863 21.591097 -0.07213187 -0.0010018278 0.9973056 -0.01333171
3725000.0 -0.2715959 0.16894768 21.991173 -0.07840232 -0.0003426394 0.9968288 -0.013614888
3775000.0 -0.34993425 0.17689247 22.3846 -0.084860414 0.00020962747 0.996296 -0.01389688
3825000.0 -0.43192634 0.1863407 22.784529 -0.091509774 0.0009237372 0.99570215 -0.014231266
3875000.0 -0.5247667 0.19325289 23.17392 -0.098004155 0.0013039903 0.9950802 -0.014457017
3925000.0 -0.6269791 0.20036846 23.584686 -0.104493126 0.0015667819 0.9944163 -0.014663267
3975000.0 -0.7296928 0.20979924 23.980635 -0.11145309 0.001772426 0.99365765 -0.014816888
4025000.0 -0.8451829 0.21927494 24.378054 -0.11843794 0.0015535029 0.9928443 -0.015177596
4075000.0 -0.9599371 0.22866063 24.782856 -0.12543356 0.0021471665 0.9919745 -0.015764501
4125000.0 -1.0798563 0.23635955 25.177443 -0.13254036 0.0032932458 0.9910375 -0.016341567
4175000.0 -1.2076501 0.2497793 25.5798 -0.13972563 0.003953552 0.9900376 -0.016933082
4225000.0 -1.342442 0.26368487 25.976562 -0.14673267 0.0041720066 0.98901176 -0.01754499
4275000.0 -1.4790479 0.26965317 26.378294 -0.15366016 0.0044389027 0.9879495 -0.01801734
4325000.0 -1.6242728 0.27979028 26.770864 -0.1605129 0.0043501584 0.9868604 -0.017982282
4375000.0 -1.7748479 0.2887576 27.159546 -0.16738419 0.0036576618 0.98572254 -0.01789569
4425000.0 -1.9376953 0.30144957 27.562326 -0.1740498 0.0032436508 0.98456985 -0.017843131
4475000.0 -2.1038349 0.31447205 27.953854 -0.18095602 0.0030066224 0.9833266 -0.01774219
4525000.0 -2.2753386 0.32336104 28.346119 -0.18810232 0.002595036 0.9819851 -0.017780036
4575000.0 -2.4475 0.33744898 28.737505 -0.19521596 0.0023855602 0.98059267 -0.01797954
4625000.0 -2.6340165 0.34758434 29.127148 -0.20248693 0.0020982812 0.97911394 -0.018181691
4675000.0 -2.8237267 0.36090705 29.51741 -0.20989232 0.0014896209 0.9775567 -0.018054599
4725000.0 -3.0200586 0.37337583 29.906605 -0.2170736 0.00078556075 0.97599053 -0.017917024
4775000.0 -3.2205033 0.38405225 30.289877 -0.22446248 0.00050588156 0.9743237 -0.017601943
4825000.0 -3.4308891 0.39421323 30.668798 -0.23168217 -0.00026799695 0.97264415 -0.01693325
4875000.0 -3.6422696 0.4050725 31.046398 -0.23886542 -0.00052980636 0.9709177 -0.016182449
4925000.0 -3.8631434 0.41642562 31.420067 -0.2460858 -0.00091606047 0.9691255 -0.015386784
4975000.0 -4.089367 0.42667785 31.795425 -0.25341004 -0.0008723592 0.96724564 -0.014782176
5025000.0 -4.3253546 0.43620843 32.163307 -0.26044625 -0.0014278694 0.9653793 -0.014442786
5075000.0 -4.5621696 0.4462821 32.525795 -0.26773804 -0.0020650579 0.9633815 -0.014430084
5125000.0 -4.807458 0.45184153 32.888405 -0.2749809 -0.002340255 0.96133524 -0.014653877
5175000.0 -5.0669994 0.463446 33.254723 -0.28181937 -0.0026678503 0.95934564 -0.015056611
5225000.0 -5.316636 0.4708755 33.616207 -0.28901008 -0.0013897764 0.95719403 -0.015840264
5275000.0 -5.5763865 0.47953832 33.97181 -0.29588407 -0.00031416284 0.95509356 -0.015776495
5325000.0 -5.8387766 0.48090076 34.319378 -0.302618 -0.00045441565 0.952994 -0.014991206
5375000.0 -6.113483 0.48824573 34.66337 -0.30904672 -0.00056503 0.950943 -0.014048344
5425000.0 -6.3847027 0.4951865 35.01119 -0.3154633 -0.00022815428 0.94884866 -0.013000795
5475000.0 -6.6523776 0.50226057 35.34484 -0.32169807 -0.00023684758 0.94676733 -0.011916585
5525000.0 -6.93972 0.5089966 35.684856 -0.32790163 -0.0001946983 0.9446399 -0.011655074
5575000.0 -7.2292824 0.51655865 36.026474 -0.3339177 -0.00017946618 0.94251853 -0.01256222
5625000.0 -7.522748 0.5198795 36.363323 -0.3393118 -0.00016618482 0.9405749 -0.013655436
5675000.0 -7.824546 0.5267526 36.70361 -0.34445608 0.0011478838 0.9386832 -0.01491702
5725000.0 -8.130175 0.5352018 37.04676 -0.3495999 0.002670184 0.9367564 -0.016135313
5775000.0 -8.428003 0.54245013 37.373024 -0.35415384 0.0042589535 0.9350329 -0.016445275
5825000.0 -8.736371 0.548647 37.70725 -0.35866487 0.005829573 0.9333083 -0.016162086
5875000.0 -9.042419 0.55025256 38.029682 -0.36278942 0.007271564 0.93171597 -0.015377742
5925000.0 -9.358986 0.5575717 38.35363 -0.36654598 0.00862298 0.93025243 -0.014149132
5975000.0 -9.681581 0.56249756 38.678978 -0.37029845 0.009237151 0.92877597 -0.013000192
6025000.0 -9.995863 0.55828464 38.99539 -0.3738015 0.009616891 0.9273778 -0.01226606
6075000.0 -10.329237 0.57303846 39.323418 -0.37696165 0.009770623 0.92610276 -0.011756995
6125000.0 -10.6541 0.5779155 39.641853 -0.3801373 0.009698468 0.9248117 -0.011182225
6175000.0 -10.985298 0.58097965 39.95986 -0.38295624 0.009343484 0.92365515 -0.010884491
6225000.0 -11.322481 0.58579457 40.27681 -0.38554958 0.00900291 0.9225845 -0.010415888
6275000.0 -11.661468 0.5793962 40.596188 -0.38779348 0.008298528 0.9216594 -0.009559457
6325000.0 -11.9990635 0.578416 40.913967 -0.39005938 0.00764217 0.9207183 -0.008545129
6375000.0 -12.35404 0.58449554 41.238674 -0.39184833 0.0071593 0.9199692 -0.0077756457
6425000.0 -12.693929 0.57939494 41.5614 -0.3935167 0.006819141 0.91926044 -0.00763725
6475000.0 -13.038883 0.57889247 41.88023 -0.39515224 0.0067161284 0.9185585 -0.0077438876
6525000.0 -13.384798 0.5780208 42.19352 -0.3964989 0.006057391 0.91798127 -0.007902989
6575000.0 -13.726978 0.5794164 42.5017 -0.39764774 0.0056109214 0.91748285 -0.008373606
6625000.0 -14.076348 0.5805816 42.822525 -0.39890242 0.006069886 0.9169284 -0.009076743
6675000.0 -14.418877 0.58018684 43.14084 -0.4001871 0.0067050387 0.9163603 -0.009441695
6725000.0 -14.75964 0.585794 43.447254 -0.4010715 0.007050086 0.9159717 -0.009374505
6775000.0 -15.104618 0.585321 43.76078 -0.4021104 0.0070210374 0.91551965 -0.009045829
6825000.0 -15.458279 0.59037495 44.076965 -0.40289578 0.0072256257 0.91517806 -0.008484766
6875000.0 -15.796453 0.5940405 44.376003 -0.40347117 0.0066400804 0.9149349 -0.007817032
6925000.0 -16.146368 0.59298545 44.6863 -0.4042292 0.0060981396 0.9146083 -0.00730247
6975000.0 -16.50185 0.59181905 45.001152 -0.40491086 0.0056452192 0.9143113 -0.0070860167
7025000.0 -16.840145 0.5986328 45.294773 -0.40533176 0.0051542674 0.91412854 -0.0069709383
7075000.0 -17.191278 0.5967917 45.606087 -0.40581366 0.004485351 0.9139159 -0.0072770715
7125000.0 -17.541224 0.5971316 45.920494 -0.4061543 0.0039999173 0.9137631 -0.0077326247
7175000.0 -17.903255 0.60108703 46.23905 -0.40635625 0.0033739535 0.9136707 -0.008312466
7225000.0 -18.253017 0.60668933 46.535965 -0.4062961 0.0027184603 0.91369617 -0.008688919
7275000.0 -18.601152 0.60592014 46.847424 -0.40660182 0.0022610568 0.9135562 -0.009216093
7325000.0 -18.952576 0.60705304 47.15895 -0.40682158 0.0019654243 0.91345304 -0.009790382
7375000.0 -19.308298 0.60997283 47.467617 -0.40696755 0.0015648123 0.9133849 -0.010154191
7425000.0 -19.660126 0.61462057 47.767715 -0.40678087 0.0012204365 0.91346383 -0.010567746
7475000.0 -20.0113 0.6171955 48.07998 -0.4068052 0.0010782272 0.9134475 -0.01104804
7525000.0 -20.358849 0.6210466 48.391006 -0.4067595 0.001268217 0.91346097 -0.011589155
7575000.0 -20.70589 0.6235821 48.69872 -0.4068083 0.0016185971 0.91342854 -0.012356417
7625000.0 -21.050606 0.63470984 49.00733 -0.4065744 0.0016832106 0.913525 -0.0129065905
7675000.0 -21.394062 0.63878864 49.319263 -0.4065699 0.0018496212 0.9135186 -0.01346734
7725000.0 -21.747288 0.6452069 49.635826 -0.40651783 0.0019742693 0.9135366 -0.013793861
7775000.0 -22.096977 0.65097797 49.94792 -0.406318 0.0020937615 0.9136256 -0.013768533
7825000.0 -22.440374 0.6619362 50.24727 -0.4061499 0.002422376 0.9137054 -0.013378982
7875000.0 -22.783844 0.671211 50.55378 -0.40612617 0.0027540813 0.9137258 -0.01261903
7925000.0 -23.126644 0.6736484 50.857536 -0.40612236 0.0025831684 0.9137464 -0.011201696
7975000.0 -23.469387 0.6747406 51.175255 -0.40612972 0.002873468 0.9137563 -0.009992716
8025000.0 -23.812096 0.67894685 51.48629 -0.4060736 0.003202157 0.9137921 -0.008837753
8075000.0 -24.158092 0.68148553 51.792816 -0.40590656 0.0034453531 0.91387516 -0.0077636405
8125000.0 -24.498903 0.68068 52.100746 -0.40580395 0.003548751 0.91392493 -0.007206674
8175000.0 -24.857933 0.68115926 52.414787 -0.40548015 0.003222703 0.9140722 -0.006891552
8225000.0 -25.194386 0.67988694 52.72073 -0.40533143 0.0030435708 0.9141395 -0.006798302
8275000.0 -25.541958 0.6801633 53.030636 -0.40493733 0.0028614851 0.91431606 -0.006615542
8325000.0 -25.89392 0.68037474 53.349518 -0.4048422 0.002841018 0.9143578 -0.0066892453
8375000.0 -26.232824 0.6787721 53.65841 -0.40476182 0.0023454952 0.9143969 -0.006391396
8425000.0 -26.574768 0.6785833 53.960476 -0.4044938 0.0017812165 0.9145199 -0.0059175827
8475000.0 -26.917542 0.6769155 54.270645 -0.40424976 0.0013897837 0.9146307 -0.0055658445
8525000.0 -27.253206 0.6671081 54.58722 -0.4042507 0.001282903 0.9146294 -0.005725734
8575000.0 -27.593384 0.6670511 54.89311 -0.40401575 0.0007774307 0.91473556 -0.005433411
8625000.0 -27.927784 0.6673485 55.19452 -0.4038158 0.00022557045 0.9148261 -0.0051025604
8675000.0 -28.275425 0.66710615 55.501534 -0.40348217 -0.0006046567 0.914975 -0.00475996
8725000.0 -28.608028 0.6644799 55.805603 -0.40326196 -0.00083620497 0.9150738 -0.0043713083
8775000.0 -28.940248 0.66368264 56.09935 -0.40298408 -0.0013860097 0.91519773 -0.0038811204
8825000.0 -29.282545 0.65827197 56.409836 -0.40273327 -0.0013764747 0.9153099 -0.0034548808
8875000.0 -29.610044 0.65725386 56.707863 -0.40253657 -0.001343328 0.9153986 -0.0028287272
8925000.0 -29.94046 0.65400624 57.012936 -0.4022403 -0.0017660157 0.91553026 -0.0020219944
8975000.0 -30.26624 0.65079796 57.30275 -0.40174928 -0.002113741 0.9157464 -0.0013021433
9025000.0 -30.589338 0.64545393 57.60058 -0.40144718 -0.0020826857 0.91587925 -0.0009878082
9075000.0 -30.92273 0.64724994 57.904514 -0.40103024 -0.0019032819 0.9160627 -0.0005177312
9125000.0 -31.246948 0.6359347 58.204643 -0.40070352 -0.0019136857 0.91620564 -0.0005756544
9175000.0 -31.57611 0.6354996 58.50479 -0.40031096 -0.0020292564 0.9163771 -0.00031076407
9225000.0 -31.902298 0.6323826 58.80278 -0.3998748 -0.001770907 0.91656804 -0.0002534181
9275000.0 -32.221794 0.62860274 59.101845 -0.39943737 -0.0015382958 0.91675913 -0.00042507704
9325000.0 -32.53817 0.62394524 59.395752 -0.3990175 -0.0013387138 0.9169423 -0.00024102803
9375000.0 -32.859104 0.62044513 59.690567 -0.39870366 -0.0015208805 0.9170786 0.00016935982
9425000.0 -33.171436 0.61579835 59.987465 -0.39827138 -0.0012784653 0.91726655 0.00068481226
9475000.0 -33.485264 0.6006904 60.28268 -0.39779553 -0.0008779139 0.9174734 0.00080424245
9525000.0 -33.81131 0.605538 60.589417 -0.3972982 -0.0009371941 0.9176877 0.0016141641
9575000.0 -34.12693 0.6001492 60.882195 -0.3967571 -0.0009959722 0.91792053 0.0021650444
9625000.0 -34.434864 0.591755 61.17519 -0.3962011 -0.0010323162 0.9181602 0.0023400225
9675000.0 -34.751957 0.5882487 61.46656 -0.39546722 -0.00079271104 0.918476 0.0026389882
9725000.0 -35.06192 0.5761684 61.763145 -0.3948514 -0.0007840988 0.91874117 0.0025497205
9775000.0 -35.366943 0.56861556 62.051674 -0.39423764 -0.0012177094 0.91900307 0.0029477645
9825000.0 -35.671867 0.5632331 62.345367 -0.39363906 -0.0012133609 0.9192578 0.0034501336
9875000.0 -35.96747 0.5559526 62.630093 -0.39286342 -0.0013648368 0.9195875 0.003915308
9925000.0 -36.268887 0.54727626 62.918594 -0.39217785 -0.0014258656 0.91987866 0.004223322
9975000.0 -36.569767 0.5424915 63.20753 -0.3914458 -0.0017236944 0.9201882 0.004580641
10025000.0 -36.868042 0.5300062 63.4966 -0.39071158 -0.0023800007 0.92049855 0.0046160333
10075000.0 -37.167854 0.5164885 63.78692 -0.38977033 -0.0028597584 0.9208964 0.004559481
10125000.0 -37.464302 0.5087386 64.07916 -0.38896552 -0.003047986 0.92123675 0.0044197203
10175000.0 -37.757973 0.4992704 64.3652 -0.38790277 -0.0034230377 0.92168313 0.0044564153
10225000.0 -38.041847 0.48658895 64.64619 -0.38691288 -0.0041591306 0.92209435 0.0048126057
10275000.0 -38.347237 0.4831027 64.94759 -0.3856581 -0.004842932 0.92261237 0.0055520134
10325000.0 -38.63508 0.47470486 65.232086 -0.38441908 -0.005217553 0.92312485 0.005948226
10375000.0 -38.91852 0.46764058 65.5186 -0.3831643 -0.0053625666 0.9236436 0.0062397304
10425000.0 -39.19603 0.45861495 65.79649 -0.38177645 -0.0059106606 0.92421347 0.0064310296
10475000.0 -39.495255 0.45324177 66.09413 -0.3802933 -0.006341925 0.92482203 0.0064013256
10525000.0 -39.77453 0.44829246 66.38012 -0.3788169 -0.006786701 0.92542607 0.0061917496
10575000.0 -40.05015 0.4428262 66.664604 -0.37723464 -0.0072346344 0.92607003 0.0060041416
10625000.0 -40.348343 0.43834546 66.96091 -0.37535977 -0.0076117753 0.9268312 0.005572456
10675000.0 -40.619698 0.43116498 67.247284 -0.3737163 -0.007329277 0.92749774 0.0055136583
10725000.0 -40.87973 0.42084536 67.523384 -0.37196887 -0.007516892 0.92819357 0.0062789656
10775000.0 -41.15158 0.41312808 67.81252 -0.36988387 -0.0073927105 0.92901987 0.007306095
10825000.0 -41.422733 0.40570566 68.10256 -0.36767054 -0.0072547207 0.92988956 0.008438151
10875000.0 -41.68235 0.39756083 68.3839 -0.36547068 -0.006950672 0.93075013 0.009334575
10925000.0 -41.940567 0.3888303 68.6692 -0.3632684 -0.00650508 0.93160737 0.010076652
10975000.0 -42.191746 0.3797809 68.9449 -0.36095685 -0.0057093487 0.9325061 0.010488597
11025000.0 -42.43879 0.36923856 69.22633 -0.3586227 -0.0051042945 0.9334064 0.010779226
11075000.0 -42.686268 0.3544972 69.53137 -0.3563248 -0.004380917 0.9342884 0.010897384
11125000.0 -42.930237 0.34103647 69.81581 -0.35374066 -0.003482148 0.9352761 0.010679722
11175000.0 -43.169353 0.33112085 70.105316 -0.35108382 -0.0023091587 0.9362844 0.010312641
11225000.0 -43.397766 0.31642637 70.38574 -0.34820664 -0.0014193075 0.9373659 0.009765809
11275000.0 -43.64963 0.31084028 70.69186 -0.34505185 -0.0011349192 0.9385348 0.0095053995
11325000.0 -43.884113 0.3002914 70.98143 -0.3419275 -0.0007902296 0.9396801 0.009290067
11375000.0 -44.11593 0.28867915 71.27895 -0.33870322 -0.00037217553 0.94085073 0.008939982
11425000.0 -44.351902 0.28177673 71.57684 -0.3352323 0.0003643476 0.94209707 0.008507142
11475000.0 -44.57795 0.26614767 71.87017 -0.3317388 0.0010621982 0.943338 0.007853238
11525000.0 -44.803097 0.2547394 72.17198 -0.3282368 0.0014600833 0.944564 0.007580232
11575000.0 -45.02984 0.24699222 72.477295 -0.3243918 0.0019176011 0.9458922 0.007365812
11625000.0 -45.249603 0.23923482 72.7788 -0.32026055 0.002292792 0.94729966 0.0071642473
11675000.0 -45.473663 0.23181249 73.09519 -0.31599683 0.0027025042 0.94873273 0.0067048357
11725000.0 -45.68622 0.2225572 73.38726 -0.31119427 0.0029089763 0.95032287 0.0060141534
11775000.0 -45.89668 0.2119212 73.69975 -0.30657157 0.0033060752 0.95182824 0.0050993524
11825000.0 -46.110683 0.20918581 74.01856 -0.3015165 0.0033159733 0.95344424 0.004577808
11875000.0 -46.31841 0.19894701 74.33193 -0.2963909 0.0027030422 0.9550537 0.0041896543
11925000.0 -46.51583 0.18912262 74.64365 -0.2909556 0.0020268387 0.9567274 0.0036721427
11975000.0 -46.71274 0.18576941 74.964905 -0.2854338 0.0020877167 0.9583904 0.0033310154
12025000.0 -46.90128 0.17641193 75.27698 -0.27965772 0.0015152943 0.96009463 0.0027606015
12075000.0 -47.090282 0.17224039 75.60831 -0.27371666 0.001262865 0.96180767 0.0019081886
12125000.0 -47.26669 0.16535881 75.923996 -0.26753065 0.0009809248 0.9635481 0.0011852151
12175000.0 -47.44499 0.16436324 76.25301 -0.26099417 0.0009210173 0.9653396 0.0008769115
12225000.0 -47.60652 0.15093085 76.56526 -0.2542504 0.0007700734 0.96713805 0.00033693222
12275000.0 -47.789482 0.15138936 76.92026 -0.24702133 0.0004974616 0.96900994 1.14514405e-05
12325000.0 -47.9434 0.14579286 77.244965 -0.24008656 0.00067067344 0.970751 -0.0007599849
12375000.0 -48.09353 0.14539081 77.57593 -0.23294523 0.0010824862 0.97248864 -0.0011249973
12425000.0 -48.23582 0.13751419 77.89948 -0.22554687 0.0009686674 0.97423124 -0.0010739597
12475000.0 -48.36754 0.13084525 78.22131 -0.21817102 0.0016536375 0.9759087 -0.0009959812
12525000.0 -48.49758 0.12773775 78.54695 -0.21063179 0.0020841195 0.97756237 -0.0013355826
12575000.0 -48.62491 0.123256296 78.88088 -0.20295331 0.0016909312 0.97918576 -0.001567919
12625000.0 -48.752575 0.1184015 79.21609 -0.19522156 0.0012025348 0.98075706 -0.0016846857
12675000.0 -48.857147 0.11575343 79.531456 -0.1875445 0.0010355236 0.98225373 -0.0018906038
12725000.0 -48.966373 0.111891046 79.861855 -0.17994034 0.0010233695 0.9836743 -0.002307767
12775000.0 -49.068554 0.10939463 80.18898 -0.17229182 0.0008158539 0.98504204 -0.0026759778
12825000.0 -49.15873 0.10507217 80.52418 -0.16479087 0.001076559 0.9863231 -0.0031087562
12875000.0 -49.25675 0.103704296 80.86918 -0.15709111 0.0010760619 0.9875776 -0.0034291118
12925000.0 -49.3445 0.10163481 81.2071 -0.1495507 0.0014465405 0.9887458 -0.003777615
12975000.0 -49.426434 0.10477782 81.55592 -0.14199026 0.0016231855 0.9898595 -0.0037970887
13025000.0 -49.5041 0.09815557 81.872116 -0.1342535 0.0014749476 0.9909388 -0.0037687507
13075000.0 -49.586185 0.09958126 82.21653 -0.12650597 0.0011702243 0.9919588 -0.0035622974
13125000.0 -49.649487 0.09382663 82.54239 -0.11918711 0.0010418032 0.9928655 -0.0034036206
13175000.0 -49.71258 0.09334473 82.88098 -0.11200243 0.000931432 0.99370265 -0.0031071552
13225000.0 -49.780422 0.0950823 83.22883 -0.10486003 0.001284214 0.9944817 -0.0029951215
13275000.0 -49.82055 0.08994385 83.55797 -0.098022975 0.0012265866 0.99518037 -0.0024530753
13325000.0 -49.869923 0.09141143 83.89277 -0.09096231 0.0014695965 0.99585104 -0.0021156839
13375000.0 -49.915558 0.083967745 84.22028 -0.08368802 0.0013777831 0.9964898 -0.0015654345
13425000.0 -49.947796 0.08138076 84.56048 -0.076781206 0.0008516771 0.9970474 -0.000659189
13475000.0 -49.986015 0.0769477 84.88229 -0.06945323 0.00037887678 0.9975851 0.00016083084
13525000.0 -50.013775 0.07425463 85.21589 -0.062496144 -0.00013957603 0.9980447 0.0010664285
13575000.0 -50.043243 0.07251331 85.55455 -0.05549023 -0.0008247796 0.99845743 0.001762722
13625000.0 -50.06004 0.064689755 85.889915 -0.048571162 -0.0013297405 0.99881625 0.0022969365
13675000.0 -50.07083 0.054779507 86.21204 -0.04148416 -0.0017476653 0.99913377 0.002780227
13725000.0 -50.080563 0.049962513 86.54007 -0.034565575 -0.0020612855 0.99939424 0.0034942455
13775000.0 -50.08407 0.046520222 86.87646 -0.027565265 -0.0033239198 0.9996056 0.0042150654
13825000.0 -50.08829 0.03560174 87.205986 -0.020248193 -0.004382649 0.9997741 0.0047524017
13875000.0 -50.080494 0.024233777 87.53991 -0.013070193 -0.00444519 0.99989176 0.0050949696
13925000.0 -50.071037 0.021073531 87.87628 -0.0059592314 -0.0047438275 0.99995756 0.005185269
13975000.0 -50.05767 0.017033499 88.21366 0.001261384 -0.004682351 0.9999767 0.0048179957
14025000.0 -50.036953 0.011289149 88.55022 0.008464082 -0.004804122 0.9999441 0.004154545
14075000.0 -50.00941 0.0036807396 88.888115 0.0154062975 -0.0051238798 0.9998608 0.0038434656
14125000.0 -49.97895 -0.0028886683 89.223495 0.022164421 -0.005346096 0.9997333 0.0036663702
14175000.0 -49.94953 -0.005339537 89.56114 0.029145977 -0.005385508 0.99955535 0.0032641012
14225000.0 -49.908833 -0.010351028 89.90039 0.035755675 -0.005743702 0.99934125 0.0023781103
14275000.0 -49.872456 -0.021298483 90.24567 0.04245161 -0.006499984 0.9990761 0.0016069439
14325000.0 -49.827007 -0.025803763 90.58728 0.048919268 -0.007624232 0.99877316 0.0009976719
14375000.0 -49.777122 -0.027154926 90.92933 0.055720035 -0.007807426 0.9984154 0.0010228882
14425000.0 -49.71978 -0.027526367 91.27162 0.062444974 -0.007560586 0.99801946 0.00088570797
14475000.0 -49.657196 -0.028110817 91.618225 0.06924326 -0.0067602596 0.9975769 0.00034577074
14525000.0 -49.591625 -0.03577774 91.95875 0.076224595 -0.0064818594 0.99706954 -0.00048875576
14575000.0 -49.524235 -0.04001018 92.29833 0.08339828 -0.006288578 0.99649614 -0.0008104049
14625000.0 -49.4537 -0.040538236 92.6506 0.090939425 -0.006726141 0.9958337 -0.0002153783
14675000.0 -49.36624 -0.04694946 92.98634 0.09841196 -0.0073285224 0.9951187 0.00050733594
14725000.0 -49.280624 -0.05165066 93.32232 0.10615009 -0.0077087893 0.99431944 0.001302133
14775000.0 -49.186092 -0.054479502 93.65647 0.113648996 -0.007873522 0.99348736 0.0022046792
14825000.0 -49.092964 -0.062446475 93.97021 0.12130536 -0.007961824 0.99257857 0.0030601372
14875000.0 -48.989292 -0.061105683 94.31722 0.12910293 -0.0067296396 0.99159765 0.004611534
14925000.0 -48.87891 -0.06842196 94.63943 0.13689856 -0.006384222 0.9905485 0.005642871
14975000.0 -48.77264 -0.07513665 94.95997 0.14503029 -0.006288458 0.98938507 0.006633031
15025000.0 -48.65184 -0.09227687 95.26832 0.15319474 -0.006754151 0.9881484 0.0069722706
15075000.0 -48.523808 -0.08930957 95.6195 0.16166629 -0.0068953107 0.9867915 0.0076810573
15125000.0 -48.396477 -0.10309225 95.92972 0.16982915 -0.007653509 0.98541206 0.007912683
15175000.0 -48.263752 -0.11164957 96.25335 0.17805287 -0.007838023 0.98395693 0.008036261
15225000.0 -48.12386 -0.111863434 96.57017 0.18610232 -0.0072643836 0.98246914 0.008219135
15275000.0 -47.978664 -0.11624956 96.87881 0.19414528 -0.0065055536 0.98091364 0.008584287
15325000.0 -47.8328 -0.12795109 97.179115 0.20247933 -0.0063710003 0.9792252 0.008920639
15375000.0 -47.670357 -0.1275636 97.49788 0.21063519 -0.006374987 0.9774997 0.009297466
15425000.0 -47.518654 -0.14700738 97.790924 0.21937762 -0.007033103 0.97557235 0.009090192
15475000.0 -47.349487 -0.14357093 98.09038 0.22754352 -0.007169783 0.9736935 0.0096780015
15525000.0 -47.18273 -0.1524257 98.39066 0.23570657 -0.007154312 0.97174835 0.009819963
15575000.0 -47.011757 -0.17272627 98.67201 0.24374601 -0.0069848616 0.9697657 0.00967229
15625000.0 -46.827026 -0.17710707 98.97182 0.25183994 -0.0061905673 0.96769726 0.010018126
15675000.0 -46.633144 -0.18329108 99.26216 0.25986537 -0.0047010127 0.96557343 0.0107653225
15725000.0 -46.44381 -0.20252624 99.54117 0.2678385 -0.0029622263 0.9633884 0.01168802
15775000.0 -46.249615 -0.21894443 99.806526 0.27572215 -0.0028118477 0.9611594 0.011916204
15825000.0 -46.050888 -0.23509651 100.07191 0.2835835 -0.0034949463 0.9588674 0.011903496
15875000.0 -45.837875 -0.2313301 100.370636 0.29204202 -0.0028934567 0.9563216 0.012335291
15925000.0 -45.63141 -0.24746692 100.63362 0.29978487 -0.0025396703 0.95392424 0.012294622
15975000.0 -45.41574 -0.24815571 100.9083 0.3072961 -0.0020548129 0.9515303 0.012455221
16025000.0 -45.198856 -0.2669809 101.1569 0.3143636 -0.0013969566 0.949221 0.01237332
16075000.0 -44.971504 -0.2687422 101.43016 0.32157728 -0.000116976014 0.94679374 0.013025875
16125000.0 -44.736713 -0.2777006 101.691574 0.32873377 0.00043662166 0.9443286 0.013325255
16175000.0 -44.52594 -0.2932886 101.94553 0.33637315 0.001756729 0.9416274 0.013710148
16225000.0 -44.277412 -0.30609912 102.1958 0.34359622 0.0018896553 0.9390136 0.013841568
16275000.0 -44.03621 -0.31943136 102.44575 0.3509707 0.0008461337 0.9362717 0.014632608
16325000.0 -43.790333 -0.31796634 102.70068 0.35821488 -1.4326318e-05 0.9335057 0.015787905
16375000.0 -43.554916 -0.3329873 102.93728 0.3655613 -0.00032024924 0.93064743 0.01612901
16425000.0 -43.286354 -0.34798688 103.17244 0.37246284 -7.784292e-05 0.92790943 0.015986377
16475000.0 -43.034325 -0.34679323 103.4611 0.38038483 -0.0013126078 0.9246994 0.015386637
16525000.0 -42.77722 -0.35894376 103.68947 0.38785353 -0.0006400898 0.9216051 0.01460444
16575000.0 -42.506428 -0.36494112 103.92602 0.3954427 -0.0012754563 0.918386 0.013810707
16625000.0 -42.24052 -0.37957394 104.14754 0.40296704 -0.001961719 0.9151225 0.01282942
16675000.0 -41.967323 -0.3967151 104.37294 0.41059157 -0.0018473634 0.91173786 0.012052859
16725000.0 -41.688774 -0.40250707 104.59335 0.41844895 -0.0018229051 0.9081606 0.011898587
16775000.0 -41.408554 -0.415537 104.79223 0.42618394 -0.00215312 0.904553 0.012107974
16825000.0 -41.117016 -0.4224236 105.01935 0.4343901 -0.0036087863 0.90063477 0.012220694
16875000.0 -40.82208 -0.42602134 105.23755 0.44270295 -0.005513472 0.89656657 0.012335945
16925000.0 -40.528927 -0.4364363 105.43288 0.4509174 -0.00725624 0.8924517 0.012287051
16975000.0 -40.247185 -0.45401227 105.617386 0.45913383 -0.008663385 0.8882544 0.011188456
17025000.0 -39.918926 -0.4642526 105.82069 0.46709818 -0.008721292 0.8841003 0.010487579
17075000.0 -39.605705 -0.47126174 106.008896 0.474902 -0.008671167 0.87993246 0.010578379
17125000.0 -39.300354 -0.50050247 106.15419 0.48218542 -0.009134811 0.87596565 0.009899597
17175000.0 -38.97338 -0.5086187 106.33532 0.4901292 -0.00926421 0.87154835 0.009547305
17225000.0 -38.62247 -0.51075023 106.55353 0.49835944 -0.009187884 0.86687225 0.009275585
17275000.0 -38.297077 -0.52317995 106.72049 0.50595385 -0.009809193 0.8624649 0.008292855
17325000.0 -37.95594 -0.5325595 106.8825 0.51327276 -0.01055107 0.8581312 0.007117131
17375000.0 -37.616016 -0.5394139 107.04497 0.52064335 -0.011154244 0.8536798 0.0060897293
17425000.0 -37.264126 -0.54705864 107.20891 0.5276655 -0.011939836 0.84935355 0.005004892
17475000.0 -36.913506 -0.55197555 107.365906 0.5346604 -0.012452324 0.8449655 0.004069799
17525000.0 -36.566338 -0.5620942 107.51594 0.541613 -0.012572837 0.840528 0.003164592
17575000.0 -36.213264 -0.5631911 107.641975 0.54814446 -0.011926673 0.83629334 0.002993563
17625000.0 -35.835983 -0.5757079 107.79813 0.55489683 -0.010850598 0.8318431 0.0029900772
17675000.0 -35.488014 -0.5834778 107.92183 0.56138086 -0.010339906 0.8274886 0.0026882994
17725000.0 -35.10932 -0.5872065 108.05817 0.56787026 -0.010276344 0.8230517 0.0019484754
17775000.0 -34.772224 -0.5977823 108.16234 0.57412267 -0.010552982 0.81870097 0.0007449985
17825000.0 -34.38552 -0.60881674 108.27953 0.5800994 -0.010989655 0.8144715 -0.00029686958
17875000.0 -34.02478 -0.61202496 108.38597 0.58596414 -0.0111418655 0.81025994 -0.0008673982
17925000.0 -33.66918 -0.61710083 108.48675 0.59175473 -0.010968099 0.8060422 -0.0014493989
17975000.0 -33.287285 -0.6244639 108.5935 0.5973438 -0.010696562 0.8019117 -0.0018943173
18025000.0 -32.9246 -0.6318333 108.67917 0.602672 -0.0100148795 0.79792386 -0.0019465103
18075000.0 -32.56096 -0.6431294 108.76351 0.6082175 -0.009516722 0.7937108 -0.002023467
18125000.0 -32.178284 -0.63976794 108.84622 0.6136295 -0.00897863 0.7895419 -0.0013692983
18175000.0 -31.821701 -0.65738964 108.9166 0.6191149 -0.008974294 0.78524697 -0.0018698783
18225000.0 -31.452888 -0.6649306 108.986824 0.6241496 -0.008724877 0.7812534 -0.0020649654
18275000.0 -31.08094 -0.67219037 109.05532 0.62916833 -0.008876812 0.77721393 -0.0026491743
18325000.0 -30.718262 -0.67121327 109.12058 0.6339504 -0.008202838 0.773326 -0.0025803796
18375000.0 -30.348259 -0.6859178 109.16763 0.638499 -0.0077532735 0.76957834 -0.0028576807
18425000.0 -29.983505 -0.69110775 109.21977 0.64301234 -0.006955223 0.7658197 -0.0026496984
18475000.0 -29.621628 -0.6959816 109.273384 0.6475326 -0.006366317 0.7620067 -0.0026155266
18525000.0 -29.243279 -0.6953882 109.31757 0.6516918 -0.005812094 0.7584576 -0.002478573
18575000.0 -28.867302 -0.7102586 109.346115 0.6558896 -0.0052866815 0.7548335 -0.0027165816
18625000.0 -28.498764 -0.7151367 109.38321 0.6599046 -0.004652094 0.7513296 -0.0028682488
18675000.0 -28.123512 -0.7192715 109.422455 0.6638917 -0.004253906 0.74780864 -0.003468695
18725000.0 -27.759003 -0.72390497 109.45208 0.6677429 -0.0040936363 0.7443689 -0.004207576
18775000.0 -27.382393 -0.7311328 109.47505 0.67131525 -0.00386844 0.74114627 -0.0048134113
18825000.0 -27.010124 -0.7352959 109.49852 0.6746892 -0.0036346857 0.7380754 -0.0051078056
18875000.0 -26.647255 -0.74095315 109.520874 0.6780728 -0.0035095506 0.73496747 -0.0052670953
18925000.0 -26.284058 -0.7488352 109.53851 0.68132955 -0.0028125013 0.73195505 -0.004906897
18975000.0 -25.909698 -0.75622153 109.55363 0.68456304 -0.0027941647 0.72893345 -0.004658143
19025000.0 -25.5402 -0.7608519 109.56723 0.687713 -0.0027514303 0.72596574 -0.004118126
19075000.0 -25.176773 -0.7596407 109.57066 0.69076276 -0.0031132011 0.72306615 -0.003539338
19125000.0 -24.807632 -0.7664749 109.570946 0.69367003 -0.0029298745 0.7202808 -0.0029905052
19175000.0 -24.44152 -0.76889354 109.58001 0.69656426 -0.002737823 0.7174849 -0.0025052815
19225000.0 -24.070625 -0.7712871 109.58009 0.69914025 -0.0021971464 0.7149776 -0.002257787
19275000.0 -23.700989 -0.7788987 109.57431 0.7015747 -0.0013806523 0.7125912 -0.0022129186
19325000.0 -23.328896 -0.7775861 109.57091 0.70397455 -0.0009347162 0.71022063 -0.0023948625
19375000.0 -22.969429 -0.78349936 109.56048 0.7062044 -0.0002178772 0.70800316 -0.0025925026
19425000.0 -22.603386 -0.7870715 109.553764 0.70837116 0.0005572814 0.70583457 -0.0027640038
19475000.0 -22.24778 -0.7908318 109.543396 0.71042067 0.0012727855 0.7037704 -0.00285052
19525000.0 -21.886444 -0.79385716 109.53166 0.71231306 0.0019694774 0.70185256 -0.0030434744
19575000.0 -21.506035 -0.7948136 109.51764 0.71409917 0.002439679 0.7000332 -0.003144356
19625000.0 -21.13977 -0.79490495 109.502495 0.71570617 0.0028177537 0.69838905 -0.0030932892
19675000.0 -20.776146 -0.7986083 109.489334 0.7173611 0.002824093 0.6966882 -0.0032849156
19725000.0 -20.418045 -0.8031678 109.47263 0.7190292 0.0030614436 0.6949658 -0.0032033585
19775000.0 -20.039703 -0.79963773 109.44881 0.7205436 0.0029344924 0.693396 -0.0032114687
19825000.0 -19.6818 -0.802706 109.4315 0.7220675 0.0026612915 0.69180954 -0.0033339937
19875000.0 -19.314278 -0.8022717 109.40778 0.7235115 0.0023545409 0.6902998 -0.003415281
19925000.0 -18.962387 -0.80508053 109.38956 0.7251063 0.0020505947 0.6886261 -0.0032747318
19975000.0 -18.592155 -0.8093339 109.36279 0.7263582 0.0018212723 0.6873074 -0.0030050713
20025000.0 -18.238335 -0.81012577 109.33898 0.7275768 0.0015409068 0.68601894 -0.002770241
20075000.0 -17.883293 -0.8118987 109.31131 0.7285918 0.0022057684 0.684941 -0.0022238612
20125000.0 -17.523735 -0.8176021 109.28866 0.72961414 0.0027393007 0.68385106 -0.0018505364
20175000.0 -17.161995 -0.8232378 109.25675 0.73033667 0.0030823303 0.6830777 -0.0019552626
20225000.0 -16.792091 -0.82983124 109.22348 0.7308566 0.00398887 0.6825169 -0.0018621641
20275000.0 -16.443954 -0.83365226 109.19794 0.73143685 0.0045042373 0.6818913 -0.002042022
20325000.0 -16.089943 -0.83258796 109.17224 0.731921 0.0048136716 0.6813676 -0.0025893617
20375000.0 -15.743584 -0.8307884 109.14506 0.73228145 0.004840179 0.68097776 -0.003130642
20425000.0 -15.376396 -0.8342474 109.11579 0.7323555 0.005138067 0.6808946 -0.0034003444
20475000.0 -15.031624 -0.83658624 109.09003 0.7325185 0.005071398 0.6807196 -0.00344144
20525000.0 -14.683434 -0.8335663 109.063644 0.73270875 0.004489617 0.68051875 -0.0034661673
20575000.0 -14.339691 -0.8412622 109.03603 0.7328546 0.0043437323 0.68036234 -0.003531261
20625000.0 -13.9939575 -0.8449042 109.01704 0.7331001 0.0037726308 0.68010104 -0.003555568
20675000.0 -13.651985 -0.8480957 108.98805 0.73317647 0.003592887 0.68002146 -0.0031926157
20725000.0 -13.311478 -0.85052454 108.95959 0.7332501 0.0033563587 0.67994523 -0.0027600215
20775000.0 -12.971153 -0.8497238 108.93782 0.7334207 0.0028588737 0.6797634 -0.0027683116
20825000.0 -12.643219 -0.85610723 108.91677 0.7336753 0.002624881 0.67948985 -0.002703333
20875000.0 -12.299141 -0.85778546 108.88645 0.7338432 0.0026275823 0.6793092 -0.0024993343
20925000.0 -11.966171 -0.8583716 108.85922 0.73401403 0.0026784486 0.67912525 -0.0022829785
20975000.0 -11.644714 -0.8660472 108.83477 0.73420864 0.0026415132 0.6789138 -0.002604677
21025000.0 -11.31485 -0.8648314 108.81108 0.73445076 0.0026844582 0.67865086 -0.0028203328
21075000.0 -10.980675 -0.8701036 108.7901 0.73474205 0.0027705077 0.6783342 -0.003042357
21125000.0 -10.651115 -0.8706548 108.76235 0.7349353 0.0027506955 0.67812437 -0.003155749
21175000.0 -10.328087 -0.87684065 108.73984 0.73530364 0.00262616 0.67772377 -0.0034865916
21225000.0 -9.999344 -0.8818461 108.70125 0.7353779 0.00283234 0.67764366 -0.0032390452
21275000.0 -9.6777725 -0.8757932 108.67676 0.7356754 0.0027763366 0.67732215 -0.0029551003
21325000.0 -9.36232 -0.8852861 108.653534 0.7359348 0.003150718 0.677039 -0.0028833824
21375000.0 -9.049774 -0.8868494 108.62851 0.7361787 0.0033291224 0.67677504 -0.002339178
21425000.0 -8.7417145 -0.8902559 108.59977 0.73639375 0.003154879 0.67654264 -0.002115771
21475000.0 -8.435425 -0.8930615 108.57119 0.73655534 0.002948533 0.676368 -0.0019641751
21525000.0 -8.1269455 -0.89641106 108.554405 0.7369867 0.002518686 0.6759 -0.0018901072
21575000.0 -7.8119583 -0.9042475 108.52188 0.7373046 0.0021279412 0.67555386 -0.0020833733
21625000.0 -7.50708 -0.90647745 108.49669 0.7374506 0.001862983 0.67539483 -0.0022479636
21675000.0 -7.2094116 -0.9073823 108.464584 0.7375073 0.0017918689 0.67533237 -0.0024601244
21725000.0 -6.911873 -0.91318786 108.43962 0.73771566 0.0021308076 0.6751023 -0.0028311973
21775000.0 -6.60894 -0.9147093 108.411 0.7378772 0.0024930087 0.67492455 -0.0028039347
21825000.0 -6.3003235 -0.9109795 108.385056 0.7381351 0.002713046 0.6746414 -0.0028697904
21875000.0 -6.004959 -0.9108038 108.35759 0.7383167 0.0030133508 0.6744409 -0.0029729707
21925000.0 -5.7233124 -0.9142848 108.32517 0.7383735 0.0032289587 0.6743761 -0.0033393104
21975000.0 -5.4350204 -0.9142952 108.30383 0.73849463 0.0037055016 0.6742406 -0.003402293
22025000.0 -5.1487274 -0.92006147 108.27939 0.73878145 0.003945858 0.6739235 -0.0036800648
22075000.0 -4.8670654 -0.9217456 108.25766 0.73902935 0.0037364396 0.6736527 -0.0037163165
22125000.0 -4.5914993 -0.92552555 108.23122 0.7391377 0.0035147562 0.6735351 -0.0036873906
22175000.0 -4.3124695 -0.92560893 108.20488 0.73931026 0.0028381862 0.67334956 -0.003556012
22225000.0 -4.0253983 -0.9248837 108.17851 0.739374 0.0022065842 0.6732839 -0.003195981
22275000.0 -3.7733078 -0.9294177 108.16028 0.7397472 0.0016379597 0.6728754 -0.0031771718
22325000.0 -3.5007095 -0.9299183 108.13288 0.73980796 0.0012828225 0.67281157 -0.0026760125
22375000.0 -3.2275543 -0.933606 108.10605 0.73981535 0.0011990962 0.67280525 -0.0022181673
22425000.0 -2.965477 -0.9381119 108.08313 0.7399597 0.0010491102 0.67264766 -0.0019150565
22475000.0 -2.6944122 -0.9431051 108.05808 0.7401153 0.0007685258 0.672477 -0.0018820025
22525000.0 -2.4362488 -0.9515741 108.03738 0.7402932 0.0007187507 0.67228144 -0.0017706678
22575000.0 -2.1829376 -0.9542388 108.017105 0.740558 0.0008432158 0.6719902 -0.0014798961
22625000.0 -1.9268036 -0.96050346 107.992355 0.7406024 0.0010926398 0.6719411 -0.0014570121
22675000.0 -1.6723557 -0.96380806 107.95741 0.74049044 0.0016202354 0.67206305 -0.0016087081
22725000.0 -1.4189224 -0.9670657 107.93616 0.7406449 0.0020583672 0.6718905 -0.0020244587
22775000.0 -1.1622314 -0.9688798 107.908 0.74080944 0.002730846 0.6717051 -0.0024839449
22825000.0 -0.90514374 -0.9683819 107.888405 0.74105346 0.0029807193 0.6714324 -0.0030685463
22875000.0 -0.63918304 -0.9683435 107.86421 0.74108166 0.0035333228 0.6713973 -0.0033536414
22925000.0 -0.3877716 -0.9687813 107.841385 0.74126136 0.0032813277 0.671197 -0.0039349166
22975000.0 -0.13181305 -0.9677105 107.8161 0.74132365 0.0033377383 0.67112684 -0.0041063577
23025000.0 0.120262146 -0.9681687 107.794266 0.74152 0.002994008 0.67090803 -0.004657669
23075000.0 0.36826324 -0.97051203 107.76691 0.7415909 0.0033098427 0.67082703 -0.004804675
23125000.0 0.61263275 -0.9706039 107.749756 0.74176663 0.0034521031 0.6706299 -0.0050956765
23175000.0 0.8605118 -0.97973406 107.71956 0.7417858 0.0040891385 0.67060596 -0.004974068
23225000.0 1.1036911 -0.98029405 107.69138 0.74188423 0.0043360316 0.6704985 -0.004551963
23275000.0 1.3450851 -0.9835308 107.66621 0.7420002 0.004417237 0.67037356 -0.0039263144
23325000.0 1.5813446 -0.98562133 107.64298 0.7422138 0.0040578833 0.67014045 -0.0037400292
23375000.0 1.8293839 -0.9822667 107.621216 0.7424092 0.0036669846 0.6699265 -0.0036771947
23425000.0 2.0635223 -0.98834777 107.59853 0.74256563 0.0033773566 0.6697537 -0.0038716493
23475000.0 2.3255997 -0.9828279 107.56915 0.7426408 0.003171277 0.6696703 -0.004044137
23525000.0 2.5613098 -0.9861541 107.545654 0.742674 0.0031921838 0.6696311 -0.0044092974
23575000.0 2.8073578 -0.98527074 107.515945 0.7426586 0.002937225 0.669649 -0.0044524726
23625000.0 3.0492172 -0.9862313 107.49791 0.7428392 0.0026112034 0.66944796 -0.0047457465
23675000.0 3.2788544 -0.98864704 107.46943 0.7429291 0.002325562 0.66935205 -0.00434245
23725000.0 3.5270996 -0.9851338 107.44554 0.7430557 0.0020040548 0.6692147 -0.003999233
23775000.0 3.7579498 -0.98104936 107.42503 0.7430903 0.0018780598 0.66917837 -0.0036941345
23825000.0 3.9922333 -0.98473686 107.39988 0.743159 0.0019970455 0.66910344 -0.0033727789
23875000.0 4.226326 -0.98716754 107.3754 0.74320203 0.0019520954 0.6690565 -0.0032209847
23925000.0 4.4640427 -0.98980725 107.34911 0.7433313 0.0017623843 0.6689137 -0.0031455776
23975000.0 4.706894 -0.9915989 107.326004 0.74350125 0.0014522186 0.66872495 -0.0032937669
24025000.0 4.938759 -0.9945992 107.29669 0.7434907 0.001432021 0.6687371 -0.00321297
24075000.0 5.196884 -0.98996115 107.27115 0.7434543 0.0012106005 0.6687802 -0.0027189464
24125000.0 5.4341354 -0.9930599 107.24468 0.74351645 0.0011571344 0.668711 -0.002749763
24175000.0 5.6607285 -0.99928975 107.21804 0.7435277 0.0012575777 0.6686975 -0.0029425223
24225000.0 5.9017944 -0.99856 107.19759 0.7437548 0.0012839123 0.6684455 -0.0028033284
24275000.0 6.136978 -0.9954181 107.17221 0.74384975 0.0012202533 0.6683409 -0.0025413414
24325000.0 6.3764877 -0.99791956 107.1484 0.7439817 0.0013936411 0.6681948 -0.0022542092
24375000.0 6.6060486 -0.999009 107.12733 0.7442013 0.0012479728 0.6679506 -0.002244203
24425000.0 6.8388824 -1.005535 107.099594 0.74422944 0.0013772469 0.66791934 -0.0020869256
24475000.0 7.0686264 -1.0083365 107.081924 0.74433583 0.0013446815 0.6678015 -0.001902222
24525000.0 7.3217316 -1.0068438 107.04455 0.7441052 0.0012919448 0.6680588 -0.0017865518
24575000.0 7.5547104 -1.0106404 107.01881 0.7441767 0.0013673023 0.66797906 -0.0017996186
24625000.0 7.787407 -1.0132437 106.991615 0.7441417 0.0014448038 0.6680183 -0.0016376451
24675000.0 8.024162 -1.0154731 106.96796 0.7442565 0.0015402352 0.66789067 -0.0014122281
24725000.0 8.2617035 -1.0131226 106.94456 0.7443613 0.0015268252 0.6677747 -0.0010053373
24775000.0 8.487694 -1.019687 106.92046 0.7444614 0.0016448823 0.66766256 -0.0011032256
24825000.0 8.720512 -1.0189478 106.89079 0.7444702 0.0012421523 0.667654 -0.00090801955
24875000.0 8.948479 -1.0271086 106.86888 0.7444709 0.00089630875 0.66765374 -0.0009171158
24925000.0 9.174149 -1.0295055 106.84681 0.7445485 0.00022732207 0.6675676 -0.0010297823
24975000.0 9.408157 -1.0326035 106.81547 0.7444707 0.0002967885 0.6676545 -0.00087476295
25025000.0 9.64164 -1.0292392 106.79245 0.74450964 0.00020646141 0.6676115 -0.00066169933
25075000.0 9.870926 -1.0324894 106.769615 0.74452174 0.000561111 0.6675978 -0.0005513983
25125000.0 10.093575 -1.0393182 106.74576 0.74454445 0.0010045379 0.667572 -0.00042523458
25175000.0 10.326767 -1.0450921 106.713684 0.7445568 0.0014358077 0.66755754 -0.00040042918
25225000.0 10.546448 -1.0482816 106.68823 0.74463934 0.0015316206 0.6674653 -0.00012517697
25275000.0 10.77433 -1.0493381 106.66364 0.7446704 0.0013151123 0.6674311 3.898595e-05
25325000.0 11.000771 -1.0525167 106.641716 0.7447609 0.0009969857 0.66733074 -0.00011393543
25375000.0 11.235336 -1.0569055 106.623825 0.7449951 0.00056219735 0.6670694 -0.00069412903
25425000.0 11.465752 -1.0575635 106.59211 0.7448576 0.0005897595 0.6672225 -0.0009785548
25475000.0 11.694252 -1.0644195 106.57168 0.7449146 0.00085048017 0.66715777 -0.0014730493
25525000.0 11.928024 -1.0611603 106.546425 0.74496377 0.0009921135 0.66710293 -0.0013298494
25575000.0 12.15004 -1.0632375 106.52255 0.74489427 0.00088028284 0.6671809 -0.0011911767
25625000.0 12.379593 -1.0631936 106.49457 0.7447645 0.0008526543 0.6673263 -0.00092012755
25675000.0 12.607323 -1.0606719 106.47288 0.74491405 0.0005720475 0.66715986 -0.00077673775
25725000.0 12.832993 -1.0715446 106.446106 0.74499017 0.0008263724 0.66707456 -0.00077439647
25775000.0 13.063019 -1.0697734 106.42289 0.7449575 0.00068297243 0.6671113 -0.00059337955
25825000.0 13.291794 -1.0750351 106.402374 0.74505335 0.00035368802 0.66700405 -0.0010478771
25875000.0 13.529755 -1.0741332 106.372375 0.74496317 0.00039890164 0.6671048 -0.0010127781
25925000.0 13.755974 -1.0784404 106.3483 0.74498624 0.000446682 0.6670785 -0.0012660319
25975000.0 13.98481 -1.0782568 106.324684 0.7449495 7.869114e-05 0.6671198 -0.0012040172
26025000.0 14.212814 -1.0776297 106.30269 0.74500203 -0.00035272382 0.66706085 -0.001301485
26075000.0 14.436493 -1.0843292 106.275635 0.7450104 -0.00039732942 0.66705185 -0.001152085
26125000.0 14.661667 -1.0863652 106.24601 0.7447656 -0.0007862657 0.66732526 -0.00079854234
26175000.0 14.895699 -1.0902603 106.22659 0.7450285 -0.0008373729 0.66703194 -0.0004606237
26225000.0 15.131805 -1.0919101 106.20086 0.7449624 -0.0012881994 0.6671051 -0.00046522688
26275000.0 15.36129 -1.0942872 106.181206 0.7451293 -0.0014786401 0.66691834 -0.00032399702
26325000.0 15.589798 -1.0982642 106.153496 0.7450922 -0.0014705196 0.6669598 -0.00022393755
26375000.0 15.828331 -1.098475 106.129105 0.7450658 -0.0017091362 0.66698873 -0.00018320842
26425000.0 16.05265 -1.1017768 106.10088 0.74500865 -0.0019431518 0.667052 -9.052805e-05
26475000.0 16.290016 -1.1009076 106.07774 0.7449576 -0.0024846827 0.66710716 9.1057125e-05
26525000.0 16.523994 -1.1039582 106.05468 0.7451667 -0.0032555296 0.6668703 0.00013855309
26575000.0 16.757347 -1.1064875 106.02977 0.7451019 -0.0038347829 0.66693944 0.0004971025
26625000.0 17.000305 -1.1095301 106.004776 0.74513924 -0.0045173853 0.66689336 0.00070215226
26675000.0 17.23922 -1.1142589 105.97723 0.7450811 -0.0053454023 0.66695166 0.0010026295
26725000.0 17.491951 -1.1211355 105.95197 0.7451142 -0.005840885 0.6669104 0.0011264858
26775000.0 17.73613 -1.1248566 105.92813 0.7452848 -0.005961076 0.66671807 0.0014429584
26825000.0 17.988388 -1.1345729 105.898506 0.7451814 -0.005299624 0.6668397 0.0012312247
26875000.0 18.260506 -1.1353083 105.86531 0.745147 -0.0051553883 0.6668788 0.0014719511
26925000.0 18.52079 -1.1389952 105.83553 0.74511915 -0.0050888998 0.666911 0.0011696456
26975000.0 18.78849 -1.1411645 105.80508 0.74516016 -0.004871361 0.6668668 0.001196685
27025000.0 19.060928 -1.1425034 105.77716 0.74524283 -0.0048749032 0.6667748 0.000923795
27075000.0 19.335289 -1.1463798 105.747284 0.74528104 -0.004580647 0.6667344 0.00064665254
27125000.0 19.63478 -1.1515471 105.71725 0.745354 -0.0044179284 0.6666543 0.00022947793
27175000.0 19.91378 -1.1594422 105.686295 0.74530905 -0.0038013721 0.66670823 -0.00033556434
27225000.0 20.204056 -1.1599292 105.65196 0.74538344 -0.003834407 0.6666247 -0.00065048214
27275000.0 20.502235 -1.1554413 105.619576 0.7454388 -0.004729253 0.6665572 -0.00032384438
27325000.0 20.790009 -1.1556611 105.58853 0.74543464 -0.005168492 0.66655874 0.00029250464
27375000.0 21.095757 -1.1596726 105.55637 0.7454446 -0.005616434 0.6665439 0.0004497651
27425000.0 21.406921 -1.1600962 105.51571 0.74536866 -0.005750098 0.6666275 0.0005695817
27475000.0 21.709717 -1.1669925 105.47943 0.7452815 -0.005492942 0.6667271 0.0005995713
27525000.0 22.020622 -1.1693809 105.44733 0.74525875 -0.005555244 0.66675204 0.00054881326
27575000.0 22.315125 -1.1778886 105.415 0.7451895 -0.005622169 0.666829 0.0004541915
27625000.0 22.638435 -1.1815474 105.38447 0.7451401 -0.005641003 0.66688406 0.00030049638
27675000.0 22.951057 -1.1873564 105.34828 0.74500746 -0.005792458 0.66703105 0.00013122096
27725000.0 23.276321 -1.1927943 105.31215 0.7450164 -0.0059323385 0.66701984 0.00014191821
27775000.0 23.59076 -1.199547 105.280754 0.74496424 -0.00587285 0.6670786 2.481862e-05
27825000.0 23.907951 -1.205808 105.246216 0.74487025 -0.005988879 0.66718256 6.179386e-05
27875000.0 24.231194 -1.2109445 105.217125 0.74489796 -0.006086512 0.6671507 0.00015330981
27925000.0 24.564827 -1.2167318 105.17859 0.7448002 -0.0063133505 0.66725767 0.0002700248
27975000.0 24.89283 -1.2254044 105.1396 0.74474454 -0.0062014987 0.6673207 0.00047525507
28025000.0 25.218796 -1.2314843 105.10441 0.74472415 -0.0059584556 0.6673455 0.0007514648
28075000.0 25.545921 -1.2360177 105.067085 0.7445792 -0.0060772966 0.66750604 0.00084643334
28125000.0 25.868294 -1.2455109 105.03312 0.7446092 -0.0060076877 0.66747296 0.0009678911
28175000.0 26.20723 -1.2562557 104.99581 0.7445924 -0.0060143406 0.66749173 0.000898748
28225000.0 26.532173 -1.2646337 104.95812 0.74445426 -0.005801906 0.6676475 0.0010654641
28275000.0 26.864464 -1.2730509 104.9251 0.7443725 -0.005776129 0.6677389 0.0010778081
28325000.0 27.19236 -1.2820859 104.89404 0.7443754 -0.005717258 0.6677358 0.0011876425
28375000.0 27.534088 -1.2911258 104.851425 0.7442234 -0.0055781407 0.667906 0.0014223267
28425000.0 27.863678 -1.2947428 104.81891 0.7441978 -0.0057333503 0.66793257 0.0016838401
28475000.0 28.20105 -1.3041683 104.78149 0.7439955 -0.005450468 0.66815966 0.0019228457
28525000.0 28.541824 -1.31163 104.7469 0.74401796 -0.0053861514 0.6681345 0.0021571454
28575000.0 28.877823 -1.3222617 104.705185 0.7438596 -0.00484755 0.6683146 0.002256989
28625000.0 29.215569 -1.3315395 104.66982 0.74377257 -0.0042919824 0.66841483 0.0023551534
28675000.0 29.543472 -1.3378788 104.63517 0.74372935 -0.004135909 0.66846454 0.0021848946
28725000.0 29.896095 -1.3429997 104.59949 0.7437304 -0.0040765177 0.668464 0.0020981566
28775000.0 30.222961 -1.3510865 104.56647 0.74374187 -0.0044569257 0.6684498 0.0017826346
28825000.0 30.561974 -1.3611748 104.52666 0.74373174 -0.0049539753 0.66845787 0.0016317216
28875000.0 30.892395 -1.3732662 104.49144 0.7436273 -0.005276056 0.6685709 0.0018923051
28925000.0 31.223053 -1.3822078 104.45024 0.7434557 -0.0061055236 0.6687541 0.0020772966
28975000.0 31.563911 -1.3865004 104.41908 0.7434465 -0.0070424923 0.66875285 0.0027338988
29025000.0 31.918945 -1.3909913 104.384415 0.7433279 -0.00795237 0.66887134 0.0033972806
29075000.0 32.256844 -1.3979774 104.34702 0.7432722 -0.008396122 0.6689227 0.004284871
29125000.0 32.59134 -1.4051601 104.309456 0.74315953 -0.00857916 0.6690417 0.004843316
29175000.0 32.942245 -1.4146506 104.277 0.7431885 -0.009089065 0.669003 0.004828772
29225000.0 33.283142 -1.4218023 104.2423 0.74324524 -0.009338964 0.6689373 0.004710121
29275000.0 33.605774 -1.4397836 104.21117 0.74327993 -0.009410183 0.6689024 0.0040132413
29325000.0 33.945587 -1.4440671 104.173676 0.7431808 -0.009725555 0.66901374 0.0029017404
29375000.0 34.277428 -1.4559101 104.143265 0.7431854 -0.010023 0.6690087 0.0015864169
29425000.0 34.60891 -1.4616625 104.113014 0.7431318 -0.010363008 0.6690644 0.00081296667
29475000.0 34.958443 -1.4667193 104.08468 0.7430676 -0.0111004235 0.6691243 0.000112750306
29525000.0 35.28483 -1.4739863 104.05263 0.7428668 -0.011210534 0.6693454 -0.00018153322
29575000.0 35.62124 -1.4946887 104.01278 0.7427907 -0.010540784 0.66944075 -5.069106e-05
29625000.0 35.95272 -1.5022274 103.98204 0.74276173 -0.010434867 0.66947436 0.0005264226
29675000.0 36.2892 -1.5113702 103.94671 0.74281406 -0.01083768 0.6694087 0.0013581053
29725000.0 36.61882 -1.5254819 103.913185 0.7428303 -0.011455763 0.6693791 0.0018983011
29775000.0 36.95704 -1.534087 103.87445 0.7428529 -0.011794644 0.66934526 0.002711983
29825000.0 37.29187 -1.545384 103.83738 0.7430951 -0.012167317 0.6690672 0.003295743
29875000.0 37.625824 -1.5562084 103.80117 0.7431369 -0.012786834 0.66900843 0.0034391526
29925000.0 37.958565 -1.5652609 103.77019 0.7432191 -0.0136690345 0.66889864 0.0036444722
29975000.0 38.292755 -1.5726787 103.73299 0.74331564 -0.013459422 0.6687919 0.004268015
30025000.0 38.620674 -1.590833 103.69952 0.7432336 -0.012506845 0.668903 0.0040210043
30075000.0 38.957664 -1.6052527 103.66725 0.74329925 -0.012024329 0.668845 0.0028497807
30125000.0 39.294876 -1.6149096 103.63543 0.7434189 -0.011475125 0.66872495 0.0019091206
30175000.0 39.626785 -1.6218593 103.601685 0.7436066 -0.010846729 0.6685279 0.0014262785
30225000.0 39.97043 -1.6320016 103.57268 0.74368113 -0.009633241 0.66846484 0.000670976
30275000.0 40.299263 -1.641125 103.52672 0.743644 -0.00734882 0.6685355 0.00027087415
30325000.0 40.63021 -1.6488428 103.48827 0.74374443 -0.00549104 0.66844153 -0.00012354624
30375000.0 40.963158 -1.6501656 103.445694 0.743852 -0.0038976814 0.6683329 -0.0004172
30425000.0 41.31539 -1.6523219 103.417114 0.74420625 -0.0028370337 0.66794384 -0.00019565667
30475000.0 41.643898 -1.6633345 103.38167 0.744372 -0.0021437062 0.66776174 -6.5780005e-05
30525000.0 41.986015 -1.6714994 103.33603 0.74471307 -0.0025011818 0.66738 -0.00045757843
30575000.0 42.31485 -1.6779785 103.30641 0.74488693 -0.0027743317 0.6671849 -0.00043047944
30625000.0 42.661026 -1.6883738 103.26514 0.74497586 -0.0030459568 0.6670845 -8.562358e-05
30675000.0 42.99173 -1.6911489 103.22772 0.745002 -0.0036861522 0.66705173 0.00073596806
30725000.0 43.341293 -1.6938393 103.18616 0.7448853 -0.003140968 0.66718215 0.002015516
30775000.0 43.672638 -1.7035903 103.12966 0.7449316 -0.0018006245 0.6671287 0.003609363
30825000.0 44.002815 -1.7106552 103.08792 0.7450611 -0.00066288165 0.66697806 0.0048896354
30875000.0 44.351517 -1.7115076 103.04993 0.74514705 0.00023501457 0.6668695 0.0063992892
30925000.0 44.68579 -1.7245517 103.00488 0.7452894 0.00059489504 0.6667077 0.0066583017
30975000.0 45.021286 -1.7295837 102.96373 0.745444 0.00039266478 0.66653085 0.007060873
31025000.0 45.34912 -1.7514538 102.92441 0.7456464 -0.0006412861 0.666306 0.006882327
31075000.0 45.68193 -1.7586408 102.88905 0.74572647 -0.0020403168 0.6662114 0.0070867827
31125000.0 46.01426 -1.7717115 102.856964 0.74555385 -0.0030825068 0.6663879 0.008191464
31175000.0 46.361282 -1.7780837 102.81554 0.74523526 -0.004056217 0.6667206 0.009576612
31225000.0 46.68534 -1.7866929 102.77844 0.7450769 -0.004865539 0.6668769 0.010584921
31275000.0 47.019096 -1.8096879 102.74272 0.7450298 -0.0050979853 0.666912 0.011537973
31325000.0 47.356308 -1.8193681 102.70592 0.745114 -0.0053190826 0.6668073 0.012035526
31375000.0 47.698875 -1.8300015 102.67685 0.74530125 -0.0051796045 0.6666059 0.011659753
31425000.0 48.02971 -1.834933 102.63482 0.7453559 -0.0054784124 0.6665631 0.010409798
31475000.0 48.37526 -1.858099 102.594574 0.74520785 -0.0054661813 0.6667465 0.009192779
31525000.0 48.70691 -1.8638897 102.57828 0.7454938 -0.0066873548 0.66643584 0.0075827865
31575000.0 49.047653 -1.8766251 102.5433 0.7454079 -0.007363334 0.6665385 0.0062809107
31625000.0 49.382935 -1.8827348 102.50903 0.7452764 -0.007940517 0.666686 0.0054707085
31675000.0 49.723923 -1.8948443 102.48135 0.7453067 -0.008121072 0.66665566 0.004731785
31725000.0 50.06527 -1.9017965 102.43844 0.74502814 -0.008087892 0.66696775 0.004658007
31775000.0 50.394066 -1.9202148 102.39545 0.7449317 -0.0076843067 0.6670834 0.004183201
31825000.0 50.729004 -1.9258283 102.35913 0.74491245 -0.007545368 0.66710943 0.003695797
31875000.0 51.075752 -1.9309361 102.32226 0.7450092 -0.007065409 0.667009 0.0032398375
31925000.0 51.417244 -1.9321852 102.28615 0.7451917 -0.006834807 0.66681147 0.0022821976
31975000.0 51.763847 -1.9378211 102.24528 0.74529725 -0.0060188533 0.6667033 0.0016204598
32025000.0 52.095703 -1.9531183 102.21565 0.7456072 -0.0057401173 0.66636056 0.00085672113
32075000.0 52.44191 -1.9586806 102.17752 0.74557835 -0.0060985847 0.6663896 0.0008579426
32125000.0 52.78109 -1.9697069 102.136475 0.7455661 -0.0058455626 0.66640407 0.0016414608
32175000.0 53.114166 -1.9705081 102.09508 0.74564123 -0.005603514 0.66631895 0.0026267092
32225000.0 53.449974 -1.9850478 102.060616 0.74570864 -0.005753744 0.66624385 0.0021514997
32275000.0 53.803154 -1.9880397 102.01289 0.74567246 -0.0067940075 0.66627514 0.0020045673
32325000.0 54.1364 -1.9965217 101.97925 0.7457542 -0.0076726917 0.6661759 0.0012612628
32375000.0 54.48082 -1.9993356 101.949066 0.74579877 -0.008279733 0.6661197 0.0005098358
32425000.0 54.82377 -2.0046496 101.90427 0.7455697 -0.008167077 0.6663777 -1.339114e-05
32475000.0 55.16751 -2.0159497 101.86982 0.7456823 -0.007863592 0.6662552 -0.00042714947
32525000.0 55.50285 -2.0275712 101.82682 0.74549496 -0.00659153 0.6664782 0.0007760863
32575000.0 55.84054 -2.03686 101.78711 0.7454049 -0.006345695 0.6665788 0.001997304
32625000.0 56.190567 -2.0436394 101.744385 0.74541545 -0.0069970083 0.66656005 0.0021516168
32675000.0 56.522083 -2.055671 101.70933 0.745647 -0.008201102 0.6662886 0.0016597037
32725000.0 56.86159 -2.0732293 101.674484 0.7461424 -0.008933913 0.66572547 0.0012070426
32775000.0 57.209522 -2.0761595 101.63895 0.7463099 -0.00969349 0.66552633 0.001534756
32825000.0 57.54903 -2.0893269 101.603775 0.7464135 -0.0097109 0.6654107 0.0011352561
32875000.0 57.898426 -2.0923195 101.56224 0.7463124 -0.009143796 0.66553235 0.0009818306
32925000.0 58.22806 -2.1072128 101.525406 0.74625605 -0.0073033567 0.6656163 0.001911955
32975000.0 58.574673 -2.1092737 101.47232 0.7460844 -0.0055943984 0.66582155 0.0029274644
33025000.0 58.924946 -2.132758 101.433975 0.74631834 -0.0033213361 0.66557217 0.0034068604
33075000.0 59.265297 -2.1427436 101.391235 0.74658257 -0.0017381357 0.66528004 0.0037493885
33125000.0 59.61383 -2.1436405 101.351204 0.74695176 -0.001097201 0.6648664 0.0038207327
33175000.0 59.953636 -2.1524181 101.313995 0.7472337 -0.00089432567 0.6645517 0.0034846158
33225000.0 60.2987 -2.1561654 101.26948 0.7473174 -0.00013606592 0.66445357 0.0042759883
33275000.0 60.6573 -2.1807837 101.228165 0.74742484 0.0013269407 0.66432685 0.004928299
33325000.0 60.995327 -2.1874874 101.18831 0.74746233 0.0013035593 0.6642846 0.0049345377
33375000.0 61.34094 -2.189918 101.156624 0.7476656 -9.512729e-05 0.664063 0.0040707486
33425000.0 61.68575 -2.19216 101.120155 0.7478141 -0.0016905498 0.663896 0.0036501703
33475000.0 62.024635 -2.2018075 101.08099 0.7479129 -0.002796007 0.663781 0.0036433998
33525000.0 62.387222 -2.210383 101.04167 0.74788386 -0.0036993946 0.6638105 0.0034188267
33575000.0 62.728928 -2.2166023 101.00534 0.74779946 -0.0051088645 0.6638965 0.0033689237
33625000.0 63.069637 -2.2248409 100.96575 0.7476123 -0.0059206584 0.66409034 0.0049933116
33675000.0 63.415833 -2.2312677 100.91972 0.7474119 -0.006860098 0.66428775 0.0070943236
33725000.0 63.762383 -2.2498858 100.87431 0.74740297 -0.008187412 0.6642701 0.008188701
33775000.0 64.10455 -2.257578 100.8366 0.74766153 -0.010629844 0.66394365 0.008258898
33825000.0 64.43712 -2.2706802 100.80254 0.74805135 -0.012853455 0.6634701 0.007835666
33875000.0 64.78262 -2.2833555 100.76668 0.7482305 -0.014070844 0.6632349 0.00852391
33925000.0 65.11732 -2.294441 100.73155 0.7482945 -0.015234797 0.66312987 0.009057626
33975000.0 65.48361 -2.3165066 100.68221 0.7481211 -0.015190968 0.663327 0.009020528
34025000.0 65.816666 -2.3311596 100.64262 0.7481237 -0.014806319 0.66332877 0.009310324
34075000.0 66.16237 -2.345986 100.599106 0.74819297 -0.013684799 0.6632663 0.009893933
34125000.0 66.499756 -2.356825 100.555695 0.74826074 -0.0128878625 0.663205 0.009944134
34175000.0 66.86313 -2.3761718 100.50808 0.7483518 -0.011761843 0.663128 0.009618114
34225000.0 67.20042 -2.3889358 100.46664 0.7486317 -0.010934736 0.662829 0.0094276825
34275000.0 67.539215 -2.4033856 100.425 0.7488547 -0.010316574 0.66258824 0.009334598
34325000.0 67.88345 -2.4185069 100.38551 0.7489913 -0.010480008 0.6624368 0.008933257
34375000.0 68.21795 -2.4279997 100.343994 0.74887604 -0.010325827 0.6625675 0.009081193
34425000.0 68.57434 -2.4480476 100.306274 0.74892056 -0.0098906625 0.66252464 0.009016199
34475000.0 68.90904 -2.4610133 100.26243 0.7488645 -0.009288195 0.6625972 0.008989597
34525000.0 69.23503 -2.4720566 100.22908 0.7489476 -0.0087569365 0.66251075 0.0089630075
34575000.0 69.56271 -2.4873295 100.18213 0.7487726 -0.008186383 0.6627171 0.008865542
34625000.0 69.885025 -2.499552 100.140724 0.74861544 -0.007882371 0.662902 0.008591805
34675000.0 70.201256 -2.514233 100.10293 0.74860567 -0.0076166512 0.66292083 0.008220828
34725000.0 70.53403 -2.5247722 100.069855 0.7486332 -0.007370668 0.66289735 0.007818015
34775000.0 70.83865 -2.53817 100.03344 0.74851954 -0.0073326128 0.6630336 0.0071562193
34825000.0 71.1517 -2.5452862 99.99751 0.74849796 -0.0074116806 0.6630589 0.006985717
34875000.0 71.44621 -2.5595918 99.96778 0.74848485 -0.007577383 0.6630757 0.006601681
34925000.0 71.738205 -2.5686958 99.93469 0.7484311 -0.007663043 0.6631339 0.006757823
