41197.866216216215 -0.0 -0.0 -0.0 -0.0 -0.0 1.0 -0.0
91214.8662162162 0.0013975854 0.0044746385 -0.0062545524 -0.0021283163 0.0024378044 0.9999943 0.0010021275
141231.6162162162 -0.00072346 -0.006764131 -0.02612145 -0.0006192212 0.0012896449 0.999999 -0.00023383439
191248.6162162162 -0.00072346 -0.006764131 -0.02612145 -0.0006192212 0.0012896449 0.999999 -0.00023383439
241265.6162162162 0.003731843 -0.0067883204 -0.026030567 0.0005910615 0.003611701 0.9999933 0.00015269026
291283.61621621624 -0.008800751 -0.01643134 -0.026231056 0.0029038058 0.0036990352 0.99998796 -0.0014174167
341300.61621621624 -0.008800751 -0.01643134 -0.026231056 0.0029038058 0.0036990352 0.99998796 -0.0014174167
391317.61621621624 -0.032607906 -0.0048907786 -0.0009361548 0.0021211337 0.0042968453 0.99998844 -0.0005552762
441334.61621621624 -0.032607906 -0.0048907786 -0.0009361548 0.0021211337 0.0042968453 0.99998844 -0.0005552762
491352.86621621624 -0.032607906 -0.0048907786 -0.0009361548 0.0021211337 0.0042968453 0.99998844 -0.0005552762
541369.8662162162 -0.032607906 -0.0048907786 -0.0009361548 0.0021211337 0.0042968453 0.99998844 -0.0005552762
591386.6162162162 -0.054169443 -0.009909593 -0.0028015592 -0.0074098576 0.0022387423 0.9999692 -0.0013350442
641403.6162162162 -0.054169443 -0.009909593 -0.0028015592 -0.0074098576 0.0022387423 0.9999692 -0.0013350442
691421.6162162162 -0.054169443 -0.009909593 -0.0028015592 -0.0074098576 0.0022387423 0.9999692 -0.0013350442
741438.6162162162 -0.07462921 -0.02845503 -0.008966495 -0.014518927 0.0010279684 0.9998876 0.00361142
791455.6162162162 -0.06458925 -0.046310958 -0.005791027 -0.01630151 0.0028678032 0.99985623 0.0036894118
841472.6162162162 -0.06124576 -0.054263968 -0.010025625 -0.015856497 0.0034239462 0.99986154 0.0037187408
891489.8662162162 -0.050488353 -0.06746628 -0.0009435419 -0.014872575 0.0050024027 0.9998763 0.0011071473
941507.8662162162 -0.042845882 -0.07717145 -0.0012841912 -0.015567114 0.008348816 0.9998408 0.0025408743
991524.6162162162 -0.025160491 -0.08671073 -0.0052127102 -0.01758731 0.0073411656 0.9998172 0.0015567528
1041541.6162162162 -0.01733159 -0.09391988 -0.0010910525 -0.011778251 0.0078964345 0.99989945 0.00025221644
1091558.6162162162 0.0019948995 -0.10232876 0.0018934392 -0.008062331 0.0028388717 0.9998579 0.014531254
1141576.6162162162 0.015181954 -0.10397964 -0.0016244139 -0.0031856128 0.0026808893 0.99985105 0.016754253
1191593.6162162162 0.025025828 -0.11102588 -0.0005474926 0.0045508193 0.0025819668 0.99987614 0.014847232
1241610.6162162162 0.04138254 -0.108591765 -0.00084064866 0.009859002 0.002860734 0.9998246 0.015666587
1291627.6162162162 0.05679329 -0.10301504 -0.0034273588 0.016665991 0.0037356257 0.9997227 0.016211055
1341645.8662162162 0.07132167 -0.10120092 -0.007902383 0.025343265 0.0040018903 0.99956656 0.014436931
1391662.8662162162 0.084499635 -0.0983744 -0.009903697 0.03146144 0.0041317516 0.9994179 0.0125282565
1441679.6162162162 0.103370346 -0.08132506 -0.009267627 0.04124273 0.0039125816 0.9990713 0.011843069
1491696.6162162162 0.115094334 -0.072989695 -0.01354339 0.0450527 0.0043471777 0.9989129 0.011156675
1541714.6162162162 0.12368579 -0.0648229 -0.01831776 0.04824461 0.005566852 0.99876696 0.010299529
1591731.6162162162 0.13121505 -0.057552997 -0.017768325 0.049814392 0.006949225 0.99870414 0.007768764
1641748.6162162162 0.13369223 -0.047477372 -0.020730788 0.05070468 0.006907489 0.99867517 0.005418939
1691765.6162162162 0.13266984 -0.02873985 -0.023219094 0.05047627 0.007941309 0.9986819 0.004864591
1741782.6162162162 0.12626043 -0.018653264 -0.017004775 0.050381217 0.009632277 0.9986807 0.0024249614
1791800.8662162162 0.1181329 -0.0019279756 -0.01971969 0.048307974 0.009850365 0.9987819 0.0020140246
1841817.8662162162 0.101547554 0.010345422 -0.0137251355 0.047498394 0.009791823 0.99882334 0.00019586865
1891834.6162162162 0.08925692 0.022557503 -0.00485886 0.043803677 0.009138519 0.9989984 -0.00026271507
1941851.6162162162 0.07729686 0.033324387 -0.002914404 0.040116876 0.009802468 0.9991463 -0.00113603
1991869.6162162162 0.06269884 0.04498712 -0.0021811519 0.034870494 0.008434895 0.99935615 -0.0005674185
2041886.6162162162 0.037592854 0.045644958 -0.0011337735 0.030773992 0.00561211 0.99950945 -0.001555549
2091903.6162162162 0.015980238 0.04591625 0.0027144859 0.027721103 0.0031386407 0.9996103 0.0010217655
2141920.6162162162 -0.006063408 0.050239354 0.008353868 0.024865013 0.0001508752 0.99968565 0.0032086875
2191938.8662162162 -0.012568177 0.018335024 0.009844168 0.017683476 -0.0034673258 0.9998327 -0.0031616783
2241955.8662162162 -0.038237363 0.012611884 0.014993092 0.0136080785 -0.00692011 0.999873 -0.0045902724
2291972.6162162162 -0.05849788 0.008889793 0.020038148 0.008637291 -0.009048641 0.9999073 -0.0053714435
2341989.6162162162 -0.078176625 -0.0019960203 0.029589934 0.0038245176 -0.011270722 0.9998934 -0.008458824
2392007.6162162162 -0.09053755 -0.0120903645 0.030990131 -0.0040731016 -0.011693027 0.99986833 -0.010493874
2442024.6162162162 -0.10561067 -0.024170883 0.035341527 -0.010230044 -0.012238824 0.9997994 -0.012113518
2492041.6162162162 -0.12143915 -0.04187376 0.037063163 -0.014420885 -0.010381171 0.9997573 -0.013027332
2542058.6162162162 -0.12887305 -0.056302864 0.03502291 -0.018772284 -0.008659446 0.99970347 -0.012872065
2592075.6162162162 -0.12679826 -0.067851946 0.040972777 -0.025293054 -0.00774474 0.9995854 -0.011378826
2642093.8662162162 -0.1316452 -0.083715566 0.03918731 -0.028555343 -0.007164792 0.99950945 -0.010682323
2692110.8662162162 -0.13645665 -0.10283544 0.03912259 -0.03031252 -0.0065671853 0.99947083 -0.009801701
2742127.6162162162 -0.12195425 -0.12031822 0.03604126 -0.033684593 -0.006239236 0.99938107 -0.007994506
2792144.6162162162 -0.11081162 -0.13349159 0.034231164 -0.033906236 -0.0043867594 0.99939764 -0.0059631183
2842162.6162162162 -0.094450004 -0.15097705 0.029127887 -0.033197165 -0.0027419804 0.99942577 -0.0062076002
2892179.6162162162 -0.0817247 -0.16072407 0.028692236 -0.029610353 -0.0024610471 0.99954087 -0.005945904
2942196.6162162162 -0.06918247 -0.171114 0.027295722 -0.024793793 -0.0011028534 0.9996529 -0.008839526
2992213.6162162162 -0.05652569 -0.18015252 0.026788149 -0.017507149 -0.0014161036 0.9997769 -0.011731803
3042231.8662162162 -0.037704285 -0.18503582 0.024163703 -0.010132341 -0.0006542015 0.99984705 -0.014242515
3092248.8662162162 -0.024363026 -0.18863697 0.020906862 -0.0028339482 -0.0029664931 0.99987334 -0.015383119
3142265.8662162162 -0.0141789075 -0.1815364 0.012902153 0.0053758887 -0.0056524705 0.99987674 -0.013629168
3192282.6162162162 -0.0021459155 -0.17135575 0.00648645 0.011806455 -0.005428353 0.9998405 -0.012257698
3242299.6162162162 0.005473683 -0.16024871 0.0062687797 0.01808454 -0.0062980102 0.9997478 -0.011735159
3292317.6162162162 0.015922407 -0.149574 0.002093525 0.023515934 -0.0056402097 0.99963146 -0.012337704
3342334.6162162162 0.033784952 -0.13013501 8.098379e-05 0.027127407 -0.002887165 0.9995366 -0.013509713
3392351.6162162162 0.042979803 -0.11703155 0.0044803247 0.03214246 0.0007385431 0.9993216 -0.017967967
3442368.6162162162 0.04961864 -0.09616879 -0.0020289167 0.03601479 0.0034445187 0.99913555 -0.020477245
3492386.8662162162 0.058642466 -0.07465728 0.00270191 0.03784147 0.0069480324 0.99900234 -0.022674328
3542403.8662162162 0.055242974 -0.049389277 0.0075366385 0.0397871 0.009796679 0.9988853 -0.023438418
3592420.6162162162 0.04586067 -0.03596247 0.010036201 0.03903524 0.0100547755 0.99887234 -0.025086688
3642437.6162162162 0.041904494 -0.020783952 0.017804803 0.038780123 0.0115736015 0.9988435 -0.025958676
3692455.6162162162 0.02799175 -0.011128538 0.025808396 0.037446044 0.011587326 0.998875 -0.026688846
3742472.6162162162 0.021159478 -0.0003617761 0.035333205 0.034836292 0.008753808 0.9990208 -0.025829874
3792489.6162162162 0.0129524125 0.010174475 0.03579162 0.030359834 0.008861513 0.999236 -0.022961602
3842506.6162162162 -0.006506615 0.006294112 0.045858398 0.026981127 0.0046891896 0.99935573 -0.02320114
3892523.6162162162 -0.021574222 0.001205493 0.046296053 0.022988042 0.0019890713 0.99950457 -0.02140838
3942541.8662162162 -0.03768991 -0.0041288044 0.05171339 0.020617574 8.443185e-05 0.9996055 -0.01907312
3992558.8662162162 -0.05389118 -0.0064470377 0.05236707 0.0179909 -0.0021058645 0.9997151 -0.015545901
4042575.6162162162 -0.07225219 -0.023128666 0.05858314 0.014008054 -0.0031100018 0.9997961 -0.014210919
4092592.6162162162 -0.09217545 -0.03699265 0.061383195 0.007488987 -0.0043747085 0.9998798 -0.012856684
4142610.6162162162 -0.11022014 -0.051659662 0.06616917 0.0012299749 -0.00526545 0.9999126 -0.012063606
4192627.6162162162 -0.13025568 -0.065344796 0.065184414 -0.004609603 -0.0066479105 0.9999119 -0.010526695
4242644.616216216 -0.13652475 -0.08648592 0.069675885 -0.013924902 -0.0061061312 0.99982774 -0.010643785
4292661.616216216 -0.14952621 -0.108792424 0.070915945 -0.02272773 -0.0054719737 0.99966943 -0.010704002
4342679.866216216 -0.15567097 -0.12836131 0.07312736 -0.033645697 -0.0034095964 0.99938595 -0.009176729
4392696.866216216 -0.1612402 -0.1464203 0.07655339 -0.041381374 -0.0008847098 0.9991179 -0.0070873243
4442713.866216216 -0.16561662 -0.16827233 0.074656345 -0.04585908 -0.0008565645 0.99893683 -0.004631993
4492730.616216216 -0.16650276 -0.18177141 0.069796376 -0.048064955 -0.0013518053 0.998843 -0.00077138894
4542748.616216216 -0.16554633 -0.1973375 0.07558407 -0.04686655 -0.002528232 0.9988969 0.0014836324
4592765.616216216 -0.1501627 -0.21174273 0.074164085 -0.047979135 -0.0037268419 0.99883443 0.0037356259
4642782.616216216 -0.13809444 -0.22205085 0.07802921 -0.047834132 -0.007287791 0.99881834 0.0045673433
4692799.616216216 -0.11532308 -0.223095 0.07319813 -0.047731612 -0.009549625 0.99879587 0.0061210734
4742816.616216216 -0.09733161 -0.2281427 0.07663059 -0.0460324 -0.0124648 0.99885386 0.0040760986
4792834.866216216 -0.082742594 -0.22590305 0.07953672 -0.04201083 -0.015518088 0.998987 0.004383381
4842851.866216216 -0.06944277 -0.22406591 0.07836464 -0.038964186 -0.018444803 0.999064 0.0035660178
4892868.616216216 -0.049193133 -0.22237983 0.07730723 -0.037088294 -0.020089049 0.9991052 0.0031218196
4942885.616216216 -0.033683576 -0.21183074 0.074024744 -0.03463991 -0.02157201 0.99915725 0.004418912
4992903.616216216 -0.020975433 -0.20346522 0.06424015 -0.032055754 -0.02174099 0.9992423 0.0038248207
5042920.616216216 -0.003617575 -0.193773 0.05617717 -0.029850423 -0.020853924 0.9993328 0.0028494885
5092937.616216216 0.0082746055 -0.17460294 0.055133387 -0.027544443 -0.01864201 0.9994459 0.00131354
5142954.616216216 0.02298626 -0.15387821 0.043852612 -0.026587319 -0.01597792 0.9995187 -0.00042763638
5192972.866216216 0.028934415 -0.13320464 0.0426219 -0.025120191 -0.015410336 0.9995568 -0.0042210114
5242989.866216216 0.029012267 -0.11009069 0.04277096 -0.023112744 -0.013405729 0.9996175 -0.0071401466
5293006.866216216 0.031103052 -0.084812984 0.039672133 -0.022117166 -0.014367958 0.99960196 -0.010015471
5343023.616216216 0.02572881 -0.062299695 0.04370236 -0.019379588 -0.014698434 0.9996209 -0.01290199
5393040.616216216 0.008818639 -0.043131333 0.04325652 -0.017680313 -0.016823212 0.999567 -0.016439643
5443058.616216216 -0.005428533 -0.02325664 0.04942158 -0.020863585 -0.019565452 0.99941164 -0.01892884
5493075.616216216 -0.020298569 -0.008716953 0.05318712 -0.02496572 -0.01971742 0.9992424 -0.022417253
5543092.616216216 -0.03623991 0.0014423322 0.054895714 -0.027466629 -0.021374851 0.9990482 -0.026297595
5593109.616216216 -0.0545611 0.0058391155 0.056214698 -0.029393911 -0.021968078 0.9988667 -0.030311598
5643127.866216216 -0.072633706 0.012124718 0.058113378 -0.03280479 -0.02250161 0.9986526 -0.03332466
5693144.866216216 -0.087583326 0.011430345 0.05759659 -0.040675 -0.023598813 0.9982061 -0.037058387
5743161.866216216 -0.11106571 0.007974228 0.05843425 -0.05053269 -0.02442287 0.99759376 -0.040702503
5793178.616216216 -0.1282164 -0.001901322 0.061995722 -0.06311505 -0.026087364 0.9966212 -0.045630373
5843196.616216216 -0.15561508 -0.006896099 0.06294626 -0.07271273 -0.028610928 0.9957546 -0.04865222
5893213.616216216 -0.17731197 -0.01980056 0.06362443 -0.081884205 -0.03125362 0.9948106 -0.05167326
5943230.616216216 -0.19967398 -0.035322707 0.062647 -0.0898726 -0.032843366 0.9940056 -0.052888114
5993247.616216216 -0.21741022 -0.056047034 0.0599966 -0.09728099 -0.03282456 0.99335593 -0.051990237
6043265.866216216 -0.2312937 -0.07871483 0.057510052 -0.10300599 -0.03143901 0.9929825 -0.048859227
6093282.866216216 -0.24036923 -0.10303328 0.053402532 -0.10429554 -0.029682525 0.9931532 -0.04345349
6143299.866216216 -0.2414164 -0.12920652 0.05752413 -0.106073014 -0.025731985 0.9933065 -0.037795816
6193316.616216216 -0.23703565 -0.15217453 0.05499556 -0.10707677 -0.021557325 0.9935456 -0.030612098
6243333.616216216 -0.22728336 -0.17377469 0.054596256 -0.10585557 -0.016066866 0.9939744 -0.023482205
6293351.616216216 -0.21458994 -0.20005922 0.05576734 -0.10220807 -0.011906995 0.99450934 -0.01905098
6343368.616216216 -0.19838782 -0.21187039 0.0562393 -0.094641164 -0.009375097 0.99538106 -0.0131072225
6393385.616216216 -0.1811486 -0.21724479 0.062158357 -0.08463941 -0.0088878535 0.996333 -0.008820421
6443402.616216216 -0.16396026 -0.22354712 0.06263347 -0.0737537 -0.008753841 0.99721736 -0.006427234
6493420.866216216 -0.14631055 -0.22546822 0.06470505 -0.06436115 -0.009345293 0.9978663 -0.0057735196
6543437.866216216 -0.12949929 -0.22529514 0.069435254 -0.054945223 -0.010723491 0.99840766 -0.006943125
6593454.866216216 -0.11481223 -0.21860856 0.06909141 -0.046889197 -0.011963332 0.99879134 -0.008613645
6643471.616216216 -0.09506705 -0.20545854 0.069505066 -0.0397098 -0.011376869 0.9990954 -0.010107903
6693489.616216216 -0.0773096 -0.18982966 0.071746014 -0.03392591 -0.010736691 0.9992857 -0.012723651
6743506.616216216 -0.06757172 -0.17177063 0.06910527 -0.027929464 -0.011787049 0.99942183 -0.015393424
6793523.616216216 -0.05614215 -0.15010284 0.067731954 -0.023037514 -0.011659566 0.9994783 -0.019404456
6843540.616216216 -0.045909908 -0.122772306 0.06713601 -0.018903647 -0.010539474 0.9994838 -0.023741862
6893557.616216216 -0.047070537 -0.09658076 0.0746986 -0.0154488105 -0.009531693 0.99935 -0.03114573
6943575.866216216 -0.044869952 -0.067775436 0.076345615 -0.014454346 -0.009015435 0.9991113 -0.0385557
6993592.866216216 -0.049067464 -0.042798817 0.082677424 -0.01212535 -0.009581272 0.998805 -0.046366673
7043609.866216216 -0.05648127 -0.017946744 0.09040382 -0.011769905 -0.010333688 0.99844235 -0.053549495
7093626.616216216 -0.066070125 0.008884174 0.09460448 -0.0136060435 -0.0098040225 0.99813414 -0.058711424
7143644.616216216 -0.075303055 0.029519815 0.10425825 -0.019059064 -0.01084149 0.9976354 -0.06513748
7193661.616216216 -0.09405112 0.04423694 0.10912614 -0.025044322 -0.011172136 0.9970695 -0.07141735
7243678.616216216 -0.10985933 0.055922233 0.11165445 -0.03344806 -0.011744572 0.9964187 -0.07676698
7293695.616216216 -0.12916353 0.062312845 0.11551018 -0.04254622 -0.012078904 0.99564385 -0.0820811
7343713.866216216 -0.15115416 0.06201177 0.118947 -0.052103944 -0.012188589 0.99478257 -0.08685823
7393730.866216216 -0.16984126 0.05731502 0.12386447 -0.06282206 -0.011473507 0.99384445 -0.09052579
7443747.866216216 -0.1893439 0.048067734 0.12760061 -0.07187496 -0.011689461 0.9929716 -0.09329973
7493764.616216216 -0.2059738 0.032366697 0.12976053 -0.079638265 -0.011084302 0.99219006 -0.09536192
7543782.616216216 -0.22513554 0.01395761 0.13179353 -0.084956445 -0.0110405665 0.99173063 -0.09555563
7593799.616216216 -0.2362278 -0.005223254 0.1357167 -0.09065269 -0.009468589 0.9915092 -0.09274711
7643816.616216216 -0.24633351 -0.030494874 0.13588414 -0.09530845 -0.008420668 0.9913855 -0.089443736
7693833.616216216 -0.25106174 -0.06098287 0.14256646 -0.09916369 -0.006703592 0.9912973 -0.086320885
7743850.616216216 -0.25556415 -0.08665403 0.14263141 -0.10240823 -0.0063095004 0.9914362 -0.08079043
7793868.866216216 -0.25657174 -0.11363696 0.14395109 -0.104088575 -0.005490303 0.99175155 -0.074594945
7843885.866216216 -0.2518766 -0.13799357 0.14831898 -0.10641851 -0.005212215 0.9920103 -0.067554295
7893902.866216216 -0.24244398 -0.15877041 0.14558718 -0.107968 -0.0065178415 0.9923382 -0.059711587
7943919.616216216 -0.22938146 -0.17933466 0.14694571 -0.105147675 -0.0075356383 0.9930159 -0.05297754
7993937.616216216 -0.21404622 -0.19380458 0.14773831 -0.100119136 -0.009813117 0.99382037 -0.046914097
8043954.616216216 -0.19792189 -0.20238551 0.1457193 -0.09201911 -0.011651851 0.9948017 -0.04202948
8093971.616216216 -0.17784433 -0.20545636 0.14976418 -0.08303813 -0.012527519 0.9956956 -0.039218243
8143988.616216216 -0.15744062 -0.20494679 0.152423 -0.073214166 -0.0152953295 0.9964591 -0.038406894
8194006.616216216 -0.13392305 -0.19790877 0.15458618 -0.064340785 -0.015594133 0.99706906 -0.038345613
8244023.866216216 -0.1190137 -0.18956429 0.1564719 -0.054364033 -0.016786044 0.99754477 -0.040832225
8294040.866216216 -0.103030115 -0.1793046 0.15370657 -0.046013486 -0.018297313 0.9977883 -0.044344794
8344057.866216216 -0.0851674 -0.16276965 0.15413606 -0.0406166 -0.01810952 0.99782586 -0.0486409
8394074.616216216 -0.0757198 -0.14193471 0.15492281 -0.035149027 -0.018404273 0.9978261 -0.052621707
8444092.616216216 -0.06499613 -0.11939623 0.1530088 -0.031756975 -0.017935943 0.9976539 -0.05793596
8494109.616216216 -0.053037666 -0.096694894 0.15229914 -0.028782967 -0.01689046 0.9974739 -0.06270734
8544126.616216216 -0.052308906 -0.07071621 0.15410425 -0.025602551 -0.016926892 0.9972096 -0.06805205
8594143.616216216 -0.052515835 -0.04845571 0.15447083 -0.025114175 -0.016890941 0.9968225 -0.07368182
8644161.866216216 -0.06013106 -0.023655094 0.15822722 -0.027270872 -0.015731005 0.996427 -0.07837211
8694178.866216216 -0.07103557 -0.0029823305 0.15958954 -0.030687282 -0.01609786 0.9959139 -0.08339486
8744195.866216216 -0.07885589 0.016765542 0.1576572 -0.036208227 -0.016769167 0.99529505 -0.08829286
8794212.616216216 -0.09758281 0.029317513 0.15739596 -0.04162532 -0.018515373 0.9945274 -0.09402038
8844230.616216216 -0.11380671 0.03853878 0.1575218 -0.050577298 -0.019614967 0.993492 -0.10015421
8894247.616216216 -0.13243325 0.04081501 0.15828553 -0.061830424 -0.020915247 0.9921616 -0.10655961
8944264.616216216 -0.15917948 0.03616673 0.1566231 -0.07259498 -0.021132922 0.99077845 -0.11243422
8994281.616216216 -0.18291593 0.029127177 0.15730114 -0.08174752 -0.021775456 0.98952466 -0.11697946
9044299.616216216 -0.2024354 0.018863907 0.15594852 -0.09017851 -0.023144297 0.98850834 -0.11909467
9094316.866216216 -0.21806152 0.0017806944 0.15420221 -0.098075524 -0.022426447 0.98760426 -0.120482795
9144333.866216216 -0.23388325 -0.026482299 0.15470198 -0.10306538 -0.020863099 0.9870044 -0.12150957
9194350.866216216 -0.24916925 -0.046897706 0.15350062 -0.105762035 -0.021286476 0.987129 -0.118058115
9244367.616216216 -0.25923756 -0.07170046 0.15279737 -0.10807797 -0.019451702 0.98723936 -0.11532247
9294385.616216216 -0.26708862 -0.099549584 0.15433022 -0.10874658 -0.01841594 0.98747313 -0.11283529
9344402.616216216 -0.27044898 -0.12642781 0.15392849 -0.108341314 -0.01806585 0.9877892 -0.11049112
9394419.616216216 -0.2773569 -0.14926654 0.1568204 -0.10522195 -0.019512951 0.98832524 -0.1084471
9444436.616216216 -0.27654114 -0.17638324 0.16315812 -0.10522917 -0.019736864 0.9883807 -0.107893206
9494454.616216216 -0.27993175 -0.19798103 0.1670051 -0.102877 -0.020545019 0.98876464 -0.10648388
9544471.866216216 -0.27826765 -0.21863551 0.16747239 -0.101429485 -0.020914206 0.98909205 -0.10474536
9594488.866216216 -0.2720474 -0.23850212 0.17491841 -0.09931496 -0.01951465 0.9894601 -0.10355911
9644505.866216216 -0.2674845 -0.25578535 0.17784804 -0.09628104 -0.018647846 0.98994946 -0.101894155
9694523.616216216 -0.26041624 -0.2714081 0.17813443 -0.094905645 -0.016088445 0.99030596 -0.10014074
9744540.616216216 -0.24969538 -0.28846863 0.18250765 -0.09490326 -0.013504972 0.99038476 -0.09974541
9794557.616216216 -0.2393643 -0.3037778 0.1840215 -0.096528895 -0.010542602 0.99029857 -0.09939703
9844574.616216216 -0.22884263 -0.31584662 0.18405691 -0.097001694 -0.0092435675 0.9903923 -0.09812333
9894591.616216216 -0.21103802 -0.32572237 0.18559012 -0.097245984 -0.006840911 0.9904293 -0.09770546
9944609.866216216 -0.19692317 -0.33285654 0.18982838 -0.09743419 -0.0065733916 0.99043226 -0.09750595
9994626.866216216 -0.18033624 -0.34063095 0.19343965 -0.09581598 -0.008596755 0.99031264 -0.100131705
10044643.866216216 -0.16484432 -0.34212556 0.1972793 -0.09225593 -0.010115705 0.9905126 -0.10134725
10094660.616216216 -0.15241298 -0.3437973 0.1980426 -0.08685141 -0.01274131 0.9908574 -0.10245033
10144678.616216216 -0.14451951 -0.34083518 0.19827618 -0.081535935 -0.017596936 0.9910934 -0.10380815
10194695.616216216 -0.13893859 -0.3398909 0.20548075 -0.07890444 -0.021957688 0.99082047 -0.10754947
10244712.616216216 -0.14057638 -0.33260223 0.20338483 -0.079128176 -0.025448957 0.9902993 -0.1113484
10294729.616216216 -0.1420151 -0.33169478 0.20968409 -0.081399776 -0.026901633 0.98930824 -0.11798155
10344747.616216216 -0.14722037 -0.32821056 0.21761544 -0.08412469 -0.024966575 0.98840064 -0.123951435
10394764.866216216 -0.15749782 -0.32803297 0.22027557 -0.08581915 -0.02514782 0.98746926 -0.13002808
10444781.866216216 -0.16843922 -0.33067137 0.22351775 -0.08760329 -0.024459057 0.98670983 -0.13465255
10494798.866216216 -0.17946309 -0.3361894 0.23114982 -0.09016906 -0.02301294 0.9858942 -0.13911347
10544816.616216216 -0.18671185 -0.34222868 0.23887381 -0.09396705 -0.022358697 0.9851789 -0.1417493
10594833.616216216 -0.19594467 -0.34826604 0.24469134 -0.09906518 -0.019840648 0.9846016 -0.1426613
10644850.616216216 -0.20571814 -0.35851726 0.2458393 -0.10196904 -0.016778665 0.9844227 -0.14224227
10694867.616216216 -0.21091224 -0.36800304 0.25448626 -0.10630986 -0.014231197 0.98414457 -0.14126305
10744884.616216216 -0.2124114 -0.37741578 0.2584203 -0.10982948 -0.011243996 0.9841238 -0.13896556
10794902.616216216 -0.21371046 -0.38724408 0.26444235 -0.109681435 -0.007651986 0.98453844 -0.13636598
10844919.866216216 -0.21511671 -0.398586 0.27007496 -0.10773397 -0.005226209 0.9849806 -0.13483098
10894936.866216216 -0.20478933 -0.4085976 0.27707368 -0.108628824 -0.0020428966 0.98490465 -0.13475327
10944953.866216216 -0.19859044 -0.420734 0.2823968 -0.10544255 0.000450847 0.985132 -0.13563448
10994971.616216216 -0.18489349 -0.4269743 0.290461 -0.10224306 0.0016070501 0.98537105 -0.13633698
11044988.616216216 -0.1754834 -0.43409625 0.29657242 -0.09783687 0.0025502522 0.9856199 -0.1377498
11095005.616216216 -0.16380097 -0.4385749 0.30410177 -0.09286004 0.0035792242 0.9859265 -0.13897194
11145022.616216216 -0.14962718 -0.443939 0.30719095 -0.086565994 0.0034927696 0.98627055 -0.14058669
11195040.616216216 -0.1346309 -0.44770545 0.3118409 -0.078903 0.0038131408 0.9865743 -0.14293696
11245057.866216216 -0.12027815 -0.4495566 0.31404623 -0.072154276 0.0049270233 0.9869297 -0.14401157
11295074.866216216 -0.09949426 -0.44949675 0.3137438 -0.06647513 0.0068714195 0.98724985 -0.1444703
11345091.866216216 -0.08342936 -0.4479307 0.31290278 -0.059207667 0.009724061 0.9877821 -0.14382799
11395108.616216216 -0.06825088 -0.44802547 0.30911463 -0.051775858 0.01323181 0.98811376 -0.14413694
11445126.616216216 -0.053847108 -0.44389832 0.30427232 -0.04482139 0.016517097 0.9884099 -0.14409782
11495143.616216216 -0.041768827 -0.4432934 0.29874006 -0.03801826 0.020320637 0.9883834 -0.14573976
11545160.616216216 -0.032651983 -0.4380199 0.29054195 -0.030882154 0.024555622 0.9884302 -0.14645508
11595177.616216216 -0.031487793 -0.43071952 0.28590003 -0.023814438 0.026562912 0.9884245 -0.14745983
11645195.616216216 -0.03157467 -0.42801142 0.2774989 -0.020747917 0.028578041 0.98828804 -0.14845756
11695212.866216216 -0.036781803 -0.41770646 0.27469277 -0.019385887 0.029707927 0.98848563 -0.14709827
11745229.866216216 -0.04062023 -0.41473776 0.27608302 -0.024694365 0.029374056 0.9884676 -0.14648989
11795246.866216216 -0.052997783 -0.41167414 0.26837358 -0.029622028 0.027768513 0.9885949 -0.14502306
11845264.616216216 -0.069133006 -0.4103441 0.26524964 -0.03488813 0.025742795 0.98853505 -0.14463262
11895281.616216216 -0.08730037 -0.41232055 0.26094538 -0.042556204 0.023057241 0.9882137 -0.14522746
11945298.616216216 -0.107675895 -0.4179425 0.2601263 -0.05222105 0.020284588 0.9874252 -0.1478277
11995315.616216216 -0.12253481 -0.4245286 0.26538986 -0.061542317 0.019403225 0.98638487 -0.15126453
12045333.616216216 -0.14038147 -0.43121856 0.2702704 -0.06921003 0.017955866 0.98534423 -0.15486862
12095350.616216216 -0.1507454 -0.440083 0.27393916 -0.0764754 0.018137267 0.9842962 -0.15806222
12145367.866216216 -0.16416094 -0.44812426 0.28650987 -0.079622336 0.017140007 0.98353964 -0.16129605
12195384.866216216 -0.16935241 -0.4573319 0.2964517 -0.0831276 0.018656634 0.9829108 -0.16318119
12245401.866216216 -0.17630287 -0.46800476 0.3026223 -0.08597923 0.017457768 0.9826276 -0.16354187
12295419.616216216 -0.17335373 -0.48066318 0.31289998 -0.08906917 0.017666401 0.9822309 -0.1642471
12345436.616216216 -0.1719469 -0.48749006 0.32107878 -0.09015425 0.017685335 0.98241675 -0.1625327
12395453.616216216 -0.16988687 -0.49831346 0.32980767 -0.09125092 0.015559482 0.98234886 -0.162548
12445470.616216216 -0.1625498 -0.5039423 0.3419739 -0.091623984 0.013337577 0.98247075 -0.16179737
12495488.616216216 -0.15837444 -0.51082015 0.34691703 -0.0899314 0.012601203 0.9827265 -0.16125228
12545505.866216216 -0.14202565 -0.5151158 0.35873914 -0.08983322 0.010237274 0.9826709 -0.16181241
12595522.866216216 -0.13326012 -0.5217221 0.36244825 -0.08653826 0.009014897 0.9828668 -0.16248895
12645539.866216216 -0.117693156 -0.5248163 0.37593842 -0.084723935 0.00880251 0.9827976 -0.16386935
12695557.616216216 -0.10509497 -0.52656686 0.38483533 -0.08242967 0.0074581406 0.98288727 -0.16456738
12745574.616216216 -0.093663946 -0.5301482 0.38842118 -0.078753546 0.0071429973 0.9828928 -0.16633905
12795591.616216216 -0.08246881 -0.5336488 0.3924241 -0.07382123 0.006922774 0.9829181 -0.16844772
12845608.616216216 -0.07157767 -0.5327404 0.39847264 -0.06953177 0.007828711 0.9829087 -0.1702779
12895626.616216216 -0.06099792 -0.53042006 0.3993097 -0.066420086 0.0072632413 0.98297507 -0.17115973
12945643.616216216 -0.050383434 -0.52885157 0.39736044 -0.062439833 0.009617931 0.9830975 -0.1718375
12995660.866216216 -0.043685023 -0.52722454 0.3911851 -0.058604702 0.010276527 0.9833205 -0.17187427
13045677.866216216 -0.035630587 -0.52322626 0.38125783 -0.056137268 0.011405701 0.9836225 -0.17089586
13095694.866216216 -0.024350483 -0.5144463 0.37364832 -0.05661655 0.013072616 0.9837898 -0.16965088
13145712.616216216 -0.027594842 -0.50986207 0.3619472 -0.053830594 0.012366283 0.98412025 -0.16869144
13195729.616216216 -0.025668476 -0.49948332 0.35444438 -0.051325586 0.013028704 0.98438877 -0.16785328
13245746.616216216 -0.024402753 -0.49405548 0.33629975 -0.048838694 0.012484527 0.9848331 -0.16602014
13295763.616216216 -0.026539177 -0.48648635 0.3218537 -0.044481374 0.014228415 0.9853546 -0.16399811
13345781.616216216 -0.026713442 -0.48045582 0.3120382 -0.042571183 0.012851999 0.9857156 -0.1624419
13395798.616216216 -0.028241128 -0.4787043 0.30336985 -0.037942216 0.014271726 0.98589873 -0.16235939
13445815.866216216 -0.03769131 -0.46477515 0.2778187 -0.034392666 0.0128211705 0.98688716 -0.15718332
13495832.866216216 -0.044116378 -0.4586892 0.26890343 -0.03414282 0.012384301 0.98711985 -0.15580533
13545850.616216216 -0.05993116 -0.45558318 0.26533037 -0.031560265 0.014913723 0.9873025 -0.1549691
13595867.616216216 -0.07614261 -0.45463267 0.2566376 -0.029391386 0.014672353 0.9874407 -0.15453738
13645884.616216216 -0.08264614 -0.4566176 0.25651237 -0.030008735 0.01659681 0.98707455 -0.15655026
13695901.616216216 -0.08867453 -0.46139476 0.25614586 -0.03436556 0.015005727 0.9865871 -0.1588706
13745918.616216216 -0.1074063 -0.47077718 0.25364783 -0.033669613 0.014580606 0.986158 -0.16169806
13795936.616216216 -0.117887124 -0.47692364 0.25597632 -0.038662374 0.014823481 0.9855232 -0.16440631
13845953.866216216 -0.1246832 -0.48255044 0.26320082 -0.04754625 0.01401005 0.9846976 -0.16707395
13895970.866216216 -0.13172024 -0.4857469 0.27182093 -0.056612723 0.01163783 0.98419076 -0.16741633
13945987.866216216 -0.14227901 -0.4927379 0.27980405 -0.0633771 0.007784746 0.9837682 -0.16769908
13996005.616216216 -0.14819427 -0.5002026 0.29131457 -0.06787818 0.004718678 0.9834925 -0.16766906
14046022.616216216 -0.15446387 -0.5108645 0.30266708 -0.06934173 0.00035657402 0.9835567 -0.1667571
14096039.616216216 -0.14714772 -0.5232125 0.31572425 -0.07053281 -0.00063316827 0.9836843 -0.16549942
14146056.616216216 -0.14107668 -0.5326314 0.32808933 -0.07135541 -0.002058812 0.98413503 -0.16242708
14196074.616216216 -0.13372223 -0.5444504 0.33771178 -0.07116667 -0.0032524527 0.9847221 -0.15889391
14246091.616216216 -0.12208685 -0.5547289 0.34627452 -0.07106708 -0.0023130814 0.98520684 -0.15592223
14296108.866216216 -0.11217738 -0.5605792 0.35204697 -0.06824527 -0.003063251 0.98595494 -0.15240128
14346125.866216216 -0.09516568 -0.56798685 0.3561775 -0.06528086 -0.0040690885 0.9866763 -0.14896931
14396142.866216216 -0.07582767 -0.5719237 0.3603348 -0.05950972 -0.004267673 0.9875663 -0.14544131
14446160.616216216 -0.059154138 -0.57653916 0.3652023 -0.051807806 -0.004155962 0.9883623 -0.14296384
14496177.616216216 -0.037658446 -0.5790193 0.36861965 -0.045962956 -0.0033785673 0.98887247 -0.1414471
14546194.616216216 -0.01834267 -0.5817547 0.36982536 -0.041037306 -0.001346432 0.9891955 -0.14073525
14596211.616216216 -0.0010465034 -0.5810211 0.36923444 -0.03628792 0.00030127654 0.9894222 -0.14045209
14646229.616216216 0.018102705 -0.5836861 0.36467355 -0.031191628 0.002177174 0.9894843 -0.14122067
14696246.616216216 0.036404848 -0.580865 0.3584231 -0.024738966 0.005010235 0.9896766 -0.14107907
14746263.866216216 0.05073064 -0.5747055 0.3498973 -0.018254634 0.007848637 0.98994684 -0.14003737
14796280.866216216 0.06417442 -0.5685126 0.34378445 -0.012714958 0.010919223 0.99001294 -0.13997692
14846298.616216216 0.072086036 -0.5596887 0.32863376 -0.0071603903 0.014540027 0.9902633 -0.1382607
14896315.616216216 0.0786508 -0.5407924 0.31736693 -0.0023287546 0.016934505 0.99066496 -0.1352435
14946332.616216216 0.082438014 -0.5311647 0.30669883 0.0016726125 0.01853668 0.9908219 -0.13388662
14996349.616216216 0.0847839 -0.52916306 0.28626135 -0.0012178683 0.018802451 0.99068713 -0.1348482
15046367.616216216 0.07102144 -0.5170351 0.274906 -0.0010279072 0.018728249 0.99092704 -0.1330862
15096384.616216216 0.058589034 -0.5010019 0.27377293 -0.002434988 0.01881375 0.99115074 -0.1313791
15146401.866216216 0.037250824 -0.49740627 0.26468182 -0.004852229 0.016037172 0.99122995 -0.13108256
15196418.866216216 0.025894422 -0.49259326 0.25751263 -0.011518814 0.014111932 0.991353 -0.12995227
15246435.866216216 0.004788873 -0.48777756 0.2559732 -0.0154775875 0.011372958 0.9913477 -0.12984993
15296453.616216216 -0.018192641 -0.49026638 0.25565985 -0.020538082 0.007614759 0.99113774 -0.1310202
15346470.616216216 -0.039006617 -0.4958622 0.25855094 -0.027383108 0.0046717282 0.9906473 -0.13359019
15396487.616216216 -0.059547126 -0.50006855 0.26149696 -0.034637913 0.0023686986 0.99023443 -0.13502018
15446504.616216216 -0.08014758 -0.5089237 0.26425478 -0.041643288 -4.895693e-05 0.9896575 -0.13727276
15496522.616216216 -0.09590856 -0.5189604 0.27229145 -0.05002184 -0.001144836 0.98899955 -0.13919917
15546539.616216216 -0.112283304 -0.5321868 0.28256392 -0.057251852 -0.0025121458 0.98834693 -0.14101923
15596556.866216216 -0.11896958 -0.54524404 0.29653493 -0.06612556 -0.0023084974 0.98769397 -0.14171366
15646573.866216216 -0.1251584 -0.55823797 0.3093453 -0.07307805 -0.0014709682 0.9873538 -0.14067711
15696591.616216216 -0.12279435 -0.56784767 0.32366708 -0.077835925 -0.0001455815 0.9873383 -0.13821974
15746608.616216216 -0.1278462 -0.582024 0.33681515 -0.07920096 0.0033944102 0.9876327 -0.13526812
15796625.616216216 -0.121018305 -0.59318465 0.34567222 -0.081414595 0.006114889 0.9881187 -0.13021442
15846642.616216216 -0.11173939 -0.60303015 0.3468173 -0.08209985 0.008277442 0.9889342 -0.12328938
15896659.616216216 -0.10077016 -0.6095903 0.3480384 -0.08209251 0.009300097 0.9899209 -0.11502615
15946677.616216216 -0.08552643 -0.61369884 0.34678975 -0.08067004 0.011243221 0.9910418 -0.1058407
15996694.616216216 -0.06691364 -0.615193 0.34348518 -0.080177166 0.012367851 0.9919889 -0.09683363
16046711.866216216 -0.052547414 -0.6140982 0.3363886 -0.07944683 0.014170067 0.9928727 -0.08769969
16096728.866216216 -0.040102243 -0.6094217 0.32323098 -0.079997525 0.015338994 0.9936347 -0.077815935
16146746.616216216 -0.026212579 -0.59903014 0.3144605 -0.08129997 0.016642528 0.9940672 -0.07031234
16196763.616216216 -0.017475298 -0.5907439 0.3040202 -0.08197109 0.01658944 0.9943607 -0.06521056
16246780.616216216 -0.0033528972 -0.57772845 0.2982385 -0.0822432 0.017602727 0.9944846 -0.0626625
16296797.616216216 0.0035465271 -0.5611844 0.29947972 -0.081626385 0.01616218 0.9945801 -0.062341798
16346815.616216216 0.014867879 -0.53991705 0.29700166 -0.08500841 0.016790595 0.9942972 -0.062166568
16396832.616216216 0.017894275 -0.51953685 0.28810126 -0.08870317 0.015808268 0.9939362 -0.063029364
16446849.866216216 0.024001727 -0.5009981 0.27652848 -0.09523617 0.015532973 0.9932329 -0.06463166
16496866.866216216 0.02508822 -0.47932315 0.26706025 -0.10119844 0.012725947 0.99269277 -0.06448293
16546884.616216216 0.029868256 -0.45863077 0.25898308 -0.10941582 0.0095158415 0.99202377 -0.06185944
16596901.616216216 0.033953212 -0.43744782 0.24604936 -0.11978353 0.003582119 0.9910565 -0.058703743
16646918.616216216 0.032131765 -0.41582653 0.23210387 -0.12704538 -0.0041586612 0.9904387 -0.053604886
16696935.616216216 0.035685357 -0.39336136 0.21709406 -0.13615887 -0.013695347 0.9894816 -0.04689769
16746952.616216216 0.034762394 -0.3741468 0.20021158 -0.1474145 -0.024297465 0.9879185 -0.041177597
16796970.616216216 0.0360655 -0.34995094 0.18476376 -0.16194658 -0.03533254 0.98559296 -0.033637702
16846987.616216216 0.031378493 -0.32557583 0.16869143 -0.17869286 -0.0476891 0.9823817 -0.026848521
16897004.866216216 0.029898282 -0.3059774 0.15594715 -0.19577819 -0.058591627 0.9786383 -0.02247379
16947021.866216216 0.030219417 -0.2864506 0.14244042 -0.21183646 -0.06792088 0.97475785 -0.018955817
16997039.616216216 0.026802382 -0.26905107 0.1233692 -0.22706693 -0.076082766 0.9707665 -0.016263578
17047056.616216216 0.031015886 -0.25691202 0.12069805 -0.2434777 -0.081550315 0.96633923 -0.016020866
17097073.616216216 0.03286096 -0.24933581 0.115151525 -0.2554469 -0.08304512 0.9631083 -0.016520735
17147090.616216216 0.036838427 -0.2507427 0.11735085 -0.26217544 -0.08255311 0.9612835 -0.019573415
17197108.616216216 0.040369287 -0.25488034 0.10092728 -0.2596783 -0.078169316 0.9622803 -0.021759965
17247125.616216216 0.048373625 -0.25965327 0.09944211 -0.25494403 -0.078022085 0.96358806 -0.020354953
17297142.616216216 0.059082232 -0.268966 0.10236255 -0.24729839 -0.075376295 0.9658154 -0.019039232
17347159.866216216 0.06778509 -0.27673715 0.10139136 -0.23800166 -0.07506507 0.96824193 -0.015101445
17397176.866216216 0.07758625 -0.28220388 0.10461674 -0.23089918 -0.076953724 0.9698808 -0.009737355
17447194.616216216 0.08379498 -0.2861661 0.10639484 -0.2247138 -0.08050576 0.97107935 -0.005251451
17497211.616216216 0.09480258 -0.29558435 0.110099696 -0.21925563 -0.0807408 0.97231543 -0.0032738117
17547228.616216216 0.10308582 -0.2983554 0.112824254 -0.2122769 -0.08280391 0.973695 -0.00046502354
17597245.616216216 0.11756523 -0.30298662 0.11883009 -0.20298365 -0.08361293 0.9756011 0.0030150288
17647263.616216216 0.13476168 -0.3016731 0.12452092 -0.19525345 -0.08335082 0.9771723 0.007938195
17697280.616216216 0.15323359 -0.29661143 0.12630123 -0.1910658 -0.08021125 0.9782262 0.0115618305
17747297.866216216 0.17362335 -0.28942823 0.13296975 -0.1901745 -0.07441809 0.97883594 0.0132630775
17797314.866216216 0.1877083 -0.27162376 0.14215863 -0.18686973 -0.07202862 0.97961134 0.015914792
17847332.616216216 0.20480788 -0.24861224 0.15222852 -0.18201499 -0.0702844 0.9806387 0.016687734
17897349.616216216 0.21389963 -0.21799538 0.16024624 -0.17816053 -0.07022024 0.98136234 0.015997546
17947366.616216216 0.23138988 -0.19246441 0.17000218 -0.18213198 -0.07042027 0.98067605 0.011978531
17997383.616216216 0.23521116 -0.16680655 0.17729852 -0.18538667 -0.07307123 0.9799124 0.008010116
18047401.616216216 0.244632 -0.13829266 0.18772426 -0.19074701 -0.07509274 0.9787571 0.0033645702
18097418.616216216 0.24727537 -0.115243785 0.19014375 -0.19573049 -0.07573186 0.9777291 -0.0005168579
18147435.616216216 0.24920739 -0.09642849 0.19356258 -0.20127729 -0.0757745 0.97659266 -0.0035362863
18197452.866216216 0.25023076 -0.07993999 0.1937193 -0.2056965 -0.07465435 0.97575194 -0.004895854
18247469.866216216 0.24726282 -0.06997528 0.19287533 -0.20807369 -0.07333563 0.9753358 -0.006880452
18297487.616216216 0.24318387 -0.07290118 0.19529922 -0.21135354 -0.07222797 0.9747053 -0.007901341
18347504.616216216 0.24641848 -0.07915171 0.19507399 -0.21873121 -0.069842465 0.97324264 -0.0088043725
18397521.616216216 0.23924382 -0.08715609 0.18150005 -0.22313595 -0.0692843 0.9722969 -0.0069840266
18447538.616216216 0.23358503 -0.104397014 0.17638993 -0.22481368 -0.06984184 0.9718717 -0.0068232855
18497556.616216216 0.23205696 -0.11852215 0.16729072 -0.224345 -0.06908 0.9720549 -0.0025695057
18547573.616216216 0.23114079 -0.14076394 0.1617829 -0.2276098 -0.07003935 0.9712301 0.00062104646
18597590.616216216 0.23629585 -0.15944852 0.15083584 -0.23196572 -0.06862871 0.97027814 0.0065163644
18647607.866216216 0.24157095 -0.17983587 0.14422528 -0.23605344 -0.06851121 0.9692401 0.012591789
18697625.866216216 0.247112 -0.19616027 0.13442636 -0.23897627 -0.069757596 0.96833146 0.018933246
18747642.616216216 0.25783595 -0.21032712 0.12249794 -0.23874432 -0.06895018 0.9682708 0.026434984
18797659.616216216 0.27713385 -0.22279611 0.11939951 -0.23815352 -0.07007854 0.968131 0.0330817
18847676.616216216 0.30048636 -0.22717158 0.121305525 -0.23291497 -0.070747085 0.96909106 0.040100258
18897693.616216216 0.32041705 -0.22430936 0.12338296 -0.22266987 -0.071944594 0.9711458 0.046022747
18947711.616216216 0.33861828 -0.2233036 0.13234046 -0.2127163 -0.07413008 0.973108 0.048138913
18997728.616216216 0.3591724 -0.21639076 0.15263109 -0.2063508 -0.07569022 0.97437835 0.047720302
19047745.866216216 0.3740436 -0.21030042 0.16623943 -0.20255269 -0.07864018 0.97520226 0.042056497
19097762.866216216 0.38924396 -0.19626762 0.17985648 -0.19963752 -0.08164359 0.97586423 0.034180142
19147780.616216216 0.40086085 -0.18583506 0.19697352 -0.19604032 -0.085370645 0.9766093 0.022682942
19197797.616216216 0.40875784 -0.1660605 0.2148118 -0.19362187 -0.088283904 0.9770188 0.012284564
19247814.616216216 0.41118926 -0.1459895 0.23195079 -0.19399595 -0.09323471 0.9765588 0.0024008553
19297831.616216216 0.41227478 -0.12301438 0.24629717 -0.19729821 -0.09735289 0.9754714 -0.0071796263
19347849.616216216 0.41108212 -0.09948133 0.25403354 -0.20439261 -0.10044624 0.97358733 -0.016183093
19397866.616216216 0.40369818 -0.07638236 0.26599106 -0.21253993 -0.10336178 0.971321 -0.026051132
19447883.616216216 0.3978678 -0.053857945 0.27223325 -0.22192338 -0.104458824 0.96872354 -0.03759047
19497900.866216216 0.38894638 -0.033769827 0.28115356 -0.23221463 -0.105441466 0.965612 -0.050518464
19547918.866216216 0.37668326 -0.014812689 0.2864127 -0.24238129 -0.10645597 0.96223265 -0.063457206
19597935.616216216 0.36298406 -0.0019991621 0.2894519 -0.25350198 -0.10828602 0.95833373 -0.074882
19647952.616216216 0.35059458 0.0041568168 0.2925008 -0.26659644 -0.109883316 0.9537953 -0.08441952
19697969.616216216 0.33947074 0.005572006 0.28710386 -0.28013456 -0.11129813 0.9492209 -0.090095
19747986.616216216 0.3297035 0.0003459137 0.27726513 -0.29229376 -0.113324635 0.94507134 -0.0925314
19798004.616216216 0.32348263 -0.016856244 0.26651564 -0.30302164 -0.11429268 0.9414758 -0.09347933
19848021.616216216 0.3198731 -0.036717176 0.25325358 -0.31191263 -0.11401686 0.9388148 -0.09130943
19898038.616216216 0.3202804 -0.05491405 0.23819667 -0.31984323 -0.1144735 0.93673706 -0.08437909
19948055.866216216 0.32243404 -0.07820088 0.22791561 -0.3261664 -0.1150213 0.9350588 -0.07778618
19998073.866216216 0.33236474 -0.102051415 0.21392237 -0.33010483 -0.11237281 0.9345823 -0.07042106
20048090.616216216 0.3494729 -0.13425119 0.21319021 -0.33189815 -0.10943364 0.93459696 -0.06630523
20098107.616216216 0.3669712 -0.15652514 0.20892301 -0.32758576 -0.10626578 0.9368831 -0.060376126
20148124.616216216 0.38910148 -0.18048167 0.20613807 -0.3216587 -0.10257034 0.93957746 -0.056650322
20198142.616216216 0.41055867 -0.1990318 0.2068833 -0.31603736 -0.1010921 0.9418458 -0.053172976
20248159.616216216 0.4329074 -0.21686442 0.20384236 -0.30909207 -0.09925356 0.9444518 -0.05120157
20298176.616216216 0.45776805 -0.23063181 0.20621714 -0.30108622 -0.096525885 0.9473607 -0.05037481
20348193.866216216 0.48412248 -0.23728588 0.21467842 -0.29134265 -0.095234305 0.9506182 -0.048734277
20398210.866216216 0.50827944 -0.23680925 0.22437656 -0.27920756 -0.094764434 0.95434743 -0.047789853
20448228.616216216 0.532316 -0.22952016 0.23566423 -0.2684598 -0.09529459 0.9574418 -0.046407036
20498245.616216216 0.5565862 -0.2164806 0.24643645 -0.25921834 -0.09532053 0.95996815 -0.046701454
20548262.616216216 0.57312953 -0.19860221 0.24954633 -0.25094658 -0.09606035 0.962058 -0.04735699
20598279.616216216 0.5803492 -0.17484058 0.26232284 -0.24648996 -0.09632388 0.96304095 -0.050166
20648297.616216216 0.5886905 -0.14710122 0.2728785 -0.2468396 -0.09523059 0.9629158 -0.05286383
20698314.616216216 0.5930035 -0.12192509 0.27580625 -0.24897137 -0.09337286 0.9623095 -0.057055514
20748331.616216216 0.5912013 -0.094895996 0.281418 -0.25408682 -0.09015752 0.9608942 -0.06319742
20798348.866216216 0.5890478 -0.06986813 0.2855793 -0.26129106 -0.08619723 0.9588394 -0.07017175
20848366.866216216 0.58053064 -0.045679644 0.29035097 -0.26851916 -0.082781814 0.9565586 -0.0777202
20898383.616216216 0.5655577 -0.029010177 0.2899035 -0.27521414 -0.07982719 0.954191 -0.08604849
20948400.616216216 0.55232096 -0.016906837 0.28750193 -0.28596807 -0.07678912 0.95065737 -0.092608675
20998417.616216216 0.5357291 -0.011111729 0.28230152 -0.29841825 -0.07398139 0.9464605 -0.0984168
21048435.616216216 0.52180064 -0.018953234 0.2703386 -0.30920574 -0.0730766 0.9425548 -0.1031612
21098452.616216216 0.51043105 -0.028328996 0.26163045 -0.31889638 -0.07385626 0.93913954 -0.1042467
21148469.616216216 0.49736226 -0.04419972 0.2503436 -0.32806656 -0.07543738 0.93595135 -0.10332776
21198486.616216216 0.48559466 -0.066786885 0.23527548 -0.33795184 -0.07725914 0.9325227 -0.10109925
21248503.866216216 0.47839043 -0.091675445 0.2181332 -0.34735763 -0.077925086 0.9295081 -0.09635928
21298521.866216216 0.47305954 -0.12149328 0.20519543 -0.3542754 -0.07973932 0.92730325 -0.090770446
21348538.616216216 0.47260875 -0.15514776 0.19312759 -0.35933176 -0.07920214 0.925869 -0.08587428
21398555.616216216 0.47364748 -0.18813916 0.1856529 -0.36243936 -0.080494225 0.9251076 -0.07958895
21448572.616216216 0.48056406 -0.21909688 0.18062438 -0.3650171 -0.08043038 0.9246445 -0.07298069
21498590.616216216 0.4934331 -0.24606246 0.17751971 -0.36476678 -0.08182162 0.9252281 -0.06483314
21548607.616216216 0.5090799 -0.26988116 0.17207494 -0.3597044 -0.082909815 0.9276403 -0.05676491
21598624.616216216 0.5235382 -0.29106328 0.17568457 -0.35038066 -0.08369664 0.9315193 -0.050000947
21648641.866216216 0.5396353 -0.30664498 0.18122366 -0.3379629 -0.08297806 0.93641865 -0.044899013
21698659.866216216 0.56216836 -0.3165232 0.19148856 -0.32209176 -0.08102697 0.94237 -0.0403777
21748676.616216216 0.58295894 -0.32018223 0.20117192 -0.3031221 -0.08066474 0.9488473 -0.036042694
21798693.616216216 0.60398597 -0.3187564 0.21526614 -0.2846597 -0.079183824 0.9547676 -0.033431947
21848710.616216216 0.6247325 -0.3167417 0.22619829 -0.26913083 -0.07785995 0.95938075 -0.0330918
21898727.616216216 0.64251906 -0.30338788 0.238675 -0.25547597 -0.076051205 0.96323675 -0.033515953
21948745.616216216 0.6605105 -0.29077357 0.24655846 -0.24307954 -0.07312074 0.96654344 -0.036873426
21998762.616216216 0.6722434 -0.27143943 0.2580228 -0.23169152 -0.070116796 0.96934557 -0.042095266
22048779.616216216 0.68321973 -0.24472865 0.2658469 -0.22153875 -0.06590219 0.97168994 -0.048952106
22098796.866216216 0.6922098 -0.22027981 0.27375606 -0.21306258 -0.062797055 0.97329396 -0.057963945
22148814.866216216 0.7002739 -0.19242933 0.28034437 -0.20818451 -0.059268806 0.97397333 -0.067249015
22198831.616216216 0.70354944 -0.16363959 0.28431052 -0.20567693 -0.05747736 0.9739491 -0.07626665
22248848.616216216 0.6989305 -0.13420363 0.2852135 -0.20468654 -0.056169085 0.9735061 -0.08505513
22298865.616216216 0.6875302 -0.10721319 0.2885304 -0.20517886 -0.055328578 0.9727107 -0.09313564
22348883.616216216 0.6742686 -0.08390747 0.2852296 -0.20512167 -0.055348027 0.9721146 -0.09927195
22398900.616216216 0.6552663 -0.06391607 0.2833825 -0.20464762 -0.055972315 0.9716924 -0.103925586
22448917.616216216 0.6367986 -0.04854688 0.27856332 -0.20579414 -0.05742246 0.971118 -0.10621377
22498934.616216216 0.6115759 -0.040938623 0.26909998 -0.2083444 -0.060998365 0.97021616 -0.10748235
22548952.866216216 0.58999765 -0.040110104 0.2575764 -0.21623027 -0.06501772 0.9682079 -0.10766026
22598969.866216216 0.56939113 -0.046463244 0.24110113 -0.227138 -0.06783416 0.9655112 -0.107680105
22648986.616216216 0.54573405 -0.052696124 0.23239025 -0.23676549 -0.069200896 0.96322364 -0.10655375
22699003.616216216 0.518472 -0.06868683 0.21945927 -0.24190496 -0.06944312 0.96199316 -0.10596666
22749020.616216216 0.49541193 -0.08524719 0.2091268 -0.2454273 -0.068898976 0.9614011 -0.10356803
22799038.616216216 0.4726717 -0.10788546 0.19932406 -0.24842615 -0.06597636 0.9611232 -0.100865066
22849055.616216216 0.44713765 -0.12955931 0.19123025 -0.25012642 -0.06230284 0.9613633 -0.09662208
22899072.616216216 0.42529002 -0.15150835 0.1865276 -0.25034982 -0.059658695 0.9620386 -0.09081703
22949089.866216216 0.40313208 -0.17656882 0.1793041 -0.246854 -0.056488182 0.9637144 -0.08442051
22999107.866216216 0.3824597 -0.1991812 0.17690593 -0.24181804 -0.05257637 0.9658319 -0.07699757
23049124.616216216 0.3590439 -0.22049275 0.17178662 -0.23214552 -0.05034672 0.9689453 -0.06869185
23099141.616216216 0.3351035 -0.24154884 0.17004971 -0.22091421 -0.0487527 0.9722082 -0.06026128
23149158.616216216 0.31236476 -0.26198 0.16921425 -0.20965387 -0.046142988 0.97526336 -0.05270207
23199176.616216216 0.28683838 -0.2783526 0.16744083 -0.19708227 -0.04492365 0.9783236 -0.044982295
23249193.616216216 0.26489523 -0.29058796 0.1665859 -0.18804781 -0.043607306 0.9804766 -0.037443798
23299210.616216216 0.2365647 -0.3053282 0.16057049 -0.17788641 -0.041967962 0.9826496 -0.03154139
23349227.616216216 0.21066056 -0.31659627 0.16093755 -0.17062409 -0.039723285 0.98416317 -0.027061917
23399244.866216216 0.18584187 -0.32823455 0.16010062 -0.16670783 -0.035112824 0.9850754 -0.0245375
23449262.866216216 0.1613789 -0.34121197 0.15567356 -0.16251871 -0.028842779 0.98596543 -0.025060402
23499279.616216216 0.14226949 -0.35080934 0.16356324 -0.1581615 -0.023785325 0.9867945 -0.025609644
23549296.616216216 0.117396474 -0.35593587 0.1572584 -0.15311123 -0.018721525 0.98768604 -0.02612996
23599313.616216216 0.09266243 -0.36081237 0.16249803 -0.15004583 -0.014953918 0.9881728 -0.027877808
23649331.616216216 0.07092671 -0.36481705 0.15963158 -0.14818908 -0.013271113 0.98849136 -0.027364997
23699348.616216216 0.048120305 -0.36466938 0.16110758 -0.14586088 -0.014175579 0.9888362 -0.026955867
23749365.616216216 0.028786417 -0.36659354 0.14894368 -0.14540306 -0.014637292 0.9889498 -0.0249412
23799382.616216216 0.007089593 -0.3610169 0.1425447 -0.14462407 -0.015930513 0.9890848 -0.023269607
23849400.866216216 -0.023571914 -0.35668075 0.13665658 -0.14207223 -0.019508228 0.9893759 -0.023881732
23899417.866216216 -0.048049163 -0.34812266 0.13787583 -0.14078227 -0.022324791 0.98949593 -0.024080664
23949434.616216216 -0.06823409 -0.3368296 0.1356014 -0.14167827 -0.024163567 0.9893335 -0.023720486
23999451.616216216 -0.09429051 -0.32661778 0.12265431 -0.14024818 -0.026467638 0.9894856 -0.023415135
24049469.616216216 -0.10939275 -0.31805736 0.12111206 -0.1408092 -0.026023626 0.9893834 -0.02482145
24099486.616216216 -0.12736364 -0.29696387 0.109069645 -0.14110054 -0.027688498 0.9893914 -0.020705922
24149503.616216216 -0.153242 -0.2851188 0.10308911 -0.13503715 -0.026494937 0.99030524 -0.018934557
24199520.616216216 -0.16175874 -0.27355576 0.10089304 -0.13218419 -0.029382039 0.9906665 -0.0156199485
24249537.866216216 -0.17444322 -0.2500973 0.1022428 -0.13012354 -0.03257717 0.99092054 -0.0091181
24299555.866216216 -0.18619452 -0.23856279 0.0853882 -0.12794255 -0.033097766 0.9912152 -0.0052556554
24349572.616216216 -0.20362231 -0.22067878 0.06927671 -0.12504044 -0.03375139 0.9915774 -0.00014362199
24399589.616216216 -0.2064698 -0.199534 0.08366488 -0.12500525 -0.035023313 0.9915292 0.004112958
24449606.616216216 -0.21716794 -0.18100135 0.07618227 -0.12091181 -0.035884324 0.9919805 0.008207209
24499624.616216216 -0.21885921 -0.16820942 0.064656585 -0.1192758 -0.033909462 0.9922262 0.010522676
24549641.616216216 -0.21805659 -0.14901866 0.06654358 -0.11545127 -0.03405995 0.9926249 0.014381525
24599658.616216216 -0.22195506 -0.1354561 0.0675166 -0.11107434 -0.032737367 0.993117 0.017590092
24649675.616216216 -0.2199053 -0.11944824 0.06459434 -0.10861613 -0.031410515 0.9933447 0.021959921
24699693.866216216 -0.21065867 -0.11062351 0.06556319 -0.10716548 -0.03102689 0.993458 0.024375
24749710.866216216 -0.2065729 -0.11083084 0.05337078 -0.10657593 -0.031191641 0.99341965 0.028037068
24799727.616216216 -0.21334438 -0.09773203 0.054831557 -0.102541946 -0.03406114 0.99358654 0.03332829
24849744.616216216 -0.21126887 -0.08858921 0.048074428 -0.099529915 -0.038589276 0.993498 0.039578184
24899761.616216216 -0.2044023 -0.07379395 0.049339436 -0.09642826 -0.04412514 0.99322736 0.047477204
24949779.616216216 -0.21385783 -0.061816297 0.036208197 -0.091150865 -0.051806584 0.9929974 0.05444024
24999796.616216216 -0.20645909 -0.050470185 0.038183156 -0.092303745 -0.059927363 0.99198955 0.06201235
25049813.616216216 -0.20550089 -0.03934352 0.0352873 -0.092921704 -0.06767305 0.990998 0.06862173
25099830.616216216 -0.20227344 -0.037175488 0.039424606 -0.09315043 -0.07437592 0.99022627 0.072410494
25149848.866216216 -0.20250227 -0.01842312 0.031691562 -0.09362504 -0.07995314 0.98932123 0.07800935
25199865.866216216 -0.18531445 -0.0038051778 0.037344057 -0.09433962 -0.08533841 0.9885412 0.081263945
25249882.616216216 -0.18120141 0.0022886056 0.03947467 -0.092170075 -0.08869153 0.98843527 0.08145136
25299899.616216216 -0.16146228 0.012044413 0.042686738 -0.09404206 -0.091757916 0.98795956 0.08168567
25349917.616216216 -0.15078886 0.02209595 0.03650421 -0.0925794 -0.091752835 0.9880527 0.08223345
25399934.616216216 -0.1329529 0.04029817 0.041435953 -0.09150917 -0.09196798 0.98785794 0.08546783
25449951.616216216 -0.121573515 0.048571203 0.040858828 -0.09070982 -0.089067824 0.9880882 0.08672051
25499968.616216216 -0.10835608 0.059169427 0.04448763 -0.0918866 -0.08402493 0.9881378 0.089891374
25549986.866216216 -0.09252528 0.0765623 0.042155504 -0.092498384 -0.08052659 0.9879921 0.093974546
25600003.866216216 -0.085661456 0.085424304 0.04127622 -0.092589885 -0.07900888 0.9877237 0.097911894
25650020.616216216 -0.06805124 0.09526245 0.036717616 -0.09204313 -0.07670201 0.9875399 0.102029175
25700037.616216216 -0.06263158 0.10910764 0.038728986 -0.08900898 -0.07578741 0.9874752 0.10595445
25750054.616216216 -0.05192877 0.12261366 0.039293345 -0.087040566 -0.07269533 0.98769516 0.10769252
25800072.616216216 -0.047795303 0.13304706 0.037787292 -0.08602267 -0.074076 0.98747456 0.109576195
25850089.616216216 -0.03927385 0.13942677 0.045790434 -0.08594824 -0.072064035 0.9878387 0.10767736
25900106.616216216 -0.03328412 0.14881301 0.045392632 -0.08549207 -0.073738314 0.98783845 0.10690706
25950123.616216216 -0.030450387 0.15943544 0.04581439 -0.08422913 -0.074132316 0.9881085 0.105125695
26000141.866216216 -0.020820735 0.16716163 0.05259826 -0.085767716 -0.07586783 0.9881928 0.101799056
26050158.866216216 -0.01791075 0.1777382 0.05205793 -0.083844066 -0.07627932 0.988624 0.098865815
26100175.616216216 -0.013278768 0.18637924 0.056226972 -0.08444516 -0.07672834 0.9888193 0.096011765
26150192.616216216 -0.006090274 0.1949565 0.06472146 -0.08741402 -0.07551741 0.98893917 0.09303337
26200210.616216216 -0.0074152057 0.20475371 0.06275482 -0.090045266 -0.07524376 0.9890222 0.08980723
26250227.616216216 -0.0016629439 0.21337414 0.061822865 -0.094904944 -0.07024729 0.98923475 0.08644676
26300244.616216216 0.008817808 0.22158307 0.07491646 -0.098510705 -0.06911795 0.989135 0.08444094
26350261.616216216 0.014245248 0.2257041 0.06336421 -0.09301435 -0.06504507 0.98996115 0.08422913
26400278.616216216 0.014444049 0.22956881 0.06337706 -0.08414212 -0.06058223 0.99074584 0.0875939
26450296.866216216 0.016372606 0.22942117 0.058296297 -0.0781458 -0.053800154 0.9912214 0.09208052
26500313.866216216 0.02446698 0.23716676 0.061153863 -0.07635035 -0.04742969 0.99091816 0.100011334
26550330.616216216 0.0342717 0.24469468 0.052406464 -0.075384334 -0.043134842 0.99025136 0.108899
26600347.616216216 0.036453184 0.2531951 0.058066342 -0.07135133 -0.037805002 0.98971087 0.11811964
26650365.616216216 0.043867543 0.2622886 0.054055087 -0.06544188 -0.031461116 0.98945457 0.12532881
26700382.616216216 0.049070805 0.27110857 0.054711804 -0.060124546 -0.027607104 0.9890818 0.13168202
26750399.616216216 0.04890032 0.28155532 0.0607772 -0.054015763 -0.022959175 0.98893034 0.13627937
26800416.616216216 0.05447665 0.29207456 0.06504412 -0.04985034 -0.020125182 0.98892224 0.13835783
26850434.866216216 0.056160208 0.29615325 0.07469925 -0.048509303 -0.01851626 0.9892745 0.13652837
26900451.866216216 0.05262854 0.30133718 0.08986972 -0.049299862 -0.019858634 0.9895336 0.13415815
26950468.616216216 0.04968855 0.3184657 0.0919947 -0.050835002 -0.020658426 0.98941106 0.13436806
27000485.616216216 0.05293278 0.32664445 0.09429406 -0.053631112 -0.022113254 0.9894119 0.13303739
27050503.616216216 0.053689312 0.33442247 0.09860368 -0.0556908 -0.024882965 0.9893464 0.1321864
27100520.616216216 0.05248615 0.3451746 0.100689664 -0.058296576 -0.026014451 0.98919415 0.13198395
27150537.616216216 0.054072198 0.35739198 0.09993406 -0.06105494 -0.025950339 0.98877466 0.13387956
27200554.616216216 0.054177668 0.3645789 0.10216568 -0.06493936 -0.026238624 0.9884137 0.13465813
27250571.616216216 0.057158157 0.37379947 0.10571959 -0.0687349 -0.024766793 0.98804367 0.13576454
27300589.866216216 0.056301698 0.38044488 0.10996128 -0.07001664 -0.020779332 0.9881123 0.13527803
27350606.866216216 0.05861431 0.38874403 0.11330064 -0.07223276 -0.019573143 0.9879929 0.13516462
27400623.616216216 0.05684221 0.39780062 0.11080945 -0.074212044 -0.015569402 0.9879653 0.13481389
27450640.616216216 0.06504619 0.40424365 0.122150406 -0.0762081 -0.0115351705 0.9878934 0.13463286
27500658.616216216 0.062367756 0.40280455 0.12570256 -0.07293141 -0.009775171 0.98840064 0.13285205
27550675.616216216 0.060941286 0.41413808 0.12665403 -0.071661465 -0.0075371927 0.9884573 0.13326718
27600692.616216216 0.06615978 0.41872624 0.13980909 -0.071739815 -0.0068081254 0.9885036 0.13292006
27650709.616216216 0.061764106 0.42606127 0.13452788 -0.07059829 -0.0065225214 0.9884592 0.13387197
27700727.866216216 0.06498587 0.4195944 0.1328139 -0.07211459 -0.0088763265 0.9882442 0.13451451
27750744.866216216 0.06509097 0.4241316 0.12958424 -0.074977644 -0.010170041 0.987602 0.13754052
