0.04119786621621621 -0.0 -0.0 -0.0 -0.0 -0.0 -0.0 1.0
0.0912148662162162 0.0013975853798910975 0.004474638495594263 -0.006254552397876978 0.0010021275375038385 -0.0021283163223415613 0.0024378043599426746 0.9999942779541016
0.14123161621621622 -0.0007234599906951189 -0.006764131132513285 -0.02612145058810711 -0.0002338343911105767 -0.0006192211876623333 0.00128964486066252 0.9999989867210388
0.1912486162162162 -0.0007234599906951189 -0.006764131132513285 -0.02612145058810711 -0.0002338343911105767 -0.0006192211876623333 0.00128964486066252 0.9999989867210388
0.2412656162162162 0.0037318430840969086 -0.0067883203737437725 -0.026030566543340683 0.00015269026334863156 0.000591061485465616 0.00361170107498765 0.9999933242797852
0.29128361621621623 -0.008800750598311424 -0.01643133908510208 -0.026231056079268456 -0.0014174167299643159 0.002903805812820792 0.0036990351509302855 0.9999879598617554
0.3413006162162162 -0.008800750598311424 -0.01643133908510208 -0.026231056079268456 -0.0014174167299643159 0.002903805812820792 0.0036990351509302855 0.9999879598617554
0.39131761621621625 -0.03260790556669235 -0.0048907785676419735 -0.0009361548000015318 -0.0005552761722356081 0.002121133729815483 0.00429684529080987 0.9999884366989136
0.4413346162162162 -0.03260790556669235 -0.0048907785676419735 -0.0009361548000015318 -0.0005552761722356081 0.002121133729815483 0.00429684529080987 0.9999884366989136
0.4913528662162162 -0.03260790556669235 -0.0048907785676419735 -0.0009361548000015318 -0.0005552761722356081 0.002121133729815483 0.00429684529080987 0.9999884366989136
0.5413698662162162 -0.03260790556669235 -0.0048907785676419735 -0.0009361548000015318 -0.0005552761722356081 0.002121133729815483 0.00429684529080987 0.9999884366989136
0.5913866162162162 -0.054169442504644394 -0.009909592568874359 -0.00280155916698277 -0.0013350441586226225 -0.007409857586026192 0.002238742308691144 0.9999691843986511
0.6414036162162162 -0.054169442504644394 -0.009909592568874359 -0.00280155916698277 -0.0013350441586226225 -0.007409857586026192 0.002238742308691144 0.9999691843986511
0.6914216162162162 -0.054169442504644394 -0.009909592568874359 -0.00280155916698277 -0.0013350441586226225 -0.007409857586026192 0.002238742308691144 0.9999691843986511
0.7414386162162162 -0.07462920993566513 -0.028455030173063278 -0.008966495282948017 0.0036114200484007597 -0.014518926851451397 0.001027968362905085 0.9998875856399536
0.7914556162162162 -0.0645892471075058 -0.04631095752120018 -0.005791027098894119 0.0036894117947667837 -0.016301510855555534 0.0028678032103925943 0.9998562335968018
0.8414726162162163 -0.061245761811733246 -0.054263968020677567 -0.010025625117123127 0.0037187407724559307 -0.01585649698972702 0.003423946211114526 0.9998615384101868
0.8914898662162163 -0.05048835277557373 -0.06746628135442734 -0.0009435418760403991 0.0011071473127231002 -0.014872575178742409 0.005002402700483799 0.9998763203620911
0.9415078662162162 -0.04284588247537613 -0.0771714523434639 -0.0012841911520808935 0.002540874294936657 -0.015567113645374775 0.008348816074430943 0.9998407959938049
0.9915246162162162 -0.025160491466522217 -0.08671072870492935 -0.005212710238993168 0.0015567528316751122 -0.017587309703230858 0.0073411655612289906 0.9998171925544739
1.0415416162162163 -0.017331590875983238 -0.09391988068819046 -0.001091052545234561 0.00025221644318662584 -0.011778251267969608 0.007896434515714645 0.9998994469642639
1.0915586162162163 0.0019948994740843773 -0.10232876241207123 0.001893439213745296 0.014531253837049007 -0.0080623310059309 0.0028388716746121645 0.9998579025268555
1.1415766162162162 0.015181954018771648 -0.10397963970899582 -0.001624413882382214 0.016754252836108208 -0.0031856128480285406 0.002680889330804348 0.9998510479927063
1.1915936162162162 0.025025827810168266 -0.11102587729692459 -0.0005474925856105983 0.014847232028841972 0.004550819285213947 0.002581966808065772 0.9998761415481567
1.2416106162162162 0.04138254001736641 -0.10859176516532898 -0.00084064865950495 0.01566658727824688 0.009859002195298672 0.0028607340063899755 0.999824583530426
1.2916276162162161 0.05679329112172127 -0.10301504284143448 -0.0034273588098585606 0.01621105521917343 0.0166659913957119 0.0037356256507337093 0.9997227191925049
1.3416458662162163 0.07132167369127274 -0.10120092332363129 -0.007902382872998714 0.014436931349337101 0.025343265384435654 0.004001890309154987 0.9995665550231934
1.3916628662162163 0.08449963480234146 -0.0983743965625763 -0.009903697296977043 0.012528256513178349 0.0314614400267601 0.004131751600652933 0.9994179010391235
1.4416796162162162 0.10337034612894058 -0.08132506161928177 -0.009267627261579037 0.011843069456517696 0.041242729872465134 0.003912581596523523 0.9990713000297546
1.4916966162162162 0.11509433388710022 -0.07298969477415085 -0.013543389737606049 0.011156675405800343 0.045052699744701385 0.004347177688032389 0.9989128708839417
1.5417146162162163 0.1236857920885086 -0.06482289731502533 -0.01831776089966297 0.010299528948962688 0.04824461042881012 0.005566852167248726 0.9987669587135315
1.5917316162162163 0.13121505081653595 -0.0575529970228672 -0.01776832528412342 0.0077687641605734825 0.04981439188122749 0.006949224974960089 0.9987041354179382
1.6417486162162163 0.13369223475456238 -0.047477371990680695 -0.02073078788816929 0.005418939050287008 0.050704680383205414 0.006907489150762558 0.9986751675605774
1.6917656162162162 0.1326698362827301 -0.028739849105477333 -0.023219093680381775 0.004864591173827648 0.05047627165913582 0.007941309362649918 0.998681902885437
1.7417826162162162 0.1262604296207428 -0.01865326426923275 -0.017004774883389473 0.002424961421638727 0.050381217151880264 0.009632277302443981 0.9986807107925415
1.7918008662162161 0.11813289672136307 -0.0019279755651950836 -0.019719690084457397 0.0020140246488153934 0.04830797389149666 0.009850365109741688 0.9987819194793701
1.8418178662162161 0.10154755413532257 0.010345421731472015 -0.01372513547539711 0.00019586864800658077 0.047498393803834915 0.009791823104023933 0.998823344707489
1.8918346162162163 0.08925691992044449 0.02255750261247158 -0.0048588598147034645 -0.0002627150679472834 0.04380367696285248 0.009138518944382668 0.9989984035491943
1.9418516162162163 0.07729686051607132 0.033324386924505234 -0.0029144040308892727 -0.0011360299540683627 0.04011687636375427 0.009802468121051788 0.9991462826728821
1.9918696162162162 0.0626988410949707 0.04498711973428726 -0.002181151881814003 -0.0005674185231328011 0.03487049415707588 0.008434895426034927 0.9993561506271362
2.041886616216216 0.03759285435080528 0.045644957572221756 -0.0011337734758853912 -0.0015555489808321 0.030773991718888283 0.005612109787762165 0.9995094537734985
2.091903616216216 0.01598023809492588 0.045916251838207245 0.0027144858613610268 0.0010217655217275023 0.0277211032807827 0.0031386406626552343 0.9996103048324585
2.141920616216216 -0.006063408218324184 0.050239354372024536 0.008353867568075657 0.0032086875289678574 0.024865012615919113 0.00015087520296219736 0.9996856451034546
2.191938866216216 -0.012568176724016666 0.018335023894906044 0.009844168089330196 -0.00316167832352221 0.017683476209640503 -0.003467325819656253 0.9998326897621155
2.2419558662162165 -0.03823736310005188 0.01261188369244337 0.01499309204518795 -0.0045902724377810955 0.013608078472316265 -0.00692010996863246 0.9998729825019836
2.291972616216216 -0.05849787965416908 0.008889793418347836 0.020038148388266563 -0.005371443461626768 0.008637291379272938 -0.009048640727996826 0.9999073147773743
2.341989616216216 -0.07817662507295609 -0.001996020320802927 0.029589934274554253 -0.008458823896944523 0.003824517596513033 -0.01127072237432003 0.9998934268951416
2.3920076162162163 -0.09053754806518555 -0.012090364471077919 0.030990131199359894 -0.010493873618543148 -0.004073101561516523 -0.01169302687048912 0.9998683333396912
2.4420246162162162 -0.1056106686592102 -0.024170882999897003 0.035341527312994 -0.012113518081605434 -0.010230043902993202 -0.012238823808729649 0.999799370765686
2.4920416162162162 -0.12143915146589279 -0.041873760521411896 0.03706316277384758 -0.013027331791818142 -0.014420884661376476 -0.01038117054849863 0.9997572898864746
2.542058616216216 -0.1288730502128601 -0.056302864104509354 0.03502291068434715 -0.012872065417468548 -0.01877228356897831 -0.00865944568067789 0.9997034668922424
2.592075616216216 -0.12679825723171234 -0.0678519457578659 0.04097277671098709 -0.011378825642168522 -0.025293054059147835 -0.007744740229099989 0.9995853900909424
2.642093866216216 -0.13164520263671875 -0.08371556550264359 0.03918730840086937 -0.010682323016226292 -0.02855534292757511 -0.0071647921577095985 0.9995094537734985
2.692110866216216 -0.1364566534757614 -0.10283543914556503 0.03912258893251419 -0.009801700711250305 -0.030312519520521164 -0.006567185278981924 0.9994708299636841
2.7421276162162163 -0.12195424735546112 -0.1203182190656662 0.036041259765625 -0.007994505576789379 -0.03368459269404411 -0.006239235866814852 0.9993810653686523
2.7921446162162162 -0.11081162095069885 -0.13349159061908722 0.03423116356134415 -0.005963118281215429 -0.0339062362909317 -0.004386759363114834 0.9993976354598999
2.8421626162162164 -0.09445000439882278 -0.15097704529762268 0.02912788651883602 -0.006207600235939026 -0.03319716453552246 -0.002741980366408825 0.9994257688522339
2.8921796162162163 -0.08172470331192017 -0.16072407364845276 0.02869223617017269 -0.005945904180407524 -0.029610352590680122 -0.0024610471446067095 0.9995408654212952
2.9421966162162163 -0.06918247044086456 -0.1711139976978302 0.02729572169482708 -0.00883952621370554 -0.02479379251599312 -0.0011028534499928355 0.9996529221534729
2.9922136162162163 -0.056525688618421555 -0.1801525205373764 0.026788149029016495 -0.01173180341720581 -0.017507148906588554 -0.001416103565134108 0.9997768998146057
3.042231866216216 -0.037704285234212875 -0.1850358247756958 0.024163702502846718 -0.014242514967918396 -0.010132340714335442 -0.0006542014889419079 0.9998470544815063
3.092248866216216 -0.024363026022911072 -0.18863697350025177 0.020906861871480942 -0.015383118763566017 -0.0028339482378214598 -0.00296649313531816 0.9998733401298523
3.142265866216216 -0.014178907498717308 -0.18153640627861023 0.012902152724564075 -0.013629168272018433 0.005375888664275408 -0.005652470514178276 0.9998767375946045
3.1922826162162163 -0.00214591552503407 -0.17135575413703918 0.006486449856311083 -0.012257697992026806 0.011806455440819263 -0.0054283528588712215 0.999840497970581
3.2422996162162163 0.005473683122545481 -0.16024871170520782 0.006268779747188091 -0.01173515897244215 0.018084539100527763 -0.006298010237514973 0.9997478127479553
3.2923176162162164 0.015922406688332558 -0.14957399666309357 0.002093524904921651 -0.012337704189121723 0.023515934124588966 -0.005640209652483463 0.9996314644813538
3.3423346162162164 0.03378495201468468 -0.13013501465320587 8.098378748400137e-05 -0.013509713113307953 0.027127407491207123 -0.002887164941057563 0.9995365738868713
3.3923516162162164 0.042979802936315536 -0.11703155189752579 0.004480324685573578 -0.017967967316508293 0.032142460346221924 0.0007385431090369821 0.9993215799331665
3.4423686162162164 0.049618639051914215 -0.09616878628730774 -0.0020289167296141386 -0.02047724463045597 0.03601479157805443 0.0034445186611264944 0.9991355538368225
3.4923868662162163 0.058642465621232986 -0.07465728372335434 0.0027019099798053503 -0.022674327716231346 0.037841469049453735 0.006948032416403294 0.9990023374557495
3.5424038662162163 0.05524297431111336 -0.049389276653528214 0.007536638528108597 -0.02343841828405857 0.03978709876537323 0.009796679019927979 0.9988852739334106
3.5924206162162164 0.04586067050695419 -0.03596246987581253 0.01003620121628046 -0.02508668787777424 0.039035238325595856 0.010054775513708591 0.9988723397254944
3.6424376162162164 0.04190449416637421 -0.02078395150601864 0.01780480332672596 -0.025958675891160965 0.03878012299537659 0.011573601514101028 0.9988434910774231
3.692455616216216 0.027991749346256256 -0.01112853828817606 0.025808395817875862 -0.026688845828175545 0.0374460443854332 0.011587326414883137 0.9988750219345093
3.742472616216216 0.021159477531909943 -0.0003617760958150029 0.03533320501446724 -0.025829873979091644 0.0348362922668457 0.008753808215260506 0.9990208148956299
3.792489616216216 0.012952412478625774 0.01017447467893362 0.03579162061214447 -0.022961601614952087 0.03035983443260193 0.008861512877047062 0.999235987663269
3.842506616216216 -0.006506614852696657 0.00629411218687892 0.04585839807987213 -0.023201139643788338 0.02698112651705742 0.004689189605414867 0.9993557333946228
3.8925236162162165 -0.021574221551418304 0.0012054929975420237 0.046296052634716034 -0.021408379077911377 0.02298804186284542 0.0019890712574124336 0.999504566192627
3.9425418662162164 -0.03768990933895111 -0.0041288044303655624 0.05171338841319084 -0.0190731193870306 0.020617574453353882 8.443184924544767e-05 0.9996054768562317
3.9925588662162164 -0.05389117822051048 -0.006447037681937218 0.05236706882715225 -0.015545900911092758 0.017990900203585625 -0.0021058644633740187 0.9997150897979736
4.042575616216216 -0.07225219160318375 -0.02312866598367691 0.05858314037322998 -0.014210918918251991 0.014008053578436375 -0.0031100017949938774 0.9997960925102234
4.0925926162162165 -0.0921754464507103 -0.03699265047907829 0.0613831952214241 -0.012856683693826199 0.0074889869429171085 -0.004374708514660597 0.999879777431488
4.142610616216216 -0.11022014170885086 -0.051659662276506424 0.06616917252540588 -0.012063605710864067 0.0012299749068915844 -0.005265450105071068 0.9999126195907593
4.192627616216217 -0.13025568425655365 -0.06534479558467865 0.06518441438674927 -0.010526695288717747 -0.004609602969139814 -0.0066479104571044445 0.999911904335022
4.242644616216216 -0.1365247517824173 -0.08648592233657837 0.06967588514089584 -0.010643784888088703 -0.013924902305006981 -0.006106131244450808 0.9998277425765991
4.292661616216217 -0.1495262086391449 -0.10879242420196533 0.07091594487428665 -0.01070400234311819 -0.022727729752659798 -0.005471973679959774 0.9996694326400757
4.3426798662162165 -0.15567097067832947 -0.128361314535141 0.07312735915184021 -0.009176729246973991 -0.03364569693803787 -0.0034095963928848505 0.9993859529495239
4.392696866216216 -0.16124020516872406 -0.14642030000686646 0.07655338943004608 -0.007087324280291796 -0.04138137400150299 -0.0008847098215483129 0.999117910861969
4.4427138662162164 -0.16561661660671234 -0.16827233135700226 0.07465634495019913 -0.004631992895156145 -0.04585907980799675 -0.0008565644966438413 0.9989368319511414
4.492730616216217 -0.16650275886058807 -0.1817714124917984 0.0697963759303093 -0.0007713889353908598 -0.048064954578876495 -0.001351805287413299 0.9988430142402649
4.542748616216216 -0.16554632782936096 -0.19733749330043793 0.07558406889438629 0.0014836323680356145 -0.04686655104160309 -0.002528232056647539 0.9988968968391418
4.592765616216216 -0.1501626968383789 -0.21174272894859314 0.07416408509016037 0.003735625883564353 -0.04797913506627083 -0.0037268418818712234 0.9988344311714172
4.642782616216216 -0.1380944401025772 -0.22205084562301636 0.07802920788526535 0.004567343275994062 -0.0478341318666935 -0.00728779099881649 0.9988183379173279
4.692799616216217 -0.11532308161258698 -0.22309499979019165 0.07319813221693039 0.006121073383837938 -0.047731611877679825 -0.009549625217914581 0.9987958669662476
4.742816616216216 -0.09733161330223083 -0.22814269363880157 0.0766305923461914 0.004076098557561636 -0.04603239893913269 -0.012464799918234348 0.998853862285614
4.792834866216216 -0.0827425941824913 -0.22590304911136627 0.07953672111034393 0.004383380990475416 -0.0420108288526535 -0.015518087893724442 0.9989870190620422
4.8428518662162165 -0.06944277137517929 -0.22406591475009918 0.07836464047431946 0.0035660178400576115 -0.03896418586373329 -0.01844480261206627 0.999064028263092
4.892868616216216 -0.0491931326687336 -0.22237983345985413 0.07730723172426224 0.003121819579973817 -0.037088293582201004 -0.020089048892259598 0.9991052150726318
4.942885616216216 -0.03368357568979263 -0.211830735206604 0.0740247443318367 0.004418911878019571 -0.034639909863471985 -0.021572010591626167 0.9991572499275208
4.992903616216216 -0.02097543329000473 -0.20346522331237793 0.06424015015363693 0.0038248207420110703 -0.03205575421452522 -0.0217409897595644 0.9992423057556152
5.042920616216216 -0.0036175749264657497 -0.19377300143241882 0.05617716908454895 0.0028494885191321373 -0.029850423336029053 -0.02085392363369465 0.9993327856063843
5.092937616216216 0.008274605497717857 -0.1746029406785965 0.0551333874464035 0.001313540036790073 -0.02754444256424904 -0.018642010167241096 0.999445915222168
5.142954616216216 0.022986259311437607 -0.15387821197509766 0.043852612376213074 -0.0004276363761164248 -0.026587318629026413 -0.015977919101715088 0.9995186924934387
5.192972866216216 0.02893441542983055 -0.1332046389579773 0.04262189939618111 -0.00422101141884923 -0.025120191276073456 -0.01541033573448658 0.9995567798614502
5.242989866216217 0.029012266546487808 -0.11009068787097931 0.04277095943689346 -0.007140146568417549 -0.023112744092941284 -0.013405729085206985 0.9996175169944763
5.293006866216216 0.03110305219888687 -0.08481298387050629 0.0396721325814724 -0.010015470907092094 -0.022117165848612785 -0.014367957599461079 0.9996019601821899
5.343023616216216 0.02572881057858467 -0.062299694865942 0.04370236024260521 -0.012901989743113518 -0.019379587844014168 -0.014698433689773083 0.9996209144592285
5.393040616216216 0.008818639442324638 -0.04313133284449577 0.043256521224975586 -0.016439642757177353 -0.01768031343817711 -0.016823211684823036 0.9995669722557068
5.4430586162162164 -0.00542853306978941 -0.023256640881299973 0.04942157864570618 -0.01892884075641632 -0.02086358517408371 -0.01956545189023018 0.9994116425514221
5.493075616216216 -0.020298568531870842 -0.008716952987015247 0.05318712070584297 -0.022417252883315086 -0.024965720251202583 -0.019717419520020485 0.9992424249649048
5.543092616216216 -0.03623991087079048 0.0014423321699723601 0.05489571392536163 -0.026297595351934433 -0.027466628700494766 -0.02137485146522522 0.9990481734275818
5.593109616216216 -0.05456110090017319 0.005839115474373102 0.056214697659015656 -0.030311597511172295 -0.029393911361694336 -0.02196807786822319 0.9988666772842407
5.643127866216216 -0.07263370603322983 0.01212471816688776 0.058113377541303635 -0.03332465887069702 -0.03280479088425636 -0.022501610219478607 0.9986525774002075
5.693144866216216 -0.08758332580327988 0.011430344544351101 0.057596590369939804 -0.03705838695168495 -0.040674999356269836 -0.023598812520503998 0.9982060790061951
5.743161866216216 -0.11106570810079575 0.007974227890372276 0.05843425169587135 -0.04070250317454338 -0.050532691180706024 -0.024422869086265564 0.9975937604904175
5.793178616216216 -0.12821640074253082 -0.0019013220444321632 0.061995722353458405 -0.04563037306070328 -0.06311505287885666 -0.026087364181876183 0.9966211915016174
5.8431966162162166 -0.15561507642269135 -0.006896099075675011 0.06294625997543335 -0.04865222051739693 -0.0727127268910408 -0.02861092798411846 0.995754599571228
5.893213616216216 -0.177311971783638 -0.019800560548901558 0.06362442672252655 -0.05167325958609581 -0.08188420534133911 -0.031253620982170105 0.9948105812072754
5.9432306162162165 -0.19967398047447205 -0.035322707146406174 0.06264699995517731 -0.052888114005327225 -0.08987259864807129 -0.032843366265296936 0.9940056204795837
5.993247616216216 -0.21741022169589996 -0.05604703351855278 0.059996601194143295 -0.05199023708701134 -0.09728098660707474 -0.0328245609998703 0.993355929851532
6.043265866216216 -0.2312936931848526 -0.07871483266353607 0.057510051876306534 -0.04885922744870186 -0.10300599038600922 -0.03143901005387306 0.9929825067520142
6.093282866216216 -0.24036923050880432 -0.10303328186273575 0.053402531892061234 -0.04345348849892616 -0.10429553687572479 -0.029682524502277374 0.9931532144546509
6.143299866216216 -0.24141639471054077 -0.12920652329921722 0.05752412974834442 -0.037795815616846085 -0.10607301443815231 -0.02573198452591896 0.9933065176010132
6.193316616216216 -0.23703564703464508 -0.15217453241348267 0.05499555915594101 -0.030612098053097725 -0.10707677155733109 -0.02155732549726963 0.9935455918312073
6.2433336162162165 -0.22728335857391357 -0.17377468943595886 0.05459625646471977 -0.023482205346226692 -0.10585556924343109 -0.016066865995526314 0.9939743876457214
6.293351616216216 -0.2145899385213852 -0.2000592201948166 0.05576733872294426 -0.019050979986786842 -0.10220807045698166 -0.011906995438039303 0.9945093393325806
6.343368616216217 -0.19838781654834747 -0.21187038719654083 0.0562392994761467 -0.013107222504913807 -0.09464116394519806 -0.00937509723007679 0.9953810572624207
6.393385616216216 -0.18114860355854034 -0.21724478900432587 0.062158357352018356 -0.008820421062409878 -0.08463940769433975 -0.008887853473424911 0.9963330030441284
6.443402616216217 -0.163960263133049 -0.22354711592197418 0.0626334697008133 -0.006427234038710594 -0.07375369966030121 -0.008753840811550617 0.9972173571586609
6.4934208662162165 -0.14631055295467377 -0.2254682183265686 0.06470505148172379 -0.00577351963147521 -0.06436114758253098 -0.009345293045043945 0.9978662729263306
6.543437866216216 -0.12949928641319275 -0.22529514133930206 0.069435253739357 -0.006943124812096357 -0.05494522303342819 -0.010723491199314594 0.9984076619148254
6.5934548662162165 -0.11481223255395889 -0.218608558177948 0.06909140944480896 -0.00861364509910345 -0.04688919708132744 -0.011963332071900368 0.9987913370132446
6.643471616216217 -0.09506704658269882 -0.20545853674411774 0.06950506567955017 -0.010107902809977531 -0.039709798991680145 -0.011376868933439255 0.9990953803062439
6.693489616216216 -0.07730960100889206 -0.18982966244220734 0.07174601405858994 -0.0127236507833004 -0.03392590954899788 -0.01073669083416462 0.9992856979370117
6.743506616216216 -0.067571721971035 -0.1717706322669983 0.06910526752471924 -0.015393423847854137 -0.027929464355111122 -0.011787048541009426 0.9994218349456787
6.793523616216216 -0.05614215135574341 -0.15010283887386322 0.06773195415735245 -0.01940445601940155 -0.023037513718008995 -0.011659566313028336 0.999478280544281
6.843540616216217 -0.045909907668828964 -0.12277230620384216 0.0671360120177269 -0.023741861805319786 -0.018903646618127823 -0.010539473965764046 0.9994838237762451
6.893557616216216 -0.04707053676247597 -0.09658075869083405 0.07469859719276428 -0.03114572912454605 -0.015448810532689095 -0.00953169260174036 0.9993500113487244
6.943575866216216 -0.04486995190382004 -0.0677754357457161 0.07634561508893967 -0.038555700331926346 -0.014454346150159836 -0.009015435352921486 0.9991112947463989
6.993592866216217 -0.04906746372580528 -0.04279881715774536 0.08267742395401001 -0.046366672962903976 -0.01212534960359335 -0.009581271559000015 0.9988049864768982
7.043609866216216 -0.056481268256902695 -0.017946744337677956 0.09040381759405136 -0.053549494594335556 -0.011769904755055904 -0.010333687998354435 0.9984423518180847
7.093626616216216 -0.06607012450695038 0.008884173817932606 0.0946044772863388 -0.058711424469947815 -0.01360604353249073 -0.009804022498428822 0.9981341361999512
7.143644616216216 -0.07530305534601212 0.029519814997911453 0.10425824671983719 -0.06513748317956924 -0.019059063866734505 -0.010841489769518375 0.9976354241371155
7.193661616216216 -0.09405112266540527 0.044236939400434494 0.10912614315748215 -0.07141734659671783 -0.02504432201385498 -0.011172136291861534 0.9970694780349731
7.243678616216216 -0.10985933244228363 0.05592223256826401 0.11165445297956467 -0.0767669826745987 -0.03344805911183357 -0.011744571849703789 0.9964187145233154
7.293695616216216 -0.12916353344917297 0.06231284514069557 0.11551018059253693 -0.08208110183477402 -0.04254622012376785 -0.012078903615474701 0.9956438541412354
7.343713866216216 -0.15115416049957275 0.06201177090406418 0.11894699931144714 -0.08685822784900665 -0.05210394412279129 -0.012188589200377464 0.994782567024231
7.393730866216217 -0.16984125971794128 0.05731502175331116 0.12386447191238403 -0.0905257910490036 -0.06282205879688263 -0.011473506689071655 0.9938444495201111
7.443747866216216 -0.1893438994884491 0.04806773364543915 0.12760061025619507 -0.0932997316122055 -0.0718749612569809 -0.011689460836350918 0.9929715991020203
7.493764616216216 -0.2059738039970398 0.03236669674515724 0.1297605335712433 -0.09536191821098328 -0.07963826507329941 -0.011084302328526974 0.9921900629997253
7.543782616216216 -0.22513553500175476 0.013957610353827477 0.1317935287952423 -0.0955556333065033 -0.08495644479990005 -0.011040566489100456 0.9917306303977966
7.5937996162162165 -0.23622779548168182 -0.005223254207521677 0.13571670651435852 -0.09274710714817047 -0.09065268933773041 -0.00946858897805214 0.991509199142456
7.643816616216216 -0.246333509683609 -0.030494874343276024 0.1358841359615326 -0.08944373577833176 -0.09530845284461975 -0.008420667611062527 0.9913855195045471
7.693833616216216 -0.25106173753738403 -0.06098287180066109 0.14256645739078522 -0.08632088452577591 -0.09916368871927261 -0.006703591905534267 0.9912973046302795
7.743850616216216 -0.2555641531944275 -0.08665402978658676 0.1426314115524292 -0.0807904303073883 -0.10240823030471802 -0.006309500429779291 0.9914361834526062
7.793868866216216 -0.2565717399120331 -0.11363696306943893 0.14395108819007874 -0.07459494471549988 -0.10408857464790344 -0.005490303039550781 0.9917515516281128
7.843885866216216 -0.2518765926361084 -0.13799357414245605 0.14831897616386414 -0.0675542950630188 -0.10641851276159286 -0.0052122147753834724 0.9920102953910828
7.893902866216216 -0.2424439787864685 -0.15877041220664978 0.14558717608451843 -0.05971158668398857 -0.10796800255775452 -0.0065178414806723595 0.9923381805419922
7.943919616216216 -0.22938145697116852 -0.17933465540409088 0.14694571495056152 -0.0529775395989418 -0.10514767467975616 -0.00753563828766346 0.9930158853530884
7.993937616216217 -0.21404622495174408 -0.1938045769929886 0.14773830771446228 -0.04691409692168236 -0.10011913627386093 -0.009813116863369942 0.9938203692436218
8.043954616216217 -0.19792188704013824 -0.20238551497459412 0.14571930468082428 -0.0420294813811779 -0.09201911091804504 -0.011651851236820221 0.9948017001152039
8.093971616216216 -0.1778443306684494 -0.20545636117458344 0.14976418018341064 -0.0392182432115078 -0.08303812891244888 -0.012527518905699253 0.9956955909729004
8.143988616216216 -0.15744061768054962 -0.20494678616523743 0.15242299437522888 -0.038406893610954285 -0.07321416586637497 -0.015295329503715038 0.9964591264724731
8.194006616216216 -0.13392305374145508 -0.19790877401828766 0.15458618104457855 -0.038345612585544586 -0.06434078514575958 -0.01559413317590952 0.9970690608024597
8.244023866216216 -0.1190136969089508 -0.1895642876625061 0.15647189319133759 -0.04083222523331642 -0.05436403304338455 -0.01678604446351528 0.9975447654724121
8.294040866216216 -0.10303011536598206 -0.1793045997619629 0.15370656549930573 -0.04434479400515556 -0.0460134856402874 -0.018297312781214714 0.9977883100509644
8.344057866216216 -0.08516740053892136 -0.1627696454524994 0.154136061668396 -0.0486408993601799 -0.04061660170555115 -0.01810952089726925 0.9978258609771729
8.394074616216216 -0.07571980357170105 -0.14193470776081085 0.15492281317710876 -0.05262170732021332 -0.03514902666211128 -0.018404273316264153 0.997826099395752
8.444092616216217 -0.0649961307644844 -0.11939623206853867 0.15300880372524261 -0.057935960590839386 -0.03175697475671768 -0.017935942858457565 0.9976539015769958
8.494109616216216 -0.05303766578435898 -0.09669489413499832 0.15229913592338562 -0.0627073422074318 -0.02878296747803688 -0.01689046062529087 0.9974738955497742
8.544126616216216 -0.052308905869722366 -0.07071620970964432 0.15410424768924713 -0.06805205345153809 -0.02560255117714405 -0.01692689210176468 0.9972096085548401
8.594143616216217 -0.05251583456993103 -0.04845571145415306 0.15447083115577698 -0.07368181645870209 -0.02511417493224144 -0.016890941187739372 0.9968224763870239
8.644161866216216 -0.06013106182217598 -0.02365509420633316 0.15822722017765045 -0.07837211340665817 -0.02727087214589119 -0.015731004998087883 0.9964269995689392
8.694178866216216 -0.07103557139635086 -0.00298233050853014 0.15958954393863678 -0.0833948627114296 -0.030687281861901283 -0.016097860410809517 0.9959139227867126
8.744195866216216 -0.07885588705539703 0.016765542328357697 0.1576572060585022 -0.08829285949468613 -0.03620822727680206 -0.0167691670358181 0.9952950477600098
8.794212616216216 -0.09758280962705612 0.02931751310825348 0.15739595890045166 -0.09402038156986237 -0.04162532091140747 -0.018515372648835182 0.9945273995399475
8.844230616216215 -0.11380670964717865 0.03853878006339073 0.1575217992067337 -0.10015421360731125 -0.05057729780673981 -0.019614966586232185 0.9934920072555542
8.894247616216216 -0.13243325054645538 0.04081501066684723 0.15828552842140198 -0.10655961185693741 -0.06183042377233505 -0.02091524749994278 0.9921615719795227
8.944264616216216 -0.1591794788837433 0.036166731268167496 0.15662309527397156 -0.11243422329425812 -0.07259497791528702 -0.021132921800017357 0.9907784461975098
8.994281616216217 -0.18291592597961426 0.029127176851034164 0.1573011428117752 -0.1169794574379921 -0.08174751698970795 -0.02177545614540577 0.9895246624946594
9.044299616216216 -0.20243540406227112 0.01886390708386898 0.15594851970672607 -0.11909466981887817 -0.09017851203680038 -0.023144297301769257 0.9885083436965942
9.094316866216216 -0.21806152164936066 0.0017806943506002426 0.15420220792293549 -0.12048279494047165 -0.09807552397251129 -0.02242644689977169 0.9876042604446411
9.144333866216217 -0.23388324677944183 -0.026482298970222473 0.15470197796821594 -0.12150956690311432 -0.1030653789639473 -0.02086309902369976 0.9870043992996216
9.194350866216217 -0.2491692453622818 -0.046897705644369125 0.15350061655044556 -0.11805811524391174 -0.10576203465461731 -0.021286476403474808 0.9871289730072021
9.244367616216216 -0.2592375576496124 -0.07170046120882034 0.1527973711490631 -0.11532247066497803 -0.10807797312736511 -0.019451702013611794 0.9872393608093262
9.294385616216216 -0.2670886218547821 -0.09954958409070969 0.15433022379875183 -0.11283528804779053 -0.10874658077955246 -0.018415940925478935 0.9874731302261353
9.344402616216216 -0.2704489827156067 -0.1264278143644333 0.1539284884929657 -0.11049111932516098 -0.10834131389856339 -0.01806584931910038 0.9877892136573792
9.394419616216217 -0.277356892824173 -0.1492665410041809 0.1568204015493393 -0.10844709724187851 -0.1052219495177269 -0.019512951374053955 0.9883252382278442
9.444436616216215 -0.276541143655777 -0.17638324201107025 0.163158118724823 -0.107893206179142 -0.10522916913032532 -0.019736863672733307 0.9883806705474854
9.494454616216217 -0.2799317538738251 -0.19798102974891663 0.16700510680675507 -0.10648387670516968 -0.10287699848413467 -0.02054501883685589 0.9887646436691284
9.544471866216217 -0.27826765179634094 -0.21863551437854767 0.16747239232063293 -0.10474535822868347 -0.10142948478460312 -0.02091420628130436 0.9890920519828796
9.594488866216217 -0.27204740047454834 -0.2385021150112152 0.17491841316223145 -0.10355910658836365 -0.09931495785713196 -0.019514650106430054 0.9894601106643677
9.644505866216216 -0.26748448610305786 -0.25578534603118896 0.17784804105758667 -0.10189415514469147 -0.096281036734581 -0.018647845834493637 0.9899494647979736
9.694523616216216 -0.2604162395000458 -0.2714081108570099 0.17813442647457123 -0.10014074295759201 -0.09490564465522766 -0.016088444739580154 0.9903059601783752
9.744540616216216 -0.24969537556171417 -0.2884686291217804 0.18250764906406403 -0.09974540770053864 -0.09490326046943665 -0.013504971750080585 0.9903847575187683
9.794557616216217 -0.23936429619789124 -0.303777813911438 0.1840215027332306 -0.09939703345298767 -0.09652889519929886 -0.010542602278292179 0.9902985692024231
9.844574616216216 -0.228842630982399 -0.31584662199020386 0.18405690789222717 -0.09812332689762115 -0.09700169414281845 -0.00924356747418642 0.9903923273086548
9.894591616216216 -0.2110380232334137 -0.3257223665714264 0.18559011816978455 -0.09770546108484268 -0.09724598377943039 -0.006840911228209734 0.9904292821884155
9.944609866216217 -0.196923166513443 -0.33285653591156006 0.18982838094234467 -0.09750594943761826 -0.09743419289588928 -0.006573391612619162 0.9904322624206543
9.994626866216215 -0.18033623695373535 -0.3406309485435486 0.19343964755535126 -0.10013170540332794 -0.0958159789443016 -0.008596754632890224 0.9903126358985901
10.044643866216216 -0.1648443192243576 -0.3421255648136139 0.19727930426597595 -0.10134725272655487 -0.09225592762231827 -0.01011570543050766 0.9905126094818115
10.094660616216217 -0.15241298079490662 -0.3437972962856293 0.1980426013469696 -0.10245033353567123 -0.08685141056776047 -0.012741309590637684 0.9908574223518372
10.144678616216217 -0.14451950788497925 -0.34083518385887146 0.19827617704868317 -0.10380814969539642 -0.0815359354019165 -0.017596935853362083 0.9910933971405029
10.194695616216217 -0.13893859088420868 -0.33989089727401733 0.20548075437545776 -0.10754947364330292 -0.07890444248914719 -0.02195768803358078 0.9908204674720764
10.244712616216216 -0.14057637751102448 -0.33260223269462585 0.20338483154773712 -0.11134839802980423 -0.07912817597389221 -0.025448957458138466 0.9902992844581604
10.294729616216216 -0.14201509952545166 -0.3316947817802429 0.2096840888261795 -0.11798155307769775 -0.08139977604150772 -0.02690163254737854 0.98930823802948
10.344747616216216 -0.14722037315368652 -0.3282105624675751 0.21761544048786163 -0.12395143508911133 -0.08412469178438187 -0.02496657520532608 0.9884006381034851
10.394764866216216 -0.1574978232383728 -0.3280329704284668 0.22027556598186493 -0.13002808392047882 -0.08581914752721786 -0.025147819891572 0.9874692559242249
10.444781866216216 -0.16843922436237335 -0.33067137002944946 0.2235177457332611 -0.13465255498886108 -0.08760329335927963 -0.024459056556224823 0.9867098331451416
10.494798866216216 -0.17946308851242065 -0.3361893892288208 0.231149822473526 -0.13911347091197968 -0.09016905725002289 -0.02301293984055519 0.9858942031860352
10.544816616216217 -0.186711847782135 -0.3422286808490753 0.23887380957603455 -0.1417492926120758 -0.09396705031394958 -0.022358696907758713 0.9851788878440857
10.594833616216217 -0.1959446668624878 -0.34826603531837463 0.24469134211540222 -0.14266130328178406 -0.09906517714262009 -0.019840648397803307 0.984601616859436
10.644850616216216 -0.20571814477443695 -0.35851725935935974 0.24583929777145386 -0.14224226772785187 -0.10196904093027115 -0.01677866466343403 0.9844226837158203
10.694867616216216 -0.21091224253177643 -0.3680030405521393 0.2544862627983093 -0.14126305282115936 -0.10630986094474792 -0.014231196604669094 0.9841445684432983
10.744884616216217 -0.21241140365600586 -0.3774157762527466 0.25842028856277466 -0.13896556198596954 -0.10982947796583176 -0.01124399621039629 0.9841238260269165
10.794902616216216 -0.2137104570865631 -0.3872440755367279 0.2644423544406891 -0.13636597990989685 -0.10968143492937088 -0.007651986088603735 0.9845384359359741
10.844919866216216 -0.2151167094707489 -0.3985860049724579 0.2700749635696411 -0.13483098149299622 -0.10773397237062454 -0.005226208828389645 0.984980583190918
10.894936866216216 -0.20478932559490204 -0.40859758853912354 0.2770736813545227 -0.1347532719373703 -0.10862882435321808 -0.002042896579951048 0.9849046468734741
10.944953866216217 -0.1985904425382614 -0.4207339882850647 0.2823967933654785 -0.13563448190689087 -0.10544254630804062 0.00045084700104780495 0.9851319789886475
10.994971616216215 -0.18489348888397217 -0.4269742965698242 0.290461003780365 -0.13633698225021362 -0.10224305838346481 0.0016070500714704394 0.9853710532188416
11.044988616216216 -0.17548340559005737 -0.43409624695777893 0.29657241702079773 -0.1377498060464859 -0.09783686697483063 0.0025502522476017475 0.9856199026107788
11.095005616216216 -0.16380096971988678 -0.4385749101638794 0.30410176515579224 -0.1389719396829605 -0.09286004304885864 0.0035792242269963026 0.9859265089035034
11.145022616216217 -0.1496271789073944 -0.4439390003681183 0.3071909546852112 -0.14058668911457062 -0.08656599372625351 0.0034927695523947477 0.986270546913147
11.195040616216216 -0.13463090360164642 -0.4477054476737976 0.31184089183807373 -0.14293695986270905 -0.07890299707651138 0.003813140792772174 0.9865742921829224
11.245057866216216 -0.12027814984321594 -0.4495565891265869 0.3140462338924408 -0.14401157200336456 -0.07215427607297897 0.004927023313939571 0.986929714679718
11.295074866216217 -0.09949426352977753 -0.4494967460632324 0.31374379992485046 -0.14447030425071716 -0.06647513061761856 0.006871419493108988 0.9872498512268066
11.345091866216217 -0.08342935889959335 -0.4479306936264038 0.3129027783870697 -0.14382798969745636 -0.05920766666531563 0.009724061004817486 0.9877821207046509
11.395108616216216 -0.0682508796453476 -0.4480254650115967 0.30911463499069214 -0.1441369354724884 -0.05177585780620575 0.013231810182332993 0.9881137609481812
11.445126616216216 -0.05384710803627968 -0.4438983201980591 0.304272323846817 -0.14409781992435455 -0.04482138901948929 0.016517097130417824 0.9884098768234253
11.495143616216216 -0.04176882654428482 -0.44329339265823364 0.29874005913734436 -0.14573976397514343 -0.03801826015114784 0.02032063715159893 0.988383412361145
11.545160616216217 -0.032651983201503754 -0.43801990151405334 0.29054194688796997 -0.1464550793170929 -0.030882153660058975 0.024555621668696404 0.9884302020072937
11.595177616216215 -0.03148779273033142 -0.4307195246219635 0.2859000265598297 -0.14745983481407166 -0.02381443791091442 0.02656291238963604 0.9884244799613953
11.645195616216217 -0.03157467022538185 -0.428011417388916 0.27749890089035034 -0.14845755696296692 -0.020747916772961617 0.02857804112136364 0.9882880449295044
11.695212866216217 -0.03678180277347565 -0.4177064597606659 0.2746927738189697 -0.14709827303886414 -0.019385887309908867 0.029707927256822586 0.9884856343269348
11.745229866216217 -0.04062023013830185 -0.4147377610206604 0.2760830223560333 -0.14648988842964172 -0.02469436451792717 0.029374055564403534 0.9884675741195679
11.795246866216216 -0.052997782826423645 -0.4116741418838501 0.26837357878685 -0.14502306282520294 -0.029622027650475502 0.027768513187766075 0.9885948896408081
11.845264616216216 -0.06913300603628159 -0.41034409403800964 0.265249639749527 -0.14463262259960175 -0.0348881296813488 0.025742795318365097 0.9885350465774536
11.895281616216216 -0.0873003676533699 -0.4123205542564392 0.2609453797340393 -0.14522746205329895 -0.04255620390176773 0.0230572409927845 0.9882137179374695
11.945298616216217 -0.10767589509487152 -0.41794249415397644 0.2601262927055359 -0.14782769978046417 -0.05222104862332344 0.020284587517380714 0.9874252080917358
11.995315616216216 -0.12253481149673462 -0.4245285987854004 0.2653898596763611 -0.15126453340053558 -0.061542317271232605 0.01940322481095791 0.9863848686218262
12.045333616216217 -0.14038147032260895 -0.43121856451034546 0.2702704071998596 -0.15486861765384674 -0.06921003013849258 0.01795586571097374 0.9853442311286926
12.095350616216216 -0.15074540674686432 -0.44008299708366394 0.2739391624927521 -0.15806221961975098 -0.07647539675235748 0.018137266859412193 0.9842962026596069
12.145367866216215 -0.16416093707084656 -0.4481242597103119 0.2865098714828491 -0.1612960547208786 -0.07962233573198318 0.01714000664651394 0.9835396409034729
12.195384866216216 -0.16935241222381592 -0.45733189582824707 0.2964516878128052 -0.16318118572235107 -0.08312760293483734 0.01865663379430771 0.9829108119010925
12.245401866216216 -0.17630286514759064 -0.4680047631263733 0.3026222884654999 -0.16354186832904816 -0.08597923070192337 0.017457768321037292 0.9826275706291199
12.295419616216217 -0.17335373163223267 -0.4806631803512573 0.31289997696876526 -0.16424709558486938 -0.0890691727399826 0.017666401341557503 0.9822309017181396
12.345436616216217 -0.17194689810276031 -0.48749005794525146 0.3210787773132324 -0.16253270208835602 -0.0901542529463768 0.017685335129499435 0.9824167490005493
12.395453616216216 -0.16988687217235565 -0.49831345677375793 0.32980766892433167 -0.1625480055809021 -0.09125091880559921 0.015559482388198376 0.9823488593101501
12.445470616216216 -0.16254979372024536 -0.5039423108100891 0.3419739007949829 -0.16179737448692322 -0.09162398427724838 0.013337576761841774 0.9824707508087158
12.495488616216216 -0.15837444365024567 -0.5108201503753662 0.3469170331954956 -0.16125227510929108 -0.08993139863014221 0.01260120328515768 0.982726514339447
12.545505866216216 -0.1420256495475769 -0.5151157975196838 0.35873913764953613 -0.1618124097585678 -0.08983322232961655 0.010237273760139942 0.9826709032058716
12.595522866216216 -0.133260115981102 -0.5217220783233643 0.36244824528694153 -0.16248895227909088 -0.08653826266527176 0.009014897048473358 0.9828668236732483
12.645539866216216 -0.11769315600395203 -0.5248162746429443 0.37593841552734375 -0.16386935114860535 -0.08472393453121185 0.008802509866654873 0.9827976226806641
12.695557616216217 -0.10509496927261353 -0.5265668630599976 0.3848353326320648 -0.16456738114356995 -0.0824296697974205 0.007458140607923269 0.9828872680664062
12.745574616216217 -0.09366394579410553 -0.5301482081413269 0.3884211778640747 -0.16633905470371246 -0.07875354588031769 0.007142997346818447 0.9828928112983704
12.795591616216216 -0.08246880769729614 -0.5336487889289856 0.3924241065979004 -0.16844771802425385 -0.07382123172283173 0.006922774016857147 0.9829180836677551
12.845608616216216 -0.07157766819000244 -0.5327404141426086 0.3984726369380951 -0.1702778935432434 -0.06953176856040955 0.007828710600733757 0.9829087257385254
12.895626616216216 -0.060997918248176575 -0.5304200649261475 0.3993096947669983 -0.17115972936153412 -0.06642008572816849 0.007263241335749626 0.9829750657081604
12.945643616216216 -0.05038343369960785 -0.5288515686988831 0.3973604440689087 -0.17183749377727509 -0.06243983283638954 0.009617931209504604 0.983097493648529
12.995660866216216 -0.04368502274155617 -0.5272245407104492 0.39118510484695435 -0.1718742698431015 -0.05860470235347748 0.010276527144014835 0.9833204746246338
13.045677866216217 -0.03563058748841286 -0.523226261138916 0.3812578320503235 -0.17089585959911346 -0.056137267500162125 0.0114057008177042 0.9836224913597107
13.095694866216217 -0.02435048297047615 -0.5144463181495667 0.3736483156681061 -0.1696508824825287 -0.05661654844880104 0.013072616420686245 0.9837898015975952
13.145712616216215 -0.02759484201669693 -0.5098620653152466 0.3619472086429596 -0.16869144141674042 -0.0538305938243866 0.012366282753646374 0.98412024974823
13.195729616216216 -0.025668475776910782 -0.4994833171367645 0.35444438457489014 -0.16785328090190887 -0.051325585693120956 0.01302870362997055 0.9843887686729431
13.245746616216216 -0.02440275251865387 -0.49405547976493835 0.33629974722862244 -0.16602014005184174 -0.048838693648576736 0.012484527193009853 0.9848331212997437
13.295763616216217 -0.02653917670249939 -0.4864863455295563 0.3218536972999573 -0.16399811208248138 -0.04448137432336807 0.014228414744138718 0.9853546023368835
13.345781616216216 -0.02671344205737114 -0.48045581579208374 0.31203821301460266 -0.1624418944120407 -0.042571183294057846 0.012851999141275883 0.9857156276702881
13.395798616216217 -0.028241127729415894 -0.4787043035030365 0.3033698499202728 -0.16235938668251038 -0.03794221580028534 0.01427172590047121 0.9858987331390381
13.445815866216217 -0.03769131004810333 -0.4647751450538635 0.2778187096118927 -0.15718331933021545 -0.034392666071653366 0.012821170501410961 0.9868871569633484
13.495832866216217 -0.04411637783050537 -0.45868921279907227 0.2689034342765808 -0.1558053344488144 -0.03414281830191612 0.01238430105149746 0.9871198534965515
13.545850616216216 -0.059931159019470215 -0.4555831849575043 0.26533037424087524 -0.15496909618377686 -0.0315602645277977 0.01491372287273407 0.9873024821281433
13.595867616216216 -0.07614260911941528 -0.4546326696872711 0.2566376030445099 -0.1545373797416687 -0.02939138561487198 0.014672352932393551 0.9874407052993774
13.645884616216216 -0.08264613896608353 -0.4566175937652588 0.2565123736858368 -0.15655025839805603 -0.03000873513519764 0.016596810892224312 0.9870745539665222
13.695901616216217 -0.08867453038692474 -0.4613947570323944 0.2561458647251129 -0.15887059271335602 -0.03436556085944176 0.015005727298557758 0.9865871071815491
13.745918616216215 -0.10740630328655243 -0.4707771837711334 0.2536478340625763 -0.16169805824756622 -0.033669613301754 0.014580605551600456 0.986158013343811
13.795936616216217 -0.11788712441921234 -0.4769236445426941 0.2559763193130493 -0.16440631449222565 -0.0386623740196228 0.014823481440544128 0.9855232238769531
13.845953866216217 -0.1246832013130188 -0.4825504422187805 0.2632008194923401 -0.16707395017147064 -0.04754624888300896 0.01401005033403635 0.9846975803375244
13.895970866216215 -0.13172024488449097 -0.4857468903064728 0.27182093262672424 -0.16741633415222168 -0.05661272257566452 0.011637830175459385 0.9841907620429993
13.945987866216216 -0.1422790139913559 -0.49273788928985596 0.2798040509223938 -0.16769908368587494 -0.06337709724903107 0.007784746121615171 0.9837682247161865
13.996005616216216 -0.14819426834583282 -0.5002025961875916 0.29131457209587097 -0.16766905784606934 -0.06787817925214767 0.004718678072094917 0.9834924936294556
14.046022616216217 -0.15446387231349945 -0.5108644962310791 0.3026670813560486 -0.16675710678100586 -0.06934172660112381 0.0003565740189515054 0.9835566878318787
14.096039616216217 -0.14714771509170532 -0.5232124924659729 0.31572425365448 -0.16549941897392273 -0.07053281366825104 -0.0006331682670861483 0.9836843013763428
14.146056616216216 -0.1410766839981079 -0.5326313972473145 0.32808932662010193 -0.16242708265781403 -0.0713554099202156 -0.002058811951428652 0.9841350317001343
14.196074616216217 -0.1337222307920456 -0.5444504022598267 0.33771178126335144 -0.1588939130306244 -0.07116667181253433 -0.0032524527050554752 0.9847220778465271
14.246091616216216 -0.12208685278892517 -0.5547289252281189 0.3462745249271393 -0.15592223405838013 -0.07106707990169525 -0.002313081407919526 0.9852068424224854
14.296108866216215 -0.11217737942934036 -0.5605791807174683 0.3520469665527344 -0.15240128338336945 -0.06824526935815811 -0.003063251031562686 0.9859549403190613
14.346125866216216 -0.0951656773686409 -0.5679868459701538 0.35617750883102417 -0.14896930754184723 -0.06528086215257645 -0.004069088492542505 0.9866762757301331
14.396142866216216 -0.07582767307758331 -0.5719236731529236 0.3603348135948181 -0.14544130861759186 -0.05950972065329552 -0.004267673008143902 0.9875662922859192
14.446160616216217 -0.05915413796901703 -0.576539158821106 0.36520230770111084 -0.14296384155750275 -0.05180780589580536 -0.00415596179664135 0.9883623123168945
14.496177616216217 -0.0376584455370903 -0.57901930809021 0.3686196506023407 -0.14144709706306458 -0.04596295580267906 -0.003378567285835743 0.9888724684715271
14.546194616216216 -0.018342670053243637 -0.5817546844482422 0.3698253631591797 -0.14073525369167328 -0.04103730618953705 -0.001346432021819055 0.9891955256462097
14.596211616216216 -0.0010465034283697605 -0.5810210704803467 0.36923444271087646 -0.1404520869255066 -0.03628791868686676 0.0003012765373568982 0.9894222021102905
14.646229616216216 0.018102705478668213 -0.583686113357544 0.36467355489730835 -0.14122067391872406 -0.0311916284263134 0.0021771739702671766 0.9894843101501465
14.696246616216216 0.03640484809875488 -0.5808650255203247 0.358423113822937 -0.14107906818389893 -0.024738965556025505 0.005010235123336315 0.9896765947341919
14.746263866216216 0.050730638206005096 -0.5747054815292358 0.3498972952365875 -0.14003737270832062 -0.018254633992910385 0.00784863717854023 0.9899468421936035
14.796280866216216 0.06417442113161087 -0.5685126185417175 0.3437844514846802 -0.13997691869735718 -0.012714957818388939 0.010919222608208656 0.9900129437446594
14.846298616216217 0.07208603620529175 -0.5596886873245239 0.32863375544548035 -0.13826070725917816 -0.0071603902615606785 0.014540026895701885 0.9902632832527161
14.896315616216215 0.07865080237388611 -0.5407924056053162 0.31736692786216736 -0.1352435052394867 -0.00232875463552773 0.016934504732489586 0.9906649589538574
14.946332616216216 0.08243801444768906 -0.5311647057533264 0.30669882893562317 -0.13388662040233612 0.001672612503170967 0.018536679446697235 0.990821897983551
14.996349616216216 0.0847838968038559 -0.5291630625724792 0.28626134991645813 -0.1348482072353363 -0.0012178682954981923 0.018802450969815254 0.9906871318817139
15.046367616216216 0.0710214376449585 -0.5170351266860962 0.2749060094356537 -0.1330862045288086 -0.001027907244861126 0.01872824877500534 0.9909270405769348
15.096384616216216 0.05858903378248215 -0.5010018944740295 0.2737729251384735 -0.13137909770011902 -0.0024349880404770374 0.01881374977529049 0.9911507368087769
15.146401866216216 0.0372508242726326 -0.4974062740802765 0.2646818161010742 -0.13108256459236145 -0.004852228797972202 0.016037171706557274 0.9912299513816833
15.196418866216217 0.025894422084093094 -0.49259325861930847 0.257512629032135 -0.12995226681232452 -0.011518813669681549 0.01411193236708641 0.9913529753684998
15.246435866216217 0.0047888727858662605 -0.48777756094932556 0.2559731900691986 -0.12984992563724518 -0.015477587468922138 0.011372958309948444 0.9913476705551147
15.296453616216215 -0.01819264143705368 -0.4902663826942444 0.2556598484516144 -0.1310202032327652 -0.020538082346320152 0.007614758796989918 0.9911377429962158
15.346470616216216 -0.03900661692023277 -0.4958621859550476 0.2585509419441223 -0.1335901916027069 -0.02738310769200325 0.004671728238463402 0.9906473159790039
15.396487616216216 -0.05954712629318237 -0.5000685453414917 0.26149696111679077 -0.1350201815366745 -0.03463791310787201 0.0023686985950917006 0.9902344346046448
15.446504616216217 -0.08014757931232452 -0.5089237093925476 0.26425477862358093 -0.13727276027202606 -0.04164328798651695 -4.8956928367260844e-05 0.9896575212478638
15.496522616216216 -0.09590855985879898 -0.5189604163169861 0.2722914516925812 -0.1391991674900055 -0.05002183839678764 -0.0011448359582573175 0.9889995455741882
15.546539616216217 -0.11228330433368683 -0.5321868062019348 0.2825639247894287 -0.14101922512054443 -0.05725185200572014 -0.0025121457874774933 0.9883469343185425
15.596556866216217 -0.11896958202123642 -0.545244038105011 0.296534925699234 -0.14171366393566132 -0.06612555682659149 -0.0023084974382072687 0.9876939654350281
15.646573866216217 -0.1251583993434906 -0.5582379698753357 0.3093453049659729 -0.14067710936069489 -0.07307805120944977 -0.0014709682436659932 0.9873538017272949
15.696591616216216 -0.12279435247182846 -0.5678476691246033 0.32366707921028137 -0.13821974396705627 -0.07783592492341995 -0.00014558150724042207 0.9873383045196533
15.746608616216216 -0.12784619629383087 -0.5820239782333374 0.33681514859199524 -0.13526812195777893 -0.07920096069574356 0.0033944102469831705 0.987632691860199
15.796625616216216 -0.12101830542087555 -0.5931846499443054 0.34567221999168396 -0.13021442294120789 -0.081414595246315 0.006114888936281204 0.9881187081336975
15.846642616216217 -0.1117393895983696 -0.6030301451683044 0.3468173146247864 -0.12328937649726868 -0.08209984749555588 0.008277442306280136 0.9889342188835144
15.896659616216215 -0.10077016055583954 -0.6095902919769287 0.3480384051799774 -0.11502615362405777 -0.08209250867366791 0.00930009689182043 0.9899209141731262
15.946677616216217 -0.08552642911672592 -0.6136988401412964 0.34678974747657776 -0.10584069788455963 -0.08067003637552261 0.01124322135001421 0.9910417795181274
15.996694616216216 -0.06691364198923111 -0.6151930093765259 0.34348517656326294 -0.09683363139629364 -0.08017716556787491 0.012367851100862026 0.9919888973236084
16.046711866216217 -0.05254741385579109 -0.6140981912612915 0.33638858795166016 -0.08769968897104263 -0.07944682985544205 0.014170067384839058 0.9928727149963379
16.096728866216218 -0.040102243423461914 -0.6094216704368591 0.3232309818267822 -0.0778159350156784 -0.07999752461910248 0.01533899363130331 0.9936347007751465
16.146746616216216 -0.026212578639388084 -0.5990301370620728 0.31446048617362976 -0.07031234353780746 -0.08129996806383133 0.016642527654767036 0.9940671920776367
16.196763616216217 -0.017475297674536705 -0.590743899345398 0.3040201961994171 -0.06521055847406387 -0.08197108656167984 0.016589440405368805 0.9943606853485107
16.246780616216217 -0.0033528972417116165 -0.5777284502983093 0.29823848605155945 -0.06266249716281891 -0.08224319666624069 0.017602726817131042 0.9944846034049988
16.296797616216217 0.0035465271212160587 -0.5611844062805176 0.29947972297668457 -0.06234179809689522 -0.08162638545036316 0.01616217941045761 0.994580090045929
16.346815616216215 0.014867879450321198 -0.5399170517921448 0.2970016598701477 -0.062166567891836166 -0.0850084125995636 0.016790594905614853 0.994297206401825
16.396832616216216 0.01789427548646927 -0.5195368528366089 0.2881012558937073 -0.06302936375141144 -0.08870317041873932 0.015808267518877983 0.9939361810684204
16.446849866216215 0.024001726880669594 -0.5009980797767639 0.2765284776687622 -0.06463166326284409 -0.0952361673116684 0.01553297322243452 0.9932329058647156
16.496866866216216 0.025088220834732056 -0.479323148727417 0.267060250043869 -0.0644829273223877 -0.10119844228029251 0.012725947424769402 0.992692768573761
16.546884616216218 0.02986825630068779 -0.45863077044487 0.2589830756187439 -0.06185944005846977 -0.10941582173109055 0.009515841491520405 0.992023766040802
16.596901616216215 0.033953212201595306 -0.43744781613349915 0.24604935944080353 -0.058703742921352386 -0.11978352814912796 0.003582119010388851 0.991056501865387
16.646918616216215 0.03213176503777504 -0.4158265292644501 0.2321038693189621 -0.053604885935783386 -0.1270453780889511 -0.004158661235123873 0.99043869972229
16.696935616216216 0.035685356706380844 -0.393361359834671 0.2170940637588501 -0.04689769074320793 -0.13615886867046356 -0.013695347122848034 0.9894816279411316
16.746952616216216 0.034762393683195114 -0.37414678931236267 0.20021158456802368 -0.041177596896886826 -0.14741450548171997 -0.02429746463894844 0.987918496131897
16.796970616216218 0.03606550022959709 -0.3499509394168854 0.18476375937461853 -0.03363770246505737 -0.16194657981395721 -0.035332538187503815 0.9855929613113403
16.846987616216218 0.03137849271297455 -0.3255758285522461 0.16869142651557922 -0.02684852108359337 -0.17869286239147186 -0.04768909886479378 0.9823817014694214
16.897004866216218 0.029898282140493393 -0.30597740411758423 0.15594714879989624 -0.022473789751529694 -0.19577819108963013 -0.05859162658452988 0.9786382913589478
16.947021866216215 0.030219417065382004 -0.28645059466362 0.14244042336940765 -0.018955817446112633 -0.21183645725250244 -0.06792087852954865 0.9747578501701355
16.997039616216217 0.02680238150060177 -0.26905107498168945 0.12336920201778412 -0.016263578087091446 -0.22706693410873413 -0.07608276605606079 0.9707664847373962
17.047056616216217 0.03101588599383831 -0.2569120228290558 0.12069804966449738 -0.016020866110920906 -0.2434777021408081 -0.08155031502246857 0.9663392305374146
17.097073616216218 0.03286096081137657 -0.24933581054210663 0.11515152454376221 -0.016520734876394272 -0.2554469108581543 -0.0830451175570488 0.9631083011627197
17.147090616216218 0.03683842718601227 -0.25074270367622375 0.11735084652900696 -0.01957341469824314 -0.26217544078826904 -0.08255311101675034 0.9612835049629211
17.197108616216216 0.04036928713321686 -0.2548803389072418 0.10092727839946747 -0.021759964525699615 -0.25967830419540405 -0.0781693160533905 0.9622802734375
17.247125616216216 0.04837362468242645 -0.2596532702445984 0.09944210946559906 -0.020354952663183212 -0.2549440264701843 -0.07802208513021469 0.9635880589485168
17.297142616216217 0.05908223241567612 -0.2689659893512726 0.10236255079507828 -0.019039232283830643 -0.24729838967323303 -0.07537629455327988 0.9658154249191284
17.347159866216217 0.06778509169816971 -0.27673715353012085 0.10139136016368866 -0.015101444907486439 -0.23800165951251984 -0.07506506890058517 0.9682419300079346
17.397176866216217 0.07758624851703644 -0.28220388293266296 0.10461673885583878 -0.009737354703247547 -0.23089918494224548 -0.07695372402667999 0.9698808193206787
17.447194616216215 0.0837949812412262 -0.28616610169410706 0.10639484226703644 -0.005251450929790735 -0.22471380233764648 -0.08050575852394104 0.9710793495178223
17.497211616216216 0.09480258077383041 -0.2955843508243561 0.11009969562292099 -0.0032738116569817066 -0.21925562620162964 -0.0807408019900322 0.9723154306411743
17.547228616216216 0.10308582335710526 -0.2983554005622864 0.11282425373792648 -0.00046502353507094085 -0.2122769057750702 -0.08280391246080399 0.9736949801445007
17.597245616216217 0.11756522953510284 -0.30298662185668945 0.11883009225130081 0.003015028778463602 -0.20298364758491516 -0.08361292630434036 0.975601077079773
17.647263616216215 0.13476167619228363 -0.30167311429977417 0.1245209202170372 0.007938195019960403 -0.19525344669818878 -0.08335082232952118 0.977172315120697
17.697280616216215 0.1532335877418518 -0.2966114282608032 0.12630122900009155 0.011561830528080463 -0.19106580317020416 -0.08021125197410583 0.9782261848449707
17.747297866216215 0.17362335324287415 -0.2894282341003418 0.13296975195407867 0.013263077475130558 -0.19017450511455536 -0.0744180902838707 0.978835940361023
17.797314866216215 0.1877083033323288 -0.27162376046180725 0.1421586275100708 0.0159147921949625 -0.18686972558498383 -0.07202862203121185 0.979611337184906
17.847332616216217 0.20480787754058838 -0.24861223995685577 0.15222851932048798 0.016687734052538872 -0.18201498687267303 -0.0702843964099884 0.9806386828422546
17.897349616216218 0.213899627327919 -0.21799537539482117 0.16024623811244965 0.015997545793652534 -0.17816053330898285 -0.07022023946046829 0.9813623428344727
17.947366616216215 0.2313898801803589 -0.1924644112586975 0.17000217735767365 0.011978531256318092 -0.18213197588920593 -0.0704202726483345 0.9806760549545288
17.997383616216215 0.23521116375923157 -0.16680654883384705 0.17729851603507996 0.008010116405785084 -0.18538667261600494 -0.07307122647762299 0.9799124002456665
18.047401616216217 0.24463200569152832 -0.13829265534877777 0.1877242624759674 0.0033645702060312033 -0.19074700772762299 -0.07509274035692215 0.9787570834159851
18.097418616216217 0.24727536737918854 -0.11524378508329391 0.19014374911785126 -0.0005168578936718404 -0.19573049247264862 -0.07573185861110687 0.977729082107544
18.147435616216217 0.24920739233493805 -0.09642849117517471 0.1935625821352005 -0.003536286298185587 -0.20127728581428528 -0.07577449828386307 0.9765926599502563
18.197452866216217 0.2502307593822479 -0.07993999123573303 0.1937192976474762 -0.0048958538100123405 -0.2056964933872223 -0.07465434819459915 0.9757519364356995
18.247469866216218 0.24726282060146332 -0.06997527927160263 0.19287532567977905 -0.006880451925098896 -0.208073690533638 -0.07333563268184662 0.9753357768058777
18.297487616216216 0.24318386614322662 -0.0729011818766594 0.19529922306537628 -0.00790134072303772 -0.21135354042053223 -0.07222796976566315 0.9747052788734436
18.347504616216217 0.24641847610473633 -0.0791517123579979 0.19507399201393127 -0.008804372511804104 -0.21873120963573456 -0.06984246522188187 0.9732426404953003
18.397521616216217 0.23924382030963898 -0.08715608716011047 0.18150004744529724 -0.00698402663692832 -0.22313594818115234 -0.06928429752588272 0.9722968935966492
18.447538616216217 0.23358502984046936 -0.1043970137834549 0.1763899326324463 -0.006823285482823849 -0.22481368482112885 -0.06984183937311172 0.9718716740608215
18.497556616216215 0.23205696046352386 -0.11852215230464935 0.16729071736335754 -0.002569505712017417 -0.22434499859809875 -0.06908000260591507 0.9720548987388611
18.547573616216216 0.23114079236984253 -0.14076393842697144 0.161782905459404 0.0006210464634932578 -0.2276097983121872 -0.07003934681415558 0.9712300896644592
18.597590616216216 0.23629584908485413 -0.1594485193490982 0.15083584189414978 0.006516364403069019 -0.23196572065353394 -0.0686287134885788 0.9702781438827515
18.647607866216216 0.24157094955444336 -0.17983587086200714 0.14422528445720673 0.012591788545250893 -0.2360534369945526 -0.06851121038198471 0.969240128993988
18.697625866216217 0.24711200594902039 -0.19616027176380157 0.13442635536193848 0.018933245912194252 -0.23897626996040344 -0.06975759565830231 0.9683314561843872
18.747642616216215 0.2578359544277191 -0.2103271186351776 0.12249793857336044 0.02643498405814171 -0.23874431848526 -0.06895018368959427 0.9682707786560059
18.797659616216215 0.27713385224342346 -0.22279611229896545 0.11939951032400131 0.033081699162721634 -0.23815351724624634 -0.0700785368680954 0.9681310057640076
18.847676616216216 0.30048635601997375 -0.22717158496379852 0.12130552530288696 0.040100257843732834 -0.2329149693250656 -0.07074708491563797 0.9690910577774048
18.897693616216216 0.32041704654693604 -0.22430935502052307 0.12338296324014664 0.046022746711969376 -0.22266986966133118 -0.07194459438323975 0.9711458086967468
18.947711616216218 0.33861827850341797 -0.22330360114574432 0.1323404610157013 0.04813891276717186 -0.21271629631519318 -0.07413008064031601 0.9731079936027527
18.997728616216218 0.35917240381240845 -0.21639075875282288 0.15263108909130096 0.047720301896333694 -0.20635080337524414 -0.07569021731615067 0.9743783473968506
19.047745866216218 0.37404361367225647 -0.21030041575431824 0.1662394255399704 0.04205649718642235 -0.2025526911020279 -0.0786401778459549 0.9752022624015808
19.097762866216215 0.3892439603805542 -0.19626761972904205 0.17985647916793823 0.03418014198541641 -0.1996375173330307 -0.08164358884096146 0.9758642315864563
19.147780616216217 0.40086084604263306 -0.185835063457489 0.196973517537117 0.02268294245004654 -0.1960403174161911 -0.08537064492702484 0.9766092896461487
19.197797616216217 0.4087578356266022 -0.16606050729751587 0.2148118019104004 0.012284563854336739 -0.19362187385559082 -0.08828390389680862 0.9770187735557556
19.247814616216218 0.4111892580986023 -0.14598950743675232 0.2319507896900177 0.002400855300948024 -0.19399595260620117 -0.09323471039533615 0.9765588045120239
19.297831616216218 0.4122747778892517 -0.12301438301801682 0.24629716575145721 -0.007179626263678074 -0.19729821383953094 -0.09735289216041565 0.9754713773727417
19.347849616216216 0.41108211874961853 -0.09948132932186127 0.25403353571891785 -0.016183093190193176 -0.20439261198043823 -0.10044623911380768 0.9735873341560364
19.397866616216216 0.4036981761455536 -0.0763823613524437 0.26599106192588806 -0.026051132008433342 -0.2125399261713028 -0.10336177796125412 0.9713209867477417
19.447883616216217 0.3978677988052368 -0.053857944905757904 0.272233247756958 -0.03759047016501427 -0.22192338109016418 -0.10445882380008698 0.9687235355377197
19.497900866216217 0.38894638419151306 -0.03376982733607292 0.2811535596847534 -0.0505184642970562 -0.23221462965011597 -0.10544146597385406 0.96561199426651
19.547918866216218 0.3766832649707794 -0.014812689274549484 0.28641268610954285 -0.06345720589160919 -0.242381289601326 -0.1064559668302536 0.9622326493263245
19.597935616216215 0.3629840612411499 -0.0019991621375083923 0.2894518971443176 -0.07488200068473816 -0.2535019814968109 -0.10828602313995361 0.9583337306976318
19.647952616216216 0.35059458017349243 0.004156816750764847 0.2925007939338684 -0.08441951870918274 -0.2665964365005493 -0.10988331586122513 0.953795313835144
19.697969616216216 0.3394707441329956 0.005572006106376648 0.2871038615703583 -0.09009499847888947 -0.28013455867767334 -0.11129812896251678 0.9492208957672119
19.747986616216217 0.32970350980758667 0.00034591369330883026 0.27726513147354126 -0.09253139793872833 -0.2922937572002411 -0.11332463473081589 0.9450713396072388
19.798004616216215 0.3234826326370239 -0.016856243833899498 0.2665156424045563 -0.09347932785749435 -0.303021639585495 -0.1142926812171936 0.9414758086204529
19.848021616216215 0.3198730945587158 -0.03671717643737793 0.2532535791397095 -0.09130942821502686 -0.3119126260280609 -0.11401686072349548 0.9388148188591003
19.898038616216216 0.32028040289878845 -0.05491404980421066 0.23819667100906372 -0.08437909185886383 -0.31984323263168335 -0.11447349935770035 0.936737060546875
19.948055866216215 0.32243403792381287 -0.07820087671279907 0.22791561484336853 -0.07778617739677429 -0.32616639137268066 -0.11502130329608917 0.9350587725639343
19.998073866216217 0.3323647379875183 -0.10205141454935074 0.21392236649990082 -0.07042106240987778 -0.3301048278808594 -0.11237280815839767 0.9345822930335999
20.048090616216218 0.34947291016578674 -0.1342511922121048 0.2131902128458023 -0.06630522757768631 -0.33189815282821655 -0.10943364351987839 0.9345969557762146
20.098107616216215 0.3669711947441101 -0.1565251350402832 0.20892301201820374 -0.06037612631917 -0.32758575677871704 -0.10626578330993652 0.9368830919265747
20.148124616216215 0.38910147547721863 -0.1804816722869873 0.20613807439804077 -0.056650321930646896 -0.3216587007045746 -0.10257034003734589 0.9395774602890015
20.198142616216217 0.41055867075920105 -0.199031800031662 0.2068832963705063 -0.05317297577857971 -0.3160373568534851 -0.10109210014343262 0.9418457746505737
20.248159616216217 0.4329074025154114 -0.2168644219636917 0.20384235680103302 -0.05120157077908516 -0.30909207463264465 -0.09925355762243271 0.9444518089294434
20.298176616216217 0.457768052816391 -0.23063181340694427 0.20621713995933533 -0.05037480965256691 -0.3010862171649933 -0.0965258851647377 0.9473606944084167
20.348193866216217 0.48412248492240906 -0.23728588223457336 0.21467842161655426 -0.04873427748680115 -0.2913426458835602 -0.09523430466651917 0.9506182074546814
20.398210866216218 0.5082794427871704 -0.23680925369262695 0.22437655925750732 -0.04778985306620598 -0.2792075574398041 -0.09476443380117416 0.9543474316596985
20.448228616216216 0.5323160290718079 -0.22952015697956085 0.2356642335653305 -0.04640703648328781 -0.2684597969055176 -0.09529458731412888 0.9574418067932129
20.498245616216217 0.5565862059593201 -0.21648059785366058 0.2464364469051361 -0.04670145362615585 -0.25921833515167236 -0.09532053023576736 0.9599681496620178
20.548262616216217 0.5731295347213745 -0.19860221445560455 0.2495463341474533 -0.0473569892346859 -0.250946581363678 -0.09606035053730011 0.9620580077171326
20.598279616216217 0.5803492069244385 -0.17484058439731598 0.2623228430747986 -0.05016599968075752 -0.24648995697498322 -0.0963238775730133 0.9630409479141235
20.648297616216215 0.5886905193328857 -0.14710122346878052 0.272878497838974 -0.05286382883787155 -0.24683959782123566 -0.0952305868268013 0.9629157781600952
20.698314616216216 0.593003511428833 -0.12192509323358536 0.2758062481880188 -0.05705551430583 -0.2489713728427887 -0.09337285906076431 0.9623094797134399
20.748331616216216 0.5912013053894043 -0.09489599615335464 0.28141799569129944 -0.06319741904735565 -0.25408682227134705 -0.09015751630067825 0.9608942270278931
20.798348866216216 0.5890477895736694 -0.06986813247203827 0.28557929396629333 -0.07017175108194351 -0.2612910568714142 -0.08619722723960876 0.9588394165039062
20.848366866216217 0.5805306434631348 -0.045679643750190735 0.2903509736061096 -0.07772020250558853 -0.26851916313171387 -0.08278181403875351 0.9565585851669312
20.898383616216215 0.5655577182769775 -0.02901017665863037 0.2899034917354584 -0.08604849129915237 -0.27521413564682007 -0.0798271894454956 0.9541910290718079
20.948400616216215 0.5523209571838379 -0.01690683700144291 0.2875019311904907 -0.09260867536067963 -0.2859680652618408 -0.07678911834955215 0.9506573677062988
20.998417616216216 0.5357291102409363 -0.011111728847026825 0.28230151534080505 -0.09841679781675339 -0.298418253660202 -0.0739813894033432 0.946460485458374
21.048435616216217 0.5218006372451782 -0.01895323395729065 0.27033859491348267 -0.10316120088100433 -0.3092057406902313 -0.07307659834623337 0.942554771900177
21.098452616216218 0.5104310512542725 -0.028328996151685715 0.26163044571876526 -0.10424669831991196 -0.3188963830471039 -0.07385625690221786 0.9391395449638367
21.148469616216214 0.49736225605010986 -0.04419972002506256 0.25034359097480774 -0.10332775861024857 -0.32806655764579773 -0.07543738186359406 0.9359513521194458
21.198486616216215 0.48559466004371643 -0.06678688526153564 0.2352754771709442 -0.10109925270080566 -0.3379518389701843 -0.0772591382265091 0.932522714138031
21.248503866216215 0.4783904254436493 -0.09167544543743134 0.21813319623470306 -0.09635928273200989 -0.3473576307296753 -0.07792508602142334 0.9295080900192261
21.298521866216216 0.4730595350265503 -0.12149327993392944 0.20519542694091797 -0.09077044576406479 -0.3542754054069519 -0.07973931729793549 0.9273032546043396
21.348538616216217 0.472608745098114 -0.1551477611064911 0.1931275874376297 -0.0858742818236351 -0.35933175683021545 -0.07920213788747787 0.9258689880371094
21.398555616216218 0.47364747524261475 -0.1881391555070877 0.18565289676189423 -0.07958894968032837 -0.36243936419487 -0.080494225025177 0.9251075983047485
21.448572616216214 0.48056405782699585 -0.21909688413143158 0.18062438070774078 -0.07298068702220917 -0.3650170862674713 -0.08043038100004196 0.9246444702148438
21.498590616216216 0.4934330880641937 -0.24606245756149292 0.17751970887184143 -0.0648331418633461 -0.36476677656173706 -0.08182162046432495 0.9252281188964844
21.548607616216216 0.5090798735618591 -0.26988115906715393 0.17207494378089905 -0.056764911860227585 -0.3597044050693512 -0.08290981501340866 0.9276403188705444
21.598624616216217 0.5235381722450256 -0.2910632789134979 0.17568457126617432 -0.05000094696879387 -0.35038065910339355 -0.0836966410279274 0.9315193295478821
21.648641866216217 0.5396353006362915 -0.3066449761390686 0.18122366070747375 -0.04489901289343834 -0.33796289563179016 -0.08297806233167648 0.9364186525344849
21.698659866216218 0.5621683597564697 -0.3165231943130493 0.19148856401443481 -0.040377698838710785 -0.3220917582511902 -0.08102697134017944 0.9423699975013733
21.748676616216216 0.5829589366912842 -0.3201822340488434 0.20117191970348358 -0.03604269400238991 -0.3031221032142639 -0.0806647390127182 0.9488472938537598
21.798693616216216 0.6039859652519226 -0.3187564015388489 0.2152661383152008 -0.033431947231292725 -0.2846597135066986 -0.07918382436037064 0.9547675848007202
21.848710616216216 0.624732494354248 -0.3167417049407959 0.22619828581809998 -0.033091798424720764 -0.2691308259963989 -0.07785995304584503 0.9593807458877563
21.898727616216217 0.6425190567970276 -0.3033878803253174 0.23867499828338623 -0.03351595252752304 -0.2554759681224823 -0.07605120539665222 0.9632367491722107
21.948745616216215 0.6605104804039001 -0.29077357053756714 0.24655845761299133 -0.03687342628836632 -0.2430795431137085 -0.07312074303627014 0.966543436050415
21.998762616216215 0.6722434163093567 -0.27143943309783936 0.2580227851867676 -0.04209526628255844 -0.23169152438640594 -0.0701167955994606 0.9693455696105957
22.048779616216216 0.6832197308540344 -0.24472865462303162 0.2658469080924988 -0.04895210638642311 -0.2215387523174286 -0.06590218842029572 0.9716899394989014
22.098796866216215 0.692209780216217 -0.22027981281280518 0.2737560570240021 -0.05796394497156143 -0.213062584400177 -0.06279705464839935 0.9732939600944519
22.148814866216217 0.700273871421814 -0.1924293339252472 0.2803443670272827 -0.06724901497364044 -0.20818451046943665 -0.059268806129693985 0.9739733338356018
22.198831616216218 0.7035494446754456 -0.1636395901441574 0.284310519695282 -0.07626664638519287 -0.20567692816257477 -0.05747735872864723 0.9739490747451782
22.248848616216215 0.6989305019378662 -0.13420362770557404 0.28521350026130676 -0.08505512773990631 -0.20468653738498688 -0.05616908520460129 0.9735060930252075
22.298865616216215 0.6875302195549011 -0.10721319168806076 0.2885304093360901 -0.09313564002513885 -0.2051788568496704 -0.055328577756881714 0.9727107286453247
22.348883616216217 0.6742686033248901 -0.08390747010707855 0.2852295935153961 -0.09927195310592651 -0.20512166619300842 -0.055348027497529984 0.972114622592926
22.398900616216217 0.655266284942627 -0.06391607224941254 0.28338250517845154 -0.10392558574676514 -0.20464761555194855 -0.05597231537103653 0.9716923832893372
22.448917616216217 0.636798620223999 -0.04854688048362732 0.27856332063674927 -0.1062137708067894 -0.20579414069652557 -0.0574224591255188 0.9711179733276367
22.498934616216218 0.6115759015083313 -0.04093862324953079 0.26909998059272766 -0.10748235136270523 -0.20834439992904663 -0.06099836528301239 0.9702161550521851
22.548952866216215 0.5899976491928101 -0.04011010378599167 0.2575764060020447 -0.10766025632619858 -0.21623027324676514 -0.06501772254705429 0.9682078957557678
22.598969866216216 0.569391131401062 -0.046463243663311005 0.24110113084316254 -0.10768010467290878 -0.2271379977464676 -0.06783416122198105 0.9655112028121948
22.648986616216217 0.5457340478897095 -0.05269612371921539 0.23239025473594666 -0.10655374825000763 -0.23676548898220062 -0.06920089572668076 0.9632236361503601
22.699003616216217 0.5184720158576965 -0.0686868280172348 0.21945926547050476 -0.10596665740013123 -0.24190495908260345 -0.06944312155246735 0.9619931578636169
22.749020616216217 0.4954119324684143 -0.08524718880653381 0.2091268002986908 -0.10356803238391876 -0.24542729556560516 -0.06889897584915161 0.961401104927063
22.799038616216215 0.4726716876029968 -0.1078854575753212 0.19932405650615692 -0.10086506605148315 -0.248426154255867 -0.06597635895013809 0.9611232280731201
22.849055616216216 0.44713765382766724 -0.12955930829048157 0.19123025238513947 -0.09662207961082458 -0.2501264214515686 -0.0623028390109539 0.9613633155822754
22.899072616216216 0.4252900183200836 -0.15150834619998932 0.18652759492397308 -0.09081702679395676 -0.25034981966018677 -0.05965869501233101 0.9620385766029358
22.949089866216216 0.4031320810317993 -0.17656882107257843 0.1793040931224823 -0.08442050963640213 -0.2468540072441101 -0.05648818239569664 0.9637144207954407
22.999107866216217 0.38245970010757446 -0.1991811990737915 0.17690593004226685 -0.07699757069349289 -0.24181804060935974 -0.052576370537281036 0.9658318758010864
23.049124616216215 0.3590438961982727 -0.22049275040626526 0.1717866212129593 -0.06869184970855713 -0.2321455180644989 -0.05034672096371651 0.968945324420929
23.099141616216215 0.33510351181030273 -0.2415488362312317 0.17004971206188202 -0.060261279344558716 -0.22091421484947205 -0.04875269904732704 0.9722082018852234
23.149158616216216 0.31236475706100464 -0.26197999715805054 0.16921424865722656 -0.05270206928253174 -0.20965386927127838 -0.04614298790693283 0.9752633571624756
23.199176616216217 0.2868383824825287 -0.2783525884151459 0.16744083166122437 -0.044982295483350754 -0.1970822662115097 -0.04492364823818207 0.9783235788345337
23.249193616216218 0.2648952305316925 -0.2905879616737366 0.16658590734004974 -0.037443798035383224 -0.18804781138896942 -0.043607305735349655 0.9804766178131104
23.299210616216214 0.23656469583511353 -0.3053281903266907 0.16057048738002777 -0.03154138848185539 -0.17788641154766083 -0.0419679619371891 0.9826496243476868
23.349227616216215 0.21066056191921234 -0.31659626960754395 0.16093754768371582 -0.027061916887760162 -0.17062409222126007 -0.03972328454256058 0.9841631650924683
23.399244866216215 0.1858418732881546 -0.32823455333709717 0.16010062396526337 -0.024537499994039536 -0.1667078286409378 -0.03511282429099083 0.9850754141807556
23.449262866216216 0.1613789051771164 -0.3412119746208191 0.1556735634803772 -0.02506040222942829 -0.162518709897995 -0.028842778876423836 0.9859654307365417
23.499279616216217 0.14226949214935303 -0.35080933570861816 0.16356323659420013 -0.025609644129872322 -0.15816150605678558 -0.02378532476723194 0.9867944717407227
23.549296616216218 0.11739647388458252 -0.35593587160110474 0.15725840628147125 -0.026129959151148796 -0.15311123430728912 -0.018721524626016617 0.987686038017273
23.599313616216214 0.09266243129968643 -0.36081236600875854 0.16249802708625793 -0.0278778076171875 -0.15004582703113556 -0.0149539178237319 0.9881728291511536
23.649331616216216 0.0709267109632492 -0.3648170530796051 0.15963158011436462 -0.027364997193217278 -0.14818908274173737 -0.01327111292630434 0.9884913563728333
23.699348616216216 0.04812030494213104 -0.3646693825721741 0.16110758483409882 -0.026955867186188698 -0.14586088061332703 -0.014175578951835632 0.9888362288475037
23.749365616216217 0.028786417096853256 -0.36659353971481323 0.1489436775445938 -0.024941200390458107 -0.14540305733680725 -0.014637292362749577 0.9889497756958008
23.799382616216217 0.007089592982083559 -0.3610168993473053 0.1425447016954422 -0.02326960675418377 -0.14462406933307648 -0.01593051292002201 0.989084780216217
23.849400866216214 -0.023571914061903954 -0.3566807508468628 0.13665658235549927 -0.023881731554865837 -0.14207223057746887 -0.019508227705955505 0.9893758893013
23.899417866216215 -0.048049163073301315 -0.34812265634536743 0.13787582516670227 -0.024080663919448853 -0.14078226685523987 -0.02232479117810726 0.9894959330558777
23.949434616216216 -0.06823409348726273 -0.33682960271835327 0.13560140132904053 -0.02372048608958721 -0.14167827367782593 -0.024163566529750824 0.9893335103988647
23.999451616216216 -0.09429050981998444 -0.3266177773475647 0.12265431135892868 -0.023415135219693184 -0.14024817943572998 -0.026467638090252876 0.9894856214523315
24.049469616216218 -0.10939274728298187 -0.3180573582649231 0.12111206352710724 -0.0248214490711689 -0.14080919325351715 -0.02602362632751465 0.9893833994865417
24.099486616216215 -0.1273636370897293 -0.2969638705253601 0.10906964540481567 -0.020705921575427055 -0.14110054075717926 -0.02768849767744541 0.9893913865089417
24.149503616216215 -0.15324200689792633 -0.28511878848075867 0.1030891090631485 -0.01893455721437931 -0.1350371539592743 -0.026494937017560005 0.9903052449226379
24.199520616216216 -0.16175873577594757 -0.2735557556152344 0.1008930429816246 -0.015619948506355286 -0.1321841925382614 -0.029382038861513138 0.9906665086746216
24.249537866216215 -0.17444321513175964 -0.2500973045825958 0.10224279761314392 -0.009118099696934223 -0.1301235407590866 -0.03257716819643974 0.9909205436706543
24.299555866216217 -0.1861945241689682 -0.23856279253959656 0.0853881984949112 -0.005255655385553837 -0.1279425472021103 -0.0330977663397789 0.9912152290344238
24.349572616216218 -0.20362231135368347 -0.22067877650260925 0.06927671283483505 -0.00014362198999151587 -0.1250404417514801 -0.033751390874385834 0.9915773868560791
24.399589616216215 -0.2064698040485382 -0.19953399896621704 0.08366487920284271 0.00411295797675848 -0.12500524520874023 -0.03502331301569939 0.9915292263031006
24.449606616216215 -0.2171679437160492 -0.18100135028362274 0.07618226855993271 0.008207209408283234 -0.12091180682182312 -0.035884324461221695 0.9919804930686951
24.499624616216217 -0.2188592106103897 -0.16820941865444183 0.0646565854549408 0.010522675700485706 -0.11927580088376999 -0.03390946239233017 0.9922261834144592
24.549641616216217 -0.2180565893650055 -0.14901866018772125 0.0665435791015625 0.014381525106728077 -0.11545126885175705 -0.03405994921922684 0.9926248788833618
24.599658616216217 -0.2219550609588623 -0.13545610010623932 0.06751660257577896 0.01759009249508381 -0.11107434332370758 -0.0327373668551445 0.9931169748306274
24.649675616216218 -0.2199053019285202 -0.1194482371211052 0.0645943433046341 0.021959921345114708 -0.10861612856388092 -0.03141051530838013 0.9933447241783142
24.699693866216215 -0.21065866947174072 -0.11062350869178772 0.06556318700313568 0.02437499910593033 -0.10716547816991806 -0.031026890501379967 0.9934579730033875
24.749710866216216 -0.20657290518283844 -0.11083084344863892 0.05337078124284744 0.028037067502737045 -0.10657592862844467 -0.031191641464829445 0.9934196472167969
24.799727616216217 -0.21334438025951385 -0.09773202985525131 0.05483155697584152 0.03332829102873802 -0.10254194587469101 -0.034061141312122345 0.993586540222168
24.849744616216217 -0.21126887202262878 -0.08858920633792877 0.048074427992105484 0.039578184485435486 -0.09952991455793381 -0.03858927637338638 0.9934980273246765
24.899761616216217 -0.20440229773521423 -0.07379394769668579 0.04933943599462509 0.047477204352617264 -0.09642826020717621 -0.044125139713287354 0.9932273626327515
24.949779616216215 -0.21385782957077026 -0.061816297471523285 0.036208197474479675 0.05444024130702019 -0.09115086495876312 -0.05180658400058746 0.992997407913208
24.999796616216216 -0.20645909011363983 -0.05047018453478813 0.03818315640091896 0.06201234832406044 -0.09230374544858932 -0.05992736294865608 0.9919895529747009
25.049813616216216 -0.20550088584423065 -0.03934352099895477 0.03528729826211929 0.06862173229455948 -0.09292170405387878 -0.06767304986715317 0.9909980297088623
25.099830616216217 -0.2022734433412552 -0.037175487726926804 0.039424605667591095 0.07241049408912659 -0.09315042942762375 -0.07437591999769211 0.9902262687683105
25.149848866216217 -0.2025022655725479 -0.01842311955988407 0.03169156238436699 0.07800935208797455 -0.0936250388622284 -0.0799531415104866 0.989321231842041
25.199865866216218 -0.18531444668769836 -0.003805177751928568 0.037344057112932205 0.0812639445066452 -0.09433961659669876 -0.08533841371536255 0.9885411858558655
25.249882616216215 -0.18120141327381134 0.0022886055521667004 0.039474669843912125 0.08145135641098022 -0.09217007458209991 -0.08869153261184692 0.9884352684020996
25.299899616216216 -0.16146227717399597 0.012044413015246391 0.042686738073825836 0.08168566972017288 -0.09404206275939941 -0.09175791591405869 0.9879595637321472
25.349917616216217 -0.15078885853290558 0.022095950320363045 0.03650420904159546 0.08223345130681992 -0.09257940202951431 -0.09175283461809158 0.9880527257919312
25.399934616216218 -0.13295289874076843 0.04029817134141922 0.041435953229665756 0.08546783030033112 -0.09150917083024979 -0.09196797758340836 0.9878579378128052
25.449951616216214 -0.12157351523637772 0.04857120290398598 0.04085882753133774 0.08672051131725311 -0.09070982038974762 -0.08906782418489456 0.9880881905555725
25.499968616216215 -0.10835608094930649 0.059169426560401917 0.04448762908577919 0.08989137411117554 -0.09188660234212875 -0.08402492851018906 0.9881377816200256
25.549986866216216 -0.09252528101205826 0.07656230032444 0.04215550422668457 0.09397454559803009 -0.09249838441610336 -0.08052659034729004 0.9879921078681946
25.600003866216216 -0.08566145598888397 0.08542430400848389 0.041276220232248306 0.09791189432144165 -0.09258988499641418 -0.07900887727737427 0.987723708152771
25.650020616216217 -0.06805124133825302 0.09526245296001434 0.03671761602163315 0.10202917456626892 -0.09204313158988953 -0.07670201361179352 0.9875398874282837
25.700037616216218 -0.06263157725334167 0.10910764336585999 0.0387289859354496 0.10595445334911346 -0.08900897949934006 -0.07578741014003754 0.9874752163887024
25.750054616216214 -0.051928769797086716 0.12261366099119186 0.03929334506392479 0.10769251734018326 -0.08704056590795517 -0.07269532978534698 0.9876951575279236
25.800072616216216 -0.04779530316591263 0.13304705917835236 0.037787292152643204 0.10957619547843933 -0.08602266758680344 -0.07407599687576294 0.9874745607376099
25.850089616216216 -0.03927385061979294 0.13942676782608032 0.04579043388366699 0.10767736285924911 -0.08594823628664017 -0.07206403464078903 0.9878386855125427
25.900106616216217 -0.03328412026166916 0.14881300926208496 0.045392632484436035 0.10690706223249435 -0.08549206703901291 -0.07373831421136856 0.9878384470939636
25.950123616216217 -0.03045038692653179 0.15943543612957 0.0458143912255764 0.10512569546699524 -0.08422912657260895 -0.07413231581449509 0.9881085157394409
26.000141866216214 -0.02082073502242565 0.16716162860393524 0.0525982603430748 0.10179905593395233 -0.0857677161693573 -0.07586783170700073 0.9881927967071533
26.050158866216215 -0.017910750582814217 0.17773820459842682 0.05205792933702469 0.0988658145070076 -0.08384406566619873 -0.07627931982278824 0.9886239767074585
26.100175616216216 -0.01327876839786768 0.18637923896312714 0.05622697249054909 0.09601176530122757 -0.08444516360759735 -0.07672833651304245 0.9888193011283875
26.150192616216216 -0.006090274080634117 0.19495649635791779 0.06472145766019821 0.09303337335586548 -0.08741401880979538 -0.07551740854978561 0.9889391660690308
26.200210616216218 -0.007415205705910921 0.20475371181964874 0.06275481730699539 0.08980722725391388 -0.090045265853405 -0.0752437636256218 0.9890221953392029
26.250227616216215 -0.0016629438614472747 0.21337413787841797 0.06182286515831947 0.08644676208496094 -0.09490494430065155 -0.07024729251861572 0.9892347455024719
26.300244616216215 0.008817807771265507 0.2215830683708191 0.07491645961999893 0.0844409391283989 -0.09851070493459702 -0.0691179484128952 0.9891350269317627
26.350261616216216 0.014245248399674892 0.2257041037082672 0.06336420774459839 0.08422912657260895 -0.09301435202360153 -0.0650450736284256 0.9899611473083496
26.400278616216216 0.014444049447774887 0.22956880927085876 0.06337705999612808 0.08759389817714691 -0.08414211869239807 -0.0605822317302227 0.9907458424568176
26.450296866216217 0.01637260615825653 0.22942116856575012 0.05829629674553871 0.09208051860332489 -0.07814580202102661 -0.053800154477357864 0.9912214279174805
26.500313866216217 0.02446698024868965 0.23716676235198975 0.06115386262536049 0.10001133382320404 -0.07635035365819931 -0.04742968827486038 0.9909181594848633
26.550330616216215 0.03427169844508171 0.24469467997550964 0.05240646377205849 0.10889899730682373 -0.07538433372974396 -0.043134842067956924 0.990251362323761
26.600347616216215 0.036453183740377426 0.2531951069831848 0.058066342025995255 0.11811964213848114 -0.07135132700204849 -0.03780500218272209 0.9897108674049377
26.650365616216217 0.04386754333972931 0.2622886002063751 0.05405508726835251 0.12532880902290344 -0.06544187664985657 -0.031461115926504135 0.9894545674324036
26.700382616216217 0.049070805311203 0.27110856771469116 0.054711803793907166 0.13168202340602875 -0.06012454628944397 -0.027607103809714317 0.9890817999839783
26.750399616216217 0.04890032112598419 0.28155532479286194 0.060777198523283005 0.1362793743610382 -0.054015763103961945 -0.02295917458832264 0.988930344581604
26.800416616216218 0.054476648569107056 0.2920745611190796 0.06504411995410919 0.13835783302783966 -0.04985034093260765 -0.02012518234550953 0.9889222383499146
26.850434866216215 0.05616020783782005 0.2961532473564148 0.07469925284385681 0.1365283727645874 -0.048509303480386734 -0.018516259267926216 0.9892745018005371
26.900451866216216 0.0526285395026207 0.30133718252182007 0.08986972272396088 0.1341581493616104 -0.04929986223578453 -0.01985863409936428 0.9895336031913757
26.950468616216217 0.04968855157494545 0.3184657096862793 0.09199470281600952 0.13436806201934814 -0.05083500221371651 -0.020658425986766815 0.9894110560417175
27.000485616216217 0.05293278023600578 0.3266444504261017 0.09429405629634857 0.13303738832473755 -0.05363111197948456 -0.0221132542937994 0.9894118905067444
27.050503616216215 0.05368931218981743 0.3344224691390991 0.09860368072986603 0.1321863979101181 -0.05569079890847206 -0.0248829647898674 0.9893463850021362
27.100520616216215 0.052486151456832886 0.3451746106147766 0.10068966448307037 0.1319839507341385 -0.058296576142311096 -0.026014450937509537 0.9891941547393799
27.150537616216216 0.054072197526693344 0.35739198327064514 0.09993405640125275 0.13387955725193024 -0.06105494126677513 -0.025950338691473007 0.9887746572494507
27.200554616216216 0.0541776679456234 0.36457890272140503 0.10216567665338516 0.13465812802314758 -0.06493935734033585 -0.02623862400650978 0.9884136915206909
27.250571616216217 0.05715815722942352 0.37379947304725647 0.10571958869695663 0.13576453924179077 -0.06873489916324615 -0.024766793474555016 0.9880436658859253
27.300589866216217 0.056301698088645935 0.38044488430023193 0.10996127873659134 0.13527803122997284 -0.07001663744449615 -0.020779332146048546 0.9881122708320618
27.350606866216218 0.05861430987715721 0.3887440264225006 0.1133006364107132 0.13516461849212646 -0.07223276048898697 -0.019573142752051353 0.9879928827285767
27.400623616216215 0.05684221163392067 0.39780062437057495 0.11080945283174515 0.13481388986110687 -0.07421204447746277 -0.015569401904940605 0.9879652857780457
27.450640616216216 0.06504619121551514 0.4042436480522156 0.12215040624141693 0.13463285565376282 -0.07620809972286224 -0.01153517048805952 0.9878934025764465
27.500658616216217 0.0623677559196949 0.40280455350875854 0.12570255994796753 0.13285204768180847 -0.07293140888214111 -0.009775171056389809 0.9884006381034851
27.550675616216218 0.06094128638505936 0.4141380786895752 0.1266540288925171 0.13326717913150787 -0.07166146486997604 -0.007537192665040493 0.9884573221206665
27.600692616216215 0.06615977734327316 0.41872623562812805 0.13980908691883087 0.1329200565814972 -0.0717398151755333 -0.006808125413954258 0.9885035753250122
27.650709616216215 0.061764106154441833 0.4260612726211548 0.13452787697315216 0.13387197256088257 -0.0705982893705368 -0.006522521376609802 0.9884592294692993
27.700727866216216 0.06498587131500244 0.419594407081604 0.13281390070915222 0.13451451063156128 -0.07211458683013916 -0.008876326493918896 0.9882441759109497
27.750744866216216 0.06509096920490265 0.4241316020488739 0.12958423793315887 0.1375405192375183 -0.07497764378786087 -0.010170040652155876 0.9876019954681396
