57174.764376 -0.000000 -0.000000 -0.000000 -0.000000 -0.000000 -0.000000 1.000000
57174.864376 0.007275 -0.002433 0.373514 0.000023 0.003120 -0.001471 0.999994
57174.964376 0.023223 -0.013026 0.729775 -0.000022 0.006786 -0.002098 0.999975
57175.064376 0.042819 -0.015226 1.092021 -0.000771 0.011328 -0.002009 0.999934
57175.164376 0.074351 -0.017051 1.460428 -0.002006 0.017407 -0.001204 0.999846
57175.264376 0.108996 -0.040564 1.791577 -0.003909 0.024736 -0.000577 0.999686
57175.364376 0.144366 -0.016735 2.167013 -0.002983 0.033008 -0.002136 0.999448
57175.464376 0.204387 -0.011697 2.528437 -0.003171 0.041592 -0.001760 0.999128
57175.564376 0.265771 -0.028439 2.850381 -0.004245 0.052228 -0.001071 0.998626
57175.664376 0.341131 -0.032319 3.182077 -0.005269 0.063944 -0.000706 0.997939
57175.764376 0.420349 -0.031854 3.518688 -0.005534 0.077058 -0.001718 0.997010
57175.864376 0.506263 -0.035467 3.835790 -0.005034 0.091747 -0.004261 0.995761
57175.964376 0.604733 -0.034990 4.151250 -0.004142 0.107942 -0.005429 0.994134
57176.064376 0.722672 -0.041643 4.449927 -0.003492 0.124967 -0.006090 0.992136
57176.164376 0.855124 -0.040596 4.740073 -0.002657 0.143284 -0.006657 0.989656
57176.264376 0.993781 -0.047077 5.024484 -0.002732 0.161814 -0.007702 0.986787
57176.364376 1.144140 -0.052473 5.293461 -0.002774 0.181094 -0.008265 0.983427
57176.464376 1.312739 -0.053888 5.559803 -0.002003 0.200928 -0.007953 0.979572
57176.564376 1.487809 -0.064949 5.799739 -0.001026 0.221608 -0.006911 0.975111
57176.664376 1.674680 -0.070455 6.040432 -0.000111 0.242705 -0.006493 0.970078
57176.764376 1.871607 -0.080136 6.262777 0.000209 0.263506 -0.005823 0.964640
57176.864376 2.072243 -0.083156 6.483512 0.000449 0.284961 -0.005612 0.958523
57176.964376 2.294456 -0.087818 6.699358 0.000416 0.305840 -0.005526 0.952067
57177.064376 2.513076 -0.081422 6.906847 0.001199 0.327538 -0.004909 0.944825
57177.164376 2.736201 -0.076228 7.082729 0.001930 0.348384 -0.002538 0.937346
57177.264376 2.972281 -0.081565 7.260102 0.001126 0.369800 0.000019 0.929111
57177.364376 3.218704 -0.077561 7.420255 0.001820 0.389921 0.002348 0.920844
57177.464376 3.463475 -0.079483 7.577123 0.001483 0.410195 0.003033 0.911992
57177.564376 3.710623 -0.088464 7.707981 -0.000540 0.428525 0.002871 0.903525
57177.664376 3.956821 -0.083066 7.854200 -0.001350 0.448534 0.002908 0.893760
57177.764376 4.243264 -0.084099 7.974369 -0.001364 0.465866 0.004517 0.884843
57177.864376 4.505687 -0.081825 8.082743 -0.000543 0.484187 0.005941 0.874944
57177.964376 4.786508 -0.078734 8.174610 0.001051 0.501932 0.008108 0.864869
57178.064376 5.073022 -0.092347 8.263682 -0.000418 0.519582 0.007941 0.854384
57178.164376 5.345672 -0.087011 8.330315 0.002253 0.536267 0.010404 0.843981
57178.264376 5.625622 -0.067630 8.388597 0.005356 0.552684 0.012519 0.833280
57178.364376 5.917760 -0.063496 8.446780 0.006089 0.568137 0.013497 0.822801
57178.464376 6.218603 -0.069881 8.508938 0.004383 0.582999 0.013752 0.812345
57178.564376 6.509858 -0.069000 8.554869 0.003529 0.596928 0.014699 0.802153
57178.664376 6.802877 -0.066299 8.580023 0.002558 0.610057 0.014669 0.792217
57178.764376 7.101979 -0.062628 8.602947 0.002093 0.622702 0.015655 0.782300
57178.864376 7.412589 -0.058057 8.622446 0.002287 0.635051 0.016602 0.772288
57178.964376 7.716133 -0.053429 8.629248 0.002566 0.646501 0.017398 0.762710
57179.064376 8.018615 -0.049888 8.636169 0.002283 0.657331 0.018061 0.753382
57179.164376 8.337787 -0.045275 8.640481 0.002339 0.666789 0.018901 0.745003
57179.264376 8.652405 -0.039514 8.642301 0.002031 0.675182 0.019076 0.737402
57179.364376 8.975605 -0.028239 8.636343 0.002441 0.682220 0.019118 0.730893
57179.464376 9.327381 -0.031153 8.640300 0.001365 0.688520 0.019010 0.724967
57179.564376 9.654988 -0.027767 8.634328 0.001414 0.693379 0.019239 0.720315
57179.664376 9.985513 -0.019673 8.629211 0.001838 0.697369 0.019671 0.716440
57179.764376 10.304788 -0.017155 8.623997 0.002485 0.700149 0.020613 0.713695
57179.864376 10.690848 -0.015838 8.623909 0.001181 0.702202 0.019282 0.711715
57179.964376 11.026073 -0.012416 8.621603 0.000623 0.703589 0.018849 0.710357
57180.064376 11.379183 -0.004781 8.618996 0.000292 0.704760 0.018097 0.709215
57180.164376 11.747288 -0.000024 8.614260 -0.000433 0.705844 0.017442 0.708152
57180.264376 12.100222 0.002579 8.607137 -0.000849 0.707024 0.017411 0.706974
57180.364376 12.446998 0.010018 8.597567 -0.000455 0.708287 0.017832 0.705699
57180.464376 12.822127 0.017593 8.587904 -0.000408 0.709529 0.017597 0.704457
57180.564376 13.185780 0.019010 8.583861 -0.001032 0.710527 0.017403 0.703454
57180.664376 13.561514 0.027545 8.583611 -0.001157 0.711596 0.017298 0.702375
57180.764376 13.913224 0.030763 8.558640 -0.000443 0.711730 0.017660 0.702231
57180.864376 14.277681 0.037076 8.545331 -0.000329 0.712014 0.018048 0.701933
57180.964376 14.648638 0.042368 8.537617 -0.000651 0.712299 0.017832 0.701650
57181.064376 15.033464 0.046784 8.534355 -0.000848 0.712368 0.017989 0.701575
57181.164376 15.427263 0.049757 8.520707 -0.000943 0.711915 0.017831 0.702039
57181.264376 15.803385 0.057413 8.513837 -0.000920 0.711281 0.017705 0.702684
57181.364376 16.187044 0.060331 8.507418 -0.001391 0.710949 0.017764 0.703018
57181.464376 16.581196 0.069892 8.505520 -0.001869 0.710172 0.017705 0.703803
57181.564376 16.965162 0.081251 8.502937 -0.001882 0.709316 0.017809 0.704663
57181.664376 17.359510 0.089410 8.502277 -0.001834 0.708721 0.018498 0.705244
57181.764376 17.736168 0.089892 8.495298 -0.002109 0.707964 0.018592 0.706000
57181.864376 18.112988 0.099473 8.491552 -0.001820 0.707159 0.018720 0.706804
57181.964376 18.502018 0.103105 8.495174 -0.002077 0.706651 0.018701 0.707312
57182.064376 18.887779 0.111201 8.501564 -0.001793 0.706130 0.018360 0.707842
57182.164376 19.265270 0.118531 8.499201 -0.001137 0.705123 0.018488 0.708843
57182.264376 19.651070 0.125709 8.515144 -0.001459 0.704929 0.018203 0.709043
57182.364376 20.027075 0.131789 8.510818 -0.000740 0.704275 0.018470 0.709687
57182.464376 20.401882 0.136740 8.513020 -0.000682 0.703471 0.018553 0.710481
57182.564376 20.779289 0.145232 8.516115 0.000027 0.702808 0.018924 0.711128
57182.664376 21.168005 0.148665 8.525272 -0.000310 0.702358 0.019118 0.711567
57182.764376 21.549419 0.159727 8.530443 -0.000231 0.701720 0.019209 0.712194
57182.864376 21.946291 0.166802 8.533541 -0.000076 0.701145 0.019348 0.712756
57182.964376 22.312290 0.167472 8.546465 -0.000672 0.700899 0.019035 0.713006
57183.064376 22.689995 0.172034 8.548470 -0.000326 0.700241 0.019374 0.713644
57183.164376 23.076267 0.178489 8.558043 -0.000237 0.699901 0.019394 0.713977
57183.264376 23.463060 0.185265 8.561909 -0.000138 0.699691 0.019162 0.714188
57183.364376 23.834929 0.188665 8.562267 -0.000087 0.699054 0.019254 0.714809
57183.464376 24.234713 0.194566 8.571220 -0.000142 0.699088 0.018958 0.714784
57183.564376 24.630793 0.205682 8.582661 0.000148 0.699232 0.018832 0.714647
57183.664376 25.006725 0.209929 8.584330 0.000706 0.698981 0.019294 0.714880
57183.764376 25.401859 0.220871 8.587151 0.001059 0.698907 0.019349 0.714950
57183.864376 25.791695 0.234017 8.604029 0.000480 0.699335 0.018670 0.714550
57183.964376 26.186359 0.240802 8.613184 0.001119 0.699262 0.019193 0.714607
57184.064376 26.557394 0.235392 8.606842 0.000473 0.698976 0.019111 0.714889
57184.164376 26.973732 0.249355 8.621727 0.000568 0.699630 0.019164 0.714248
57184.264376 27.357603 0.258384 8.621180 0.000500 0.699603 0.019225 0.714273
57184.364376 27.763367 0.270001 8.641045 0.000358 0.700630 0.019229 0.713266
57184.464376 28.138241 0.272005 8.630898 0.000405 0.700517 0.019433 0.713371
57184.564376 28.537415 0.284409 8.635824 0.000830 0.700955 0.019914 0.712927
57184.664376 28.911121 0.277979 8.632740 -0.000191 0.701166 0.020155 0.712713
57184.764376 29.296425 0.291095 8.623453 0.000856 0.701252 0.020599 0.712615
57184.864376 29.686447 0.295570 8.619188 0.000638 0.701408 0.020754 0.712458
57184.964376 30.067314 0.298550 8.623409 0.000045 0.701968 0.020320 0.711919
57185.064376 30.453609 0.308012 8.622627 0.001040 0.702066 0.020786 0.711808
57185.164376 30.847603 0.316294 8.624256 0.000496 0.702136 0.020872 0.711737
57185.264376 31.216034 0.318194 8.624784 0.001070 0.702209 0.021493 0.711645
57185.364376 31.601437 0.323562 8.630116 0.001227 0.702693 0.021179 0.711177
57185.464376 31.972790 0.332094 8.630318 0.001499 0.702984 0.020961 0.710895
57185.564376 32.357395 0.337764 8.646645 0.001481 0.703872 0.020781 0.710022
57185.664376 32.702122 0.341343 8.628311 0.002052 0.703318 0.022023 0.710531
57185.764376 33.071365 0.351613 8.628056 0.002395 0.703468 0.022546 0.710366
57185.864376 33.422596 0.358015 8.627537 0.002518 0.703703 0.022090 0.710146
57185.964376 33.776093 0.361191 8.629444 0.002215 0.704410 0.021951 0.709450
57186.064376 34.130909 0.365498 8.625168 0.002475 0.704887 0.022713 0.708952
57186.164376 34.485985 0.375132 8.624901 0.003829 0.705280 0.023343 0.708534
57186.264376 34.827892 0.380623 8.631424 0.002980 0.705339 0.022810 0.708497
57186.364376 35.167797 0.385252 8.632278 0.002759 0.705049 0.022690 0.708790
57186.464376 35.500904 0.388484 8.630432 0.002970 0.705047 0.022713 0.708791
57186.564376 35.826004 0.394834 8.632988 0.002731 0.704795 0.021994 0.709065
57186.664376 36.152367 0.399040 8.635571 0.002878 0.704489 0.022013 0.709368
57186.764376 36.473080 0.399550 8.636600 0.002373 0.704347 0.021661 0.709521
57186.864376 36.797817 0.405472 8.632690 0.002663 0.705048 0.021690 0.708823
57186.964376 37.119205 0.414102 8.633858 0.002136 0.706442 0.021094 0.707453
57187.064376 37.436775 0.415562 8.628265 0.002022 0.707936 0.021313 0.705952
57187.164376 37.762421 0.427038 8.616848 0.002742 0.709031 0.020980 0.704860
57187.264376 38.080830 0.426734 8.608799 0.003036 0.710617 0.021388 0.703248
57187.364376 38.397343 0.432979 8.600750 0.002564 0.712304 0.021438 0.701538
57187.464376 38.718178 0.447018 8.584309 0.002793 0.713889 0.021349 0.699928
57187.564376 39.037682 0.445575 8.566200 0.001756 0.715568 0.021085 0.698223
57187.664376 39.355873 0.447552 8.550694 0.001335 0.717754 0.020658 0.695989
57187.764376 39.675900 0.456604 8.530628 0.001543 0.719942 0.020706 0.693724
57187.864376 39.996933 0.457195 8.503990 0.001364 0.722252 0.021008 0.691310
57187.964376 40.315620 0.464443 8.478523 0.001783 0.724577 0.021281 0.688863
57188.064376 40.646179 0.470717 8.451630 0.001204 0.727159 0.020891 0.686150
57188.164376 40.952312 0.475293 8.416943 0.001138 0.729255 0.020874 0.683922
57188.264376 41.272774 0.482492 8.383739 0.001634 0.731713 0.020832 0.681292
57188.364376 41.594852 0.489767 8.352554 0.001670 0.733867 0.020426 0.678984
57188.464376 41.907402 0.492442 8.315815 0.001354 0.735404 0.020106 0.677329
57188.564376 42.235798 0.498442 8.285496 0.001609 0.737287 0.020379 0.675270
57188.664376 42.553612 0.507092 8.252827 0.001615 0.738845 0.020328 0.673567
57188.764376 42.882568 0.513572 8.213024 0.001531 0.740190 0.020247 0.672091
57188.864376 43.211685 0.519953 8.175060 0.001813 0.741278 0.020304 0.670888
57188.964376 43.546444 0.526871 8.135586 0.001958 0.742289 0.020338 0.669768
57189.064376 43.879154 0.529281 8.102261 0.001222 0.743155 0.020307 0.668810
57189.164376 44.193573 0.533492 8.058205 0.001096 0.743290 0.020470 0.668656
57189.264376 44.534569 0.544614 8.019791 0.001409 0.743653 0.020538 0.668249
57189.364376 44.873066 0.551122 7.974030 0.001749 0.743452 0.020899 0.668461
57189.464376 45.226620 0.554417 7.942661 0.001018 0.743563 0.020506 0.668351
57189.564376 45.571136 0.569852 7.905926 0.001299 0.743268 0.020165 0.668688
57189.664376 45.920048 0.577083 7.874741 0.000835 0.742831 0.020058 0.669178
57189.764376 46.284462 0.583528 7.840633 0.000684 0.742435 0.020075 0.669617
57189.864376 46.642899 0.594200 7.804951 0.000646 0.741674 0.019892 0.670465
57189.964376 47.011120 0.598743 7.768177 0.000598 0.740857 0.020128 0.671361
57190.064376 47.394478 0.609914 7.735115 0.000306 0.740041 0.019651 0.672275
57190.164376 47.764076 0.614484 7.705677 -0.000132 0.739163 0.019388 0.673247
57190.264376 48.139847 0.616270 7.675465 -0.000568 0.738189 0.019278 0.674318
57190.364376 48.517757 0.627449 7.631485 0.000098 0.737087 0.019267 0.675524
57190.464376 48.914337 0.634923 7.611126 -0.000534 0.736576 0.018866 0.676091
57190.564376 49.315872 0.644920 7.582474 -0.000751 0.735578 0.018551 0.677186
57190.664376 49.713306 0.652421 7.556576 -0.001575 0.734690 0.018356 0.678153
57190.764376 50.119286 0.663549 7.526920 -0.002039 0.733531 0.018247 0.679408
57190.864376 50.528088 0.673710 7.497520 -0.002316 0.732264 0.018342 0.680770
57190.964376 50.938007 0.669399 7.473549 -0.002278 0.731335 0.019004 0.681750
57191.064376 51.352177 0.679436 7.446701 -0.002238 0.730226 0.019094 0.682935
57191.164376 51.779415 0.687726 7.417923 -0.001888 0.728972 0.019577 0.684261
57191.264376 52.223206 0.700628 7.390732 -0.001710 0.727686 0.019949 0.685618
57191.364376 52.651543 0.711250 7.367325 -0.001692 0.726282 0.019929 0.687105
57191.464376 53.091171 0.720851 7.359493 -0.002247 0.725426 0.019281 0.688026
57191.564376 53.540733 0.727912 7.333866 -0.002453 0.723968 0.019739 0.689547
57191.664376 53.969330 0.732838 7.316509 -0.002867 0.722681 0.019879 0.690890
57191.764376 54.416275 0.745548 7.297398 -0.002646 0.721632 0.019662 0.691992
57191.864376 54.855263 0.752742 7.284538 -0.002429 0.720601 0.019484 0.693072
57191.964376 55.291599 0.761754 7.270260 -0.002489 0.719418 0.019037 0.694312
57192.064376 55.762878 0.766340 7.250202 -0.001560 0.718592 0.019597 0.695154
57192.164376 56.199207 0.781163 7.236614 -0.001098 0.717667 0.019681 0.696107
57192.264376 56.647995 0.784492 7.221676 -0.001073 0.716788 0.019691 0.697013
57192.364376 57.108177 0.792262 7.205761 -0.000978 0.715834 0.019407 0.698000
57192.464376 57.550976 0.800271 7.197849 -0.000946 0.714934 0.019319 0.698924
57192.564376 58.010880 0.809579 7.186802 -0.000599 0.713993 0.019162 0.699891
57192.664376 58.468506 0.825406 7.175701 -0.000112 0.713122 0.019065 0.700781
57192.764376 58.899117 0.826186 7.168819 -0.000363 0.712071 0.018870 0.701854
57192.864376 59.360603 0.833337 7.164932 -0.000243 0.711179 0.019322 0.702745
57192.964376 59.800888 0.841644 7.153748 0.000062 0.710027 0.019924 0.703892
57193.064376 60.235023 0.847865 7.155121 0.000023 0.709294 0.020196 0.704624
57193.164376 60.679775 0.861468 7.164062 -0.000489 0.708655 0.019730 0.705279
57193.264376 61.102875 0.867073 7.164524 -0.000972 0.707703 0.019396 0.706244
57193.364376 61.533665 0.881794 7.166157 -0.000408 0.706723 0.019803 0.707213
57193.464376 61.978477 0.880345 7.173042 -0.001219 0.706216 0.020095 0.707710
57193.564376 62.398598 0.889338 7.171303 -0.001196 0.705137 0.019819 0.708793
57193.664376 62.821510 0.895369 7.181362 -0.000486 0.704387 0.019706 0.709542
57193.764376 63.240761 0.900075 7.177753 -0.000557 0.703177 0.019155 0.710757
57193.864376 63.659206 0.904578 7.188713 -0.000352 0.702238 0.018945 0.711690
57193.964376 64.077995 0.910255 7.195484 -0.000112 0.701102 0.019041 0.712807
57194.064376 64.503342 0.920174 7.203911 0.000077 0.700216 0.018818 0.713683
57194.164376 64.917252 0.924553 7.218216 -0.000259 0.699310 0.018249 0.714586
57194.264376 65.337112 0.935145 7.228489 -0.000343 0.698359 0.017606 0.715531
57194.364376 65.745590 0.939242 7.235710 0.000169 0.697478 0.018212 0.716375
57194.464376 66.162033 0.948350 7.245369 0.000524 0.696634 0.018307 0.717193
57194.564376 66.573586 0.953788 7.257286 0.000395 0.695884 0.018349 0.717920
57194.664376 66.976021 0.957598 7.273476 0.000231 0.695804 0.018231 0.718000
57194.764376 67.389603 0.963523 7.286926 0.000095 0.695524 0.018216 0.718272
57194.864376 67.803749 0.967084 7.291016 0.000550 0.694841 0.018904 0.718914
57194.964376 68.216003 0.972156 7.309303 -0.000164 0.695124 0.018631 0.718648
57195.064376 68.621727 0.979197 7.315552 0.000232 0.694825 0.019118 0.718925
57195.164376 69.035316 0.987123 7.328461 0.000228 0.694955 0.019127 0.718799
57195.264376 69.433739 0.982139 7.348160 -0.001320 0.695942 0.018694 0.717853
57195.364376 69.835564 0.987615 7.356117 -0.001413 0.696635 0.018671 0.717181
57195.464376 70.226219 0.994457 7.359871 -0.000961 0.697395 0.018858 0.716439
57195.564376 70.612343 0.995054 7.371101 -0.002020 0.697893 0.018553 0.715959
57195.664376 70.993759 1.001859 7.375664 -0.002088 0.698345 0.018525 0.715519
57195.764376 71.381065 1.008362 7.382225 -0.002066 0.698787 0.018455 0.715089
57195.864376 71.762459 1.019466 7.395294 -0.001408 0.698894 0.018420 0.714986
57195.964376 72.131516 1.024542 7.400230 -0.001088 0.698972 0.018562 0.714907
57196.064376 72.502441 1.027435 7.408012 -0.001560 0.699116 0.018358 0.714771
57196.164376 72.864281 1.033462 7.410835 -0.001649 0.699439 0.018064 0.714462
57196.264376 73.222710 1.038136 7.414528 -0.001919 0.700188 0.018092 0.713726
57196.364376 73.581825 1.042653 7.422150 -0.002315 0.701290 0.017691 0.712653
57196.464376 73.921783 1.050341 7.421638 -0.001232 0.702152 0.017951 0.711800
57196.564376 74.258400 1.057600 7.417664 -0.001114 0.702716 0.018123 0.711239
57196.664376 74.602448 1.057661 7.413704 -0.000847 0.703487 0.018422 0.710469
57196.764376 74.934883 1.060491 7.418068 -0.000874 0.704119 0.018270 0.709846
57196.864376 75.279137 1.064525 7.419373 -0.000877 0.704715 0.018308 0.709254
57196.964376 75.601288 1.075609 7.416580 0.000682 0.705071 0.018757 0.708889
57197.064376 75.945969 1.090621 7.415306 0.000966 0.705162 0.018161 0.708813
57197.164376 76.275146 1.094227 7.412033 0.000917 0.705355 0.018513 0.708612
57197.264376 76.596970 1.095135 7.420235 0.000182 0.706252 0.017844 0.707736
57197.364376 76.923309 1.106976 7.422600 -0.000012 0.706597 0.018073 0.707385
57197.464376 77.248367 1.120856 7.416565 -0.000614 0.706912 0.018145 0.707068
57197.564376 77.573204 1.130541 7.423714 -0.000824 0.708180 0.018214 0.705797
57197.664376 77.897652 1.129426 7.414864 -0.001738 0.709591 0.018542 0.704367
57197.764376 78.210526 1.138485 7.402130 -0.000432 0.711106 0.019760 0.702807
57197.864376 78.529533 1.137878 7.384026 -0.000750 0.712682 0.020456 0.701189
57197.964376 78.845261 1.153710 7.370354 -0.000316 0.714743 0.020838 0.699076
57198.064376 79.183311 1.156925 7.347076 -0.001005 0.717034 0.020234 0.696744
57198.164376 79.494286 1.159096 7.326042 -0.001903 0.719409 0.019690 0.694305
57198.264376 79.798607 1.178940 7.303726 -0.000152 0.721825 0.019592 0.691799
57198.364376 80.110146 1.181739 7.276733 0.000612 0.724597 0.020533 0.688867
57198.464376 80.424644 1.182804 7.237389 0.000502 0.727088 0.020472 0.686239
57198.564376 80.747063 1.202908 7.197884 0.002396 0.729449 0.021225 0.683702
57198.664376 81.035095 1.198260 7.166901 0.000989 0.732702 0.021914 0.680196
57198.764376 81.358337 1.213036 7.136787 0.002010 0.735649 0.022967 0.676971
57198.864376 81.683258 1.215151 7.085716 0.001251 0.737821 0.022646 0.674615
57198.964376 81.993698 1.218197 7.051613 0.001278 0.740895 0.023189 0.671219
57199.064376 82.290344 1.229630 6.998512 0.001644 0.742964 0.022886 0.668938
57199.164376 82.594650 1.228260 6.968422 0.001793 0.745657 0.023278 0.665921
57199.264376 82.882980 1.239674 6.926758 0.002162 0.747703 0.022700 0.663642
57199.364376 83.187477 1.249735 6.880722 0.002123 0.749639 0.022417 0.661464
57199.464376 83.478004 1.260638 6.846634 0.002310 0.752092 0.021728 0.658696
57199.564376 83.772217 1.261486 6.783783 0.003257 0.753811 0.022214 0.656707
57199.664376 84.073097 1.265601 6.732758 0.003730 0.755889 0.022223 0.654312
57199.764376 84.360100 1.275582 6.680336 0.004291 0.758082 0.022195 0.651768
57199.864376 84.651543 1.279318 6.629951 0.005015 0.760248 0.022791 0.649213
57199.964376 84.932083 1.278490 6.572113 0.004731 0.762540 0.022667 0.646526
57200.064376 85.220840 1.286449 6.514297 0.004470 0.764929 0.022025 0.643722
57200.164376 85.509521 1.290080 6.460381 0.003758 0.767750 0.021602 0.640374
57200.264376 85.812180 1.304078 6.396065 0.003089 0.770361 0.021392 0.637241
57200.364376 86.099846 1.307800 6.322670 0.002600 0.773408 0.021820 0.633528
57200.464376 86.396217 1.315399 6.244789 0.002415 0.776747 0.022178 0.629418
57200.564376 86.685555 1.324330 6.162804 0.002941 0.781195 0.022263 0.623883
57200.664376 86.959641 1.321808 6.066734 0.002581 0.786337 0.022804 0.617372
57200.764376 87.248001 1.324053 5.977921 0.001815 0.792799 0.022832 0.609052
57200.864376 87.520714 1.328426 5.867218 0.001829 0.799689 0.023344 0.599958
57200.964376 87.794846 1.338482 5.742210 0.001349 0.807452 0.023219 0.589474
57201.064376 88.062790 1.336324 5.618797 0.000828 0.816057 0.023630 0.577488
57201.164376 88.329361 1.352587 5.476410 0.001359 0.824915 0.022518 0.564806
57201.264376 88.582657 1.351324 5.331612 0.001805 0.834224 0.022460 0.550965
57201.364376 88.831047 1.355615 5.168488 0.002239 0.843075 0.022416 0.537325
57201.464376 89.070114 1.362087 5.001389 0.002610 0.852366 0.021647 0.522491
57201.564376 89.313911 1.364247 4.823143 0.002826 0.861804 0.020523 0.506818
57201.664376 89.541824 1.368499 4.629669 0.002996 0.870630 0.019740 0.491533
57201.764376 89.757652 1.374587 4.430313 0.004920 0.879246 0.019651 0.475937
57201.864376 89.977478 1.386706 4.222298 0.006695 0.887822 0.019233 0.459736
57201.964376 90.190796 1.394671 4.002663 0.007971 0.896015 0.019886 0.443506
57202.064376 90.384544 1.396924 3.788177 0.008358 0.903693 0.020584 0.427605
57202.164376 90.578407 1.408822 3.563492 0.008186 0.910900 0.020006 0.412060
57202.264376 90.761711 1.405231 3.350143 0.006870 0.917730 0.019985 0.396643
57202.364376 90.940384 1.414831 3.115105 0.005903 0.923917 0.019189 0.382065
57202.464376 91.098343 1.421139 2.884377 0.005279 0.929745 0.019139 0.367669
57202.564376 91.259872 1.425829 2.653023 0.004039 0.935669 0.018734 0.352358
57202.664376 91.415192 1.429009 2.414108 0.003285 0.941236 0.017771 0.337267
57202.764376 91.539780 1.433323 2.182388 0.003303 0.946198 0.016793 0.323135
57202.864376 91.672798 1.451259 1.942520 0.002974 0.951150 0.015016 0.308350
57202.964376 91.796562 1.456079 1.702095 0.002208 0.955690 0.013965 0.294034
57203.064376 91.908653 1.464359 1.457832 0.002302 0.959804 0.013810 0.280323
57203.164376 92.011024 1.468170 1.221947 0.001708 0.963496 0.013676 0.267369
57203.264376 92.108879 1.476420 0.981834 0.001738 0.966887 0.013697 0.254832
57203.364376 92.201401 1.479763 0.757446 0.000097 0.970091 0.013863 0.242345
57203.464376 92.282509 1.483078 0.532532 -0.000763 0.972806 0.014233 0.231183
57203.564376 92.365463 1.490628 0.291718 -0.001959 0.975339 0.013675 0.220281
57203.664376 92.439331 1.495013 0.070282 -0.002734 0.977791 0.013592 0.209125
57203.764376 92.500000 1.500634 -0.137421 -0.003375 0.979841 0.013673 0.199283
57203.864376 92.553467 1.502493 -0.346001 -0.003726 0.981626 0.013969 0.190265
57203.964376 92.615471 1.507043 -0.550751 -0.005805 0.983412 0.013377 0.180801
57204.064376 92.663834 1.508486 -0.740978 -0.006820 0.984952 0.013524 0.172163
57204.164376 92.706703 1.513191 -0.934441 -0.006700 0.986181 0.013537 0.164981
57204.264376 92.745171 1.519772 -1.124107 -0.005553 0.987327 0.013915 0.157991
57204.364376 92.785561 1.518988 -1.312534 -0.005522 0.988357 0.014057 0.151401
57204.464376 92.816269 1.525429 -1.482807 -0.005803 0.989169 0.013829 0.146015
57204.564376 92.856834 1.525979 -1.658272 -0.007321 0.990042 0.013676 0.139917
57204.664376 92.891533 1.531485 -1.828602 -0.008160 0.990912 0.013376 0.133599
57204.764376 92.919434 1.537638 -2.001820 -0.007755 0.991595 0.013021 0.128488
57204.864376 92.946281 1.535294 -2.161255 -0.008889 0.992342 0.013641 0.122443
57204.964376 92.970406 1.536811 -2.331135 -0.008044 0.993032 0.013942 0.116742
57205.064376 92.988548 1.540947 -2.481064 -0.007739 0.993662 0.013642 0.111308
57205.164376 93.010773 1.540614 -2.627254 -0.008125 0.994275 0.013551 0.105676
57205.264376 93.020538 1.546623 -2.765430 -0.007918 0.994737 0.012897 0.101337
57205.364376 93.038361 1.546615 -2.907722 -0.008993 0.995184 0.012668 0.096789
57205.464376 93.059425 1.550244 -3.056381 -0.008164 0.995659 0.011912 0.091952
57205.564376 93.067940 1.545275 -3.181263 -0.010564 0.995979 0.012505 0.088077
57205.664376 93.082024 1.551397 -3.333893 -0.009800 0.996338 0.012143 0.084061
57205.764376 93.099205 1.556827 -3.477638 -0.011563 0.996671 0.011939 0.079817
57205.864376 93.116615 1.564507 -3.635143 -0.011940 0.996942 0.011787 0.076329
57205.964376 93.122787 1.569061 -3.782190 -0.011510 0.997205 0.011660 0.072891
57206.064376 93.137436 1.561877 -3.927477 -0.012242 0.997501 0.011946 0.068546
57206.164376 93.144669 1.559953 -4.076384 -0.011963 0.997734 0.011791 0.065147
57206.264376 93.151619 1.561931 -4.220684 -0.012579 0.997949 0.011542 0.061701
57206.364376 93.165215 1.562961 -4.365868 -0.012852 0.998162 0.011733 0.058052
57206.464376 93.162849 1.572218 -4.487007 -0.012222 0.998341 0.011544 0.055077
57206.564376 93.170853 1.577928 -4.636948 -0.011350 0.998507 0.011258 0.052237
57206.664376 93.173561 1.572213 -4.771070 -0.012763 0.998627 0.011662 0.049455
57206.764376 93.175674 1.571024 -4.906260 -0.011262 0.998756 0.011633 0.047156
57206.864376 93.180389 1.586864 -5.084606 -0.010496 0.998905 0.010918 0.044270
57206.964376 93.190887 1.585629 -5.229952 -0.011113 0.999023 0.011341 0.041246
57207.064376 93.189194 1.588265 -5.371628 -0.010555 0.999144 0.011489 0.038300
57207.164376 93.195915 1.580200 -5.519697 -0.012470 0.999228 0.011692 0.035372
57207.264376 93.201050 1.586604 -5.683699 -0.012017 0.999351 0.011390 0.031982
57207.364376 93.197937 1.586525 -5.840912 -0.012962 0.999450 0.011131 0.028436
57207.464376 93.198532 1.592260 -5.997236 -0.012989 0.999551 0.010490 0.024872
57207.564376 93.197220 1.588085 -6.152806 -0.014287 0.999625 0.010908 0.020670
57207.664376 93.190201 1.592762 -6.330356 -0.013394 0.999710 0.010785 0.016854
57207.764376 93.183388 1.593387 -6.499697 -0.013961 0.999757 0.011048 0.013005
57207.864376 93.184418 1.598656 -6.683698 -0.014047 0.999799 0.011209 0.008917
57207.964376 93.173599 1.596185 -6.849763 -0.013881 0.999826 0.011226 0.005457
57208.064376 93.156067 1.603236 -7.005377 -0.013177 0.999848 0.011123 0.002545
57208.164376 93.155098 1.605954 -7.216400 -0.013874 0.999843 0.011003 -0.001168
57208.264376 93.135612 1.610855 -7.389254 -0.013167 0.999848 0.010760 -0.003980
57208.364376 93.123863 1.608409 -7.570290 -0.013508 0.999827 0.010650 -0.007049
57208.464376 93.123154 1.608216 -7.783483 -0.013759 0.999792 0.010943 -0.010329
57208.564376 93.118881 1.611075 -7.981673 -0.014339 0.999755 0.010738 -0.012967
57208.664376 93.084785 1.622722 -8.192127 -0.012261 0.999768 0.009664 -0.014816
57208.764376 93.080894 1.618273 -8.404118 -0.013940 0.999692 0.010000 -0.017951
57208.864376 93.061768 1.620089 -8.639774 -0.013143 0.999665 0.009925 -0.019982
57208.964376 93.049110 1.622636 -8.837566 -0.013303 0.999622 0.010107 -0.021839
57209.064376 93.040825 1.618163 -9.113284 -0.012973 0.999582 0.010011 -0.023836
57209.164376 93.022583 1.624653 -9.366150 -0.013070 0.999568 0.009664 -0.024473
57209.264376 93.013474 1.629613 -9.621026 -0.014671 0.999518 0.009641 -0.025588
57209.364376 92.991821 1.625646 -9.877882 -0.013306 0.999546 0.009407 -0.025350
57209.464376 92.976006 1.631738 -10.156579 -0.015113 0.999544 0.009339 -0.024431
57209.564376 92.968086 1.633306 -10.423382 -0.013692 0.999588 0.008641 -0.023718
57209.664376 92.955627 1.636886 -10.716500 -0.013070 0.999632 0.008564 -0.022158
57209.764376 92.944778 1.640933 -11.005625 -0.013143 0.999679 0.008381 -0.019981
57209.864376 92.939819 1.646218 -11.305965 -0.013376 0.999716 0.008022 -0.017998
57209.964376 92.925652 1.647241 -11.614098 -0.013946 0.999752 0.008094 -0.015338
57210.064376 92.927559 1.653663 -11.935648 -0.014195 0.999763 0.008018 -0.014455
57210.164376 92.920792 1.660404 -12.267478 -0.015017 0.999762 0.008647 -0.013289
57210.264376 92.911301 1.657354 -12.611536 -0.014383 0.999764 0.010117 -0.012772
57210.364376 92.899590 1.664513 -12.956917 -0.013473 0.999779 0.011184 -0.011650
57210.464376 92.893562 1.663406 -13.290878 -0.014293 0.999766 0.012093 -0.010859
57210.564376 92.894890 1.664689 -13.630539 -0.016257 0.999741 0.011939 -0.010538
57210.664376 92.887459 1.672038 -13.963995 -0.017111 0.999745 0.011558 -0.009174
57210.764376 92.892998 1.669966 -14.328662 -0.018741 0.999713 0.012332 -0.008443
57210.864376 92.883980 1.682647 -14.638926 -0.017922 0.999747 0.011300 -0.007529
57210.964376 92.879539 1.695788 -14.982799 -0.017451 0.999775 0.010484 -0.006038
57211.064376 92.869629 1.688903 -15.291917 -0.018007 0.999776 0.009717 -0.005436
57211.164376 92.879662 1.692127 -15.615644 -0.018524 0.999768 0.009405 -0.005666
57211.264376 92.875633 1.694983 -15.943836 -0.019310 0.999753 0.009820 -0.004868
57211.364376 92.884499 1.692332 -16.266254 -0.021775 0.999700 0.010107 -0.004864
57211.464376 92.885872 1.702609 -16.594257 -0.021813 0.999694 0.010506 -0.005044
57211.564376 92.875572 1.707177 -16.916965 -0.022148 0.999679 0.011294 -0.004966
57211.664376 92.887596 1.713830 -17.239307 -0.022218 0.999655 0.011828 -0.007499
57211.764376 92.875763 1.718906 -17.574295 -0.022378 0.999633 0.011791 -0.009687
57211.864376 92.857307 1.722363 -17.896914 -0.022629 0.999595 0.012441 -0.011943
57211.964376 92.840836 1.727268 -18.237225 -0.021440 0.999566 0.012644 -0.015744
57212.064376 92.810356 1.739121 -18.556171 -0.020287 0.999539 0.012130 -0.019053
57212.164376 92.789360 1.749595 -18.887110 -0.019574 0.999469 0.012187 -0.023013
57212.264376 92.758011 1.748681 -19.156950 -0.019458 0.999382 0.012277 -0.026592
57212.364376 92.732040 1.742922 -19.446161 -0.021124 0.999223 0.012720 -0.030754
57212.464376 92.691734 1.757109 -19.799713 -0.019232 0.999129 0.011714 -0.035135
57212.564376 92.652573 1.759478 -20.117435 -0.019172 0.998960 0.011709 -0.039671
57212.664376 92.607109 1.762455 -20.423992 -0.017760 0.998780 0.011271 -0.044682
57212.764376 92.563454 1.764782 -20.712351 -0.017994 0.998541 0.011844 -0.049524
57212.864376 92.518730 1.772527 -21.052816 -0.016925 0.998316 0.011911 -0.054195
57212.964376 92.477249 1.782021 -21.375401 -0.016678 0.998048 0.012043 -0.058964
57213.064376 92.415802 1.784210 -21.666744 -0.015282 0.997835 0.012135 -0.062800
57213.164376 92.362564 1.768610 -21.964632 -0.014418 0.997646 0.013100 -0.065750
57213.264376 92.314087 1.788129 -22.321854 -0.014017 0.997437 0.012432 -0.069055
57213.364376 92.258133 1.793079 -22.632275 -0.013496 0.997259 0.012495 -0.071673
57213.464376 92.212006 1.796904 -22.947428 -0.012928 0.997074 0.012294 -0.074333
57213.564376 92.169334 1.789643 -23.250664 -0.013102 0.996944 0.012467 -0.075992
57213.664376 92.093025 1.798321 -23.571833 -0.012194 0.996880 0.011432 -0.077147
57213.764376 92.040176 1.804411 -23.878204 -0.010637 0.996825 0.010867 -0.078164
57213.864376 91.979271 1.797906 -24.182209 -0.010292 0.996843 0.011274 -0.077915
57213.964376 91.931602 1.812840 -24.511156 -0.009174 0.996879 0.010278 -0.077740
57214.064376 91.879639 1.812978 -24.821911 -0.009073 0.996987 0.010090 -0.076374
57214.164376 91.836609 1.810547 -25.136608 -0.009350 0.997075 0.010309 -0.075154
57214.264376 91.797203 1.810087 -25.443306 -0.008883 0.997167 0.009889 -0.074033
57214.364376 91.752396 1.811624 -25.761316 -0.011148 0.997243 0.010734 -0.072570
57214.464376 91.708656 1.821686 -26.073442 -0.009300 0.997371 0.009331 -0.071259
57214.564376 91.673485 1.817578 -26.382420 -0.009267 0.997450 0.009882 -0.070067
57214.664376 91.623528 1.825248 -26.703173 -0.009652 0.997546 0.008960 -0.068760
57214.764376 91.590958 1.823626 -27.014280 -0.010003 0.997608 0.009117 -0.067787
57214.864376 91.548058 1.830726 -27.337227 -0.010096 0.997696 0.009071 -0.066472
57214.964376 91.509033 1.837423 -27.652044 -0.009103 0.997775 0.008914 -0.065436
57215.064376 91.448601 1.828508 -27.962816 -0.008287 0.997933 0.009861 -0.062958
57215.164376 91.426735 1.843080 -28.283722 -0.007720 0.997959 0.009417 -0.062685
57215.264376 91.385979 1.841811 -28.608459 -0.007927 0.998050 0.009919 -0.061120
57215.364376 91.351891 1.839355 -28.923752 -0.008349 0.998115 0.010626 -0.059861
57215.464376 91.320938 1.846089 -29.251156 -0.008730 0.998185 0.011365 -0.058486
57215.564376 91.287842 1.835117 -29.561554 -0.008143 0.998270 0.012887 -0.056781
57215.664376 91.250351 1.847440 -29.869465 -0.007198 0.998397 0.012718 -0.054674
57215.764376 91.219681 1.850284 -30.180000 -0.006940 0.998469 0.013269 -0.053249
57215.864376 91.198715 1.849949 -30.469437 -0.006875 0.998544 0.013868 -0.051667
57215.964376 91.173973 1.858189 -30.756504 -0.007194 0.998615 0.013364 -0.050372
57216.064376 91.142128 1.859230 -31.028225 -0.006076 0.998732 0.013392 -0.048146
57216.164376 91.115845 1.859577 -31.296825 -0.005532 0.998823 0.013932 -0.046123
57216.264376 91.100632 1.861828 -31.558575 -0.005784 0.998886 0.014001 -0.044688
57216.364376 91.084785 1.868086 -31.809961 -0.006303 0.998968 0.013840 -0.042805
57216.464376 91.069420 1.867568 -32.046528 -0.006338 0.999073 0.012929 -0.040581
57216.564376 91.055862 1.868784 -32.281239 -0.006208 0.999151 0.012616 -0.038724
57216.664376 91.047920 1.873285 -32.510559 -0.006784 0.999202 0.011969 -0.037507
57216.764376 91.023247 1.873940 -32.724609 -0.006575 0.999283 0.011549 -0.035452
