36471.214064 -0.000000 -0.000000 -0.000000 -0.000000 -0.000000 -0.000000 1.000000
36471.315625 0.001154 -0.004550 0.440136 0.000083 0.001377 -0.000831 0.999999
36471.417188 0.004497 -0.004002 0.914247 0.000135 0.002498 -0.001203 0.999996
36471.721875 0.027886 -0.012825 2.443059 0.001362 0.006726 -0.003245 0.999971
36471.823438 0.027886 -0.012825 2.443059 0.001362 0.006726 -0.003245 0.999971
36472.026563 0.072569 -0.020093 4.165057 0.001257 0.010846 -0.003667 0.999934
36472.128125 0.072569 -0.020093 4.165057 0.001257 0.010846 -0.003667 0.999934
36472.229688 0.111201 -0.028252 5.423277 0.000554 0.012969 -0.003932 0.999908
36472.331250 0.111201 -0.028252 5.423277 0.000554 0.012969 -0.003932 0.999908
36472.432814 0.159332 -0.037869 6.742013 -0.000892 0.014157 -0.003449 0.999893
36472.534375 0.159332 -0.037869 6.742013 -0.000892 0.014157 -0.003449 0.999893
36472.737500 0.197512 -0.028740 8.816666 -0.003405 0.013106 -0.002181 0.999906
36472.839063 0.207261 -0.033273 9.521866 -0.004407 0.012110 -0.001705 0.999916
36472.940625 0.223355 -0.025842 10.233771 -0.005436 0.010421 -0.001983 0.999929
36473.651563 0.116933 0.049149 15.398474 -0.009247 -0.013986 -0.000994 0.999859
36473.854688 -0.006630 0.078239 16.976200 -0.012804 -0.030084 -0.002275 0.999463
36473.956250 -0.087050 0.088360 17.769753 -0.013501 -0.039747 -0.002399 0.999116
36474.057813 -0.185722 0.105776 18.570732 -0.013145 -0.050189 -0.000704 0.998653
36474.159375 -0.306445 0.126762 19.388378 -0.012387 -0.061173 -0.000326 0.998050
36474.260938 -0.443792 0.142573 20.207031 -0.012862 -0.072844 0.000386 0.997260
36474.362500 -0.601733 0.159740 21.046091 -0.013421 -0.085613 0.002220 0.996236
36474.464063 -0.784032 0.168796 21.854368 -0.014235 -0.098637 0.003385 0.995016
36474.565625 -1.003753 0.186041 22.681019 -0.014399 -0.111947 0.003761 0.993603
36474.667188 -1.240796 0.204366 23.512335 -0.015125 -0.126232 0.003977 0.991878
36474.768750 -1.503864 0.222518 24.334568 -0.016259 -0.140475 0.005680 0.989934
36474.870313 -1.795274 0.241014 25.169374 -0.017578 -0.154741 0.006524 0.987777
36474.971875 -2.108498 0.259382 25.985954 -0.017580 -0.168509 0.006193 0.985524
36475.073438 -2.449609 0.281084 26.802307 -0.017439 -0.182219 0.005408 0.983089
36475.175000 -2.813472 0.305994 27.615044 -0.017350 -0.196631 0.004899 0.980312
36475.276563 -3.209668 0.325221 28.430935 -0.017798 -0.211375 0.004338 0.977233
36475.378125 -3.627113 0.340606 29.219311 -0.017380 -0.226037 0.002924 0.973959
36475.479688 -4.066007 0.360455 29.998234 -0.015890 -0.240808 0.001231 0.970442
36475.581250 -4.530482 0.382439 30.768322 -0.014136 -0.255449 0.000610 0.966719
36475.682813 -5.020269 0.400652 31.525879 -0.013773 -0.270013 0.000023 0.962758
36475.784375 -5.534265 0.415350 32.270859 -0.014215 -0.284535 -0.000879 0.958560
36475.885938 -6.072652 0.429498 33.013493 -0.015362 -0.298811 0.001515 0.954187
36475.987500 -6.626986 0.441544 33.727604 -0.013428 -0.312351 0.001100 0.949871
36476.089063 -7.206990 0.458259 34.430679 -0.011408 -0.325063 0.001393 0.945623
36476.190625 -7.798461 0.472425 35.119209 -0.011657 -0.337433 0.001627 0.941276
36476.292188 -8.429916 0.490036 35.812878 -0.013864 -0.348227 0.002731 0.937304
36476.393750 -9.052441 0.504310 36.490540 -0.015515 -0.358142 0.005795 0.933520
36476.495313 -9.696602 0.510646 37.158302 -0.014504 -0.366747 0.008586 0.930168
36476.596875 -10.353577 0.517901 37.817936 -0.012103 -0.374415 0.010697 0.927121
36476.698438 -11.022081 0.527594 38.471962 -0.010501 -0.381418 0.011025 0.924277
36476.800000 -11.711568 0.531255 39.125103 -0.009712 -0.387368 0.010636 0.921813
36476.901563 -12.406887 0.525039 39.763115 -0.008340 -0.392412 0.009338 0.919704
36477.104688 -13.822858 0.526764 41.060852 -0.006541 -0.399858 0.008064 0.916518
36477.307813 -15.258617 0.523629 42.354874 -0.008098 -0.405094 0.008148 0.914203
36477.409375 -15.973256 0.524957 42.988434 -0.007713 -0.407091 0.008439 0.913316
36477.510938 -16.685520 0.516915 43.621273 -0.006524 -0.408748 0.007947 0.912589
36477.612500 -17.410177 0.509427 44.253300 -0.005864 -0.410183 0.006945 0.911958
36477.815625 -18.874792 0.503653 45.516808 -0.007738 -0.411569 0.004876 0.911333
36477.917188 -19.604031 0.502402 46.150818 -0.008677 -0.412048 0.003957 0.911112
36478.018750 -20.329292 0.506841 46.782631 -0.009655 -0.412509 0.003103 0.910897
36478.120313 -21.043118 0.514816 47.408222 -0.010927 -0.412648 0.003298 0.910819
36478.323438 -22.503653 0.535491 48.677330 -0.013075 -0.412313 0.003980 0.910940
36478.425000 -23.223963 0.543886 49.304932 -0.013298 -0.412074 0.004674 0.911041
36478.526563 -23.935482 0.550960 49.924763 -0.011580 -0.411962 0.005066 0.911113
36478.729688 -25.362995 0.562257 51.174049 -0.007085 -0.411606 0.006009 0.911315
36478.831250 -26.071262 0.562390 51.798706 -0.006484 -0.411304 0.005780 0.911457
36478.932813 -26.798901 0.560774 52.429535 -0.006280 -0.410789 0.005377 0.911693
36479.135938 -28.213921 0.553296 53.672585 -0.004916 -0.410185 0.004022 0.911980
36479.237500 -28.918633 0.547316 54.292618 -0.004349 -0.409755 0.002927 0.912181
36479.339063 -29.627338 0.548696 54.913319 -0.003336 -0.409183 0.001453 0.912445
36479.542188 -31.010380 0.525006 56.130627 -0.001274 -0.408099 0.000530 0.912937
36479.643750 -31.696938 0.515475 56.738258 -0.000064 -0.407268 0.000160 0.913309
36479.745313 -32.381195 0.501365 57.346527 0.000307 -0.406592 0.000333 0.913610
36479.948438 -33.725609 0.485128 58.560158 0.000606 -0.405004 0.001134 0.914314
36480.050000 -34.388073 0.469180 59.156647 0.001513 -0.404120 0.000980 0.914704
36480.253125 -35.671707 0.435227 60.328270 0.003000 -0.402024 0.001251 0.915623
36480.354688 -36.322712 0.423225 60.919437 0.003469 -0.400668 0.001333 0.916216
36480.557813 -37.572929 0.385677 62.076302 0.005122 -0.397792 0.000800 0.917461
36480.659375 -38.191864 0.367609 62.656906 0.005441 -0.396289 -0.000093 0.918110
36480.760938 -38.804867 0.350389 63.237076 0.005291 -0.394298 -0.000768 0.918967
36480.964063 -40.012779 0.313762 64.393311 0.007030 -0.389706 -0.002549 0.920909
36481.065625 -40.597855 0.295413 64.967087 0.007211 -0.386978 -0.003255 0.922055
36481.167188 -41.186378 0.282475 65.546173 0.007051 -0.383816 -0.004439 0.923372
36481.370313 -42.285240 0.238962 66.671890 0.007419 -0.376746 -0.005089 0.926273
36481.471875 -42.827293 0.217840 67.241478 0.009546 -0.372460 -0.004850 0.927986
36481.573438 -43.346947 0.192092 67.807648 0.011049 -0.368055 -0.003861 0.929730
36481.675000 -43.873936 0.171401 68.389038 0.011521 -0.363265 -0.002203 0.931612
36481.776563 -44.373692 0.140689 68.961075 0.011270 -0.357845 -0.000601 0.933713
36481.878125 -44.873650 0.116084 69.552238 0.010283 -0.352120 0.001307 0.935898
36481.979688 -45.357548 0.087775 70.141800 0.009703 -0.345685 0.002238 0.938298
36482.081250 -45.843292 0.068760 70.749687 0.008581 -0.338865 0.003593 0.940789
36482.182813 -46.290592 0.047407 71.344894 0.007767 -0.331677 0.004966 0.943348
36482.284375 -46.735901 0.028696 71.956955 0.007007 -0.323352 0.005889 0.946234
36482.385938 -47.180511 0.005809 72.581528 0.005564 -0.314015 0.006139 0.949382
36482.487500 -47.603992 -0.013079 73.216553 0.004394 -0.304044 0.005877 0.952630
36482.690625 -48.389740 -0.056317 74.480553 0.001932 -0.281415 0.003967 0.959576
36482.893750 -49.108154 -0.070493 75.782089 -0.000126 -0.254574 0.003080 0.967049
36482.995313 -49.437931 -0.074441 76.456009 -0.001422 -0.240238 0.003722 0.970706
36483.198438 -49.998627 -0.093291 77.765114 -0.001801 -0.209772 0.004726 0.977737
36483.300000 -50.252556 -0.097540 78.436378 -0.002064 -0.194161 0.003875 0.980960
36483.503125 -50.671494 -0.112954 79.779472 -0.003796 -0.163288 0.004414 0.986561
36483.604688 -50.844955 -0.119018 80.455482 -0.004328 -0.148029 0.004907 0.988961
36483.706250 -51.009018 -0.124042 81.140511 -0.004171 -0.132536 0.004382 0.991160
36483.909375 -51.271774 -0.131188 82.513687 -0.003163 -0.103484 0.004351 0.994617
36484.112500 -51.453682 -0.145099 83.870193 -0.000488 -0.074438 0.003119 0.997221
36484.315625 -51.558887 -0.162085 85.231827 0.002195 -0.045978 0.001007 0.998940
36484.417188 -51.586464 -0.169881 85.922211 0.003680 -0.031578 -0.001266 0.999494
36484.620313 -51.576691 -0.188665 87.315277 0.003795 -0.002184 -0.002351 0.999988
36484.823438 -51.476543 -0.212871 88.701660 0.001773 0.025918 -0.003845 0.999655
36485.026563 -51.297363 -0.227412 90.069687 -0.000144 0.052645 -0.005490 0.998598
36485.331250 -50.878284 -0.254623 92.141182 -0.000406 0.096198 -0.005068 0.995349
36485.635938 -50.266323 -0.288004 94.166153 0.005346 0.143710 -0.004131 0.989597
36485.839063 -49.745411 -0.310606 95.469475 0.006381 0.176877 -0.004819 0.984201
36486.042188 -49.132271 -0.342939 96.731033 0.007247 0.210322 -0.004418 0.977595
36486.245313 -48.429211 -0.402945 97.908234 0.007020 0.243025 -0.004244 0.969985
36486.448438 -47.660027 -0.442309 99.072273 0.009215 0.275690 -0.001251 0.961202
36486.550000 -47.244026 -0.462081 99.632126 0.009248 0.292008 -0.000510 0.956371
36486.651563 -46.821754 -0.489949 100.181816 0.008819 0.307151 0.000124 0.951620
36486.854688 -45.906845 -0.534110 101.220032 0.010043 0.336669 0.003358 0.941564
36487.057813 -44.926666 -0.571250 102.233597 0.011954 0.366285 0.001224 0.930425
36487.260938 -43.856052 -0.597744 103.209335 0.008870 0.396729 0.000089 0.917893
36487.464063 -42.718639 -0.624035 104.110855 0.008399 0.428851 -0.002361 0.903333
36487.565625 -42.108864 -0.626915 104.545395 0.008483 0.445568 -0.005897 0.895189
36487.667188 -41.504253 -0.658347 104.939735 0.006605 0.462027 -0.006947 0.886814
36487.870313 -40.193836 -0.683787 105.697479 0.005175 0.493756 -0.007628 0.869552
36487.971875 -39.514828 -0.686568 106.050209 0.003109 0.509009 -0.009209 0.860707
36488.175000 -38.116440 -0.713098 106.672394 -0.000811 0.537248 -0.010878 0.843354
36488.276563 -37.385216 -0.722788 106.957886 -0.000869 0.550578 -0.008999 0.834735
36488.479688 -35.929985 -0.749314 107.457687 -0.004618 0.575990 -0.009767 0.817385
36488.581250 -35.189812 -0.755736 107.674576 -0.005803 0.587578 -0.009504 0.809091
36488.682813 -34.444107 -0.766752 107.866196 -0.006023 0.598660 -0.008150 0.800939
36488.885938 -32.932877 -0.785653 108.201324 -0.006595 0.620244 -0.007560 0.784345
36488.987500 -32.192909 -0.801935 108.330528 -0.007012 0.630008 -0.006579 0.776529
36489.089063 -31.413628 -0.806024 108.451965 -0.006862 0.639069 -0.005128 0.769102
36489.292188 -29.884583 -0.819099 108.637115 -0.007445 0.655853 -0.002720 0.754847
36489.698438 -26.836395 -0.843254 108.842964 -0.007371 0.683362 -0.001240 0.730041
36489.800000 -26.080505 -0.845730 108.861725 -0.006234 0.689200 -0.000812 0.724544
36489.901563 -25.318153 -0.849925 108.875366 -0.006119 0.694451 0.000403 0.719514
36490.104688 -23.804497 -0.854519 108.872787 -0.006893 0.703432 0.003095 0.710723
36490.206250 -23.057274 -0.857007 108.861740 -0.007208 0.707138 0.004362 0.707025
36490.307813 -22.297249 -0.854771 108.842102 -0.007372 0.710454 0.004668 0.703689
36490.510938 -20.793137 -0.852867 108.786102 -0.007425 0.716777 0.004341 0.697249
36490.612500 -20.048470 -0.851349 108.750748 -0.006953 0.719564 0.003862 0.694380
36490.714063 -19.310623 -0.852820 108.713875 -0.006242 0.721875 0.004561 0.691980
36490.917188 -17.853943 -0.860393 108.634247 -0.006507 0.724652 0.006802 0.689051
36491.120313 -16.418671 -0.855991 108.555443 -0.007995 0.725785 0.007010 0.687840
36491.221875 -15.699486 -0.858751 108.507095 -0.007950 0.726008 0.006580 0.687608
36491.323438 -15.001244 -0.859596 108.469910 -0.007471 0.726299 0.005703 0.687315
36491.526563 -13.623055 -0.866931 108.394432 -0.006797 0.726919 0.005531 0.686667
36491.628125 -12.934006 -0.869776 108.352539 -0.007156 0.727304 0.005647 0.686255
36491.729688 -12.249420 -0.866554 108.308861 -0.007633 0.727684 0.005639 0.685847
36491.932813 -10.910751 -0.866787 108.219894 -0.007401 0.728610 0.005846 0.684864
36492.135938 -9.612228 -0.867117 108.136757 -0.006375 0.729604 0.005267 0.683819
36492.237500 -8.984161 -0.876901 108.092384 -0.006605 0.730027 0.005095 0.683368
36492.339063 -8.355522 -0.869220 108.061699 -0.007116 0.730449 0.004979 0.682912
36492.440625 -7.746048 -0.868331 108.014374 -0.007252 0.730719 0.005895 0.682615
36492.643750 -6.567513 -0.866125 107.936203 -0.007982 0.731382 0.007231 0.681883
36492.745313 -5.979210 -0.861137 107.896423 -0.008045 0.731715 0.006667 0.681530
36492.846875 -5.417030 -0.858439 107.864372 -0.007433 0.732164 0.005790 0.681064
36492.948438 -4.859406 -0.857703 107.820312 -0.006748 0.732250 0.005096 0.680983
36493.151563 -3.756889 -0.864558 107.740829 -0.005833 0.732711 0.004310 0.680502
36493.253125 -3.227028 -0.866518 107.702042 -0.005721 0.732896 0.004420 0.680303
36493.354688 -2.687073 -0.868340 107.659012 -0.006323 0.733011 0.005575 0.680164
36493.557813 -1.646194 -0.866855 107.582199 -0.008331 0.733591 0.006774 0.679507
36493.659375 -1.123207 -0.864065 107.547722 -0.009097 0.733928 0.006701 0.679133
36493.760938 -0.612869 -0.860699 107.510017 -0.009442 0.734101 0.007307 0.678935
36493.964063 0.400482 -0.847881 107.429520 -0.008095 0.734657 0.006899 0.678355
36494.065625 0.898933 -0.850482 107.392807 -0.008513 0.735022 0.006695 0.677956
36494.167188 1.394524 -0.850507 107.354385 -0.009083 0.735123 0.006505 0.677842
36494.268750 1.896408 -0.846256 107.318817 -0.009077 0.735408 0.006121 0.677537
36494.370313 2.385132 -0.845337 107.284340 -0.008821 0.735629 0.005722 0.677303
36494.573438 3.381721 -0.836023 107.203232 -0.007912 0.735989 0.005057 0.676929
36494.675000 3.872200 -0.835254 107.165771 -0.008008 0.736166 0.004756 0.676737
36494.776563 4.364418 -0.827909 107.127754 -0.007781 0.736354 0.004368 0.676538
36494.878125 4.850967 -0.833641 107.087830 -0.007705 0.736529 0.004908 0.676345
36495.081250 5.815781 -0.833443 107.007187 -0.007103 0.736907 0.005016 0.675938
36495.182813 6.281334 -0.834970 106.971443 -0.007057 0.737181 0.005043 0.675640
36495.284375 6.759811 -0.837141 106.930923 -0.006834 0.737358 0.005320 0.675447
36495.487500 7.705978 -0.834247 106.851387 -0.006559 0.737730 0.004609 0.675048
36495.792188 9.126060 -0.836231 106.720657 -0.005938 0.737830 0.004914 0.674942
36495.893750 9.599586 -0.834695 106.674194 -0.005597 0.737934 0.004936 0.674832
36496.096875 10.554665 -0.833271 106.599159 -0.007077 0.738257 0.003990 0.674470
36496.198438 11.027641 -0.833469 106.558800 -0.006896 0.738306 0.004202 0.674417
36496.300000 11.492867 -0.833673 106.514740 -0.006350 0.738347 0.004627 0.674375
36496.503125 12.437744 -0.831694 106.440025 -0.006757 0.738657 0.004023 0.674035
36496.604688 12.901611 -0.834981 106.396408 -0.007233 0.738648 0.003831 0.674042
36496.706250 13.371460 -0.835022 106.354347 -0.007039 0.738685 0.003283 0.674006
36496.909375 14.302635 -0.833167 106.266632 -0.006055 0.738668 0.002407 0.674038
36497.010938 14.775146 -0.832921 106.224197 -0.006149 0.738734 0.002017 0.673966
36497.214063 15.750160 -0.829272 106.146370 -0.005397 0.738908 -0.000052 0.673785
36497.315625 16.233871 -0.832446 106.095894 -0.004703 0.738702 -0.001540 0.674015
36497.417188 16.742165 -0.835463 106.052429 -0.004267 0.738673 -0.001626 0.674048
36497.518750 17.267082 -0.834429 105.996033 -0.004414 0.738600 -0.001063 0.674128
36497.721875 18.382507 -0.826405 105.901917 -0.005364 0.738830 -0.000656 0.673870
36497.823438 18.964584 -0.826953 105.855232 -0.006356 0.738910 0.000024 0.673774
36497.925000 19.562302 -0.831801 105.790771 -0.005599 0.738857 -0.000656 0.673839
36498.026563 20.172478 -0.830958 105.740349 -0.005248 0.738926 -0.001402 0.673765
36498.229688 21.431656 -0.827634 105.626511 -0.005405 0.738725 -0.001602 0.673984
36498.331251 22.087288 -0.828134 105.566368 -0.005500 0.738436 -0.001792 0.674298
36498.432813 22.734123 -0.834973 105.515137 -0.005787 0.738506 -0.001883 0.674219
36498.534375 23.398491 -0.840846 105.457085 -0.005655 0.738440 -0.001993 0.674292
36498.737500 24.733826 -0.848371 105.342407 -0.005095 0.738309 -0.001981 0.674441
36498.839063 25.410545 -0.854180 105.275635 -0.004939 0.738119 -0.001790 0.674650
36498.940625 26.076225 -0.858118 105.224899 -0.004621 0.738159 -0.001661 0.674609
36499.042188 26.751457 -0.864144 105.167023 -0.004085 0.738024 -0.001476 0.674761
36499.245313 28.127144 -0.874942 105.043800 -0.003514 0.737694 -0.000578 0.675126
36499.346875 28.813370 -0.881672 104.984383 -0.003768 0.737558 -0.000255 0.675273
36499.448438 29.489914 -0.888956 104.923965 -0.004326 0.737563 -0.001034 0.675263
36499.651563 30.861061 -0.903129 104.803612 -0.002231 0.737135 -0.003850 0.675730
36499.753125 31.540581 -0.917164 104.747444 -0.001096 0.737002 -0.004372 0.675876
36499.854688 32.228714 -0.923667 104.692444 -0.001593 0.737097 -0.005239 0.675765
36499.956250 32.917427 -0.931523 104.640678 -0.003509 0.737098 -0.005927 0.675751
36500.159375 34.292480 -0.950534 104.530365 -0.006406 0.736710 -0.007055 0.676142
36500.260938 34.972984 -0.963814 104.466614 -0.005319 0.736522 -0.006412 0.676363
36500.362500 35.645523 -0.977634 104.410782 -0.003738 0.736614 -0.007428 0.676263
36500.464063 36.319122 -0.990243 104.358070 -0.002619 0.736959 -0.008288 0.675882
36500.667188 37.676529 -1.021268 104.239456 -0.002451 0.737055 -0.008198 0.675779
36500.768751 38.367104 -1.027784 104.180115 -0.004532 0.737237 -0.007621 0.675576
36500.870313 39.041428 -1.043952 104.120270 -0.005949 0.737419 -0.005187 0.675389
36501.073438 40.410988 -1.059383 103.986572 -0.006945 0.738017 0.001016 0.674745
36501.175000 41.095703 -1.063648 103.919922 -0.007027 0.738419 0.001211 0.674305
36501.276563 41.769463 -1.068251 103.848953 -0.006503 0.738521 0.000142 0.674199
36501.479688 43.130493 -1.076595 103.709694 -0.001384 0.738874 0.003502 0.673834
36501.581250 43.818565 -1.083498 103.641907 -0.000217 0.739126 0.004213 0.673553
36501.682813 44.486801 -1.092888 103.582832 -0.000502 0.739649 0.001512 0.672991
36501.987500 46.497299 -1.125722 103.408768 0.004911 0.739342 -0.002203 0.673308
36502.190625 47.848289 -1.153540 103.290123 -0.000402 0.739133 -0.004047 0.673547
36502.292188 48.537880 -1.170859 103.230194 -0.002130 0.738869 -0.004900 0.673828
36502.393750 49.217430 -1.176167 103.180038 -0.002694 0.738864 -0.004756 0.673833
36502.596875 50.593513 -1.181421 103.056854 -0.005235 0.739340 -0.002988 0.673305
36502.698438 51.286217 -1.190682 102.991196 -0.006092 0.739425 -0.003055 0.673204
36502.800000 51.958878 -1.205513 102.940842 -0.004774 0.739784 -0.002645 0.672822
36503.003125 53.334595 -1.214300 102.815102 -0.006418 0.739911 -0.005195 0.672655
36503.104688 54.031803 -1.217229 102.753181 -0.007566 0.739866 -0.004961 0.672693
36503.307813 55.406982 -1.241448 102.621834 -0.005743 0.740147 -0.005506 0.672399
36503.409375 56.104656 -1.252370 102.556915 -0.005973 0.740603 -0.007065 0.671879
36503.510938 56.779613 -1.266536 102.497375 -0.006360 0.740662 -0.006007 0.671821
36503.714063 58.177189 -1.274934 102.343994 -0.003775 0.741096 0.000709 0.671388
36503.815625 58.885349 -1.282126 102.275230 -0.003912 0.741610 0.001560 0.670818
36503.917188 59.574425 -1.285307 102.201401 -0.002399 0.741873 0.003255 0.670528
36504.120313 60.958195 -1.287549 102.074272 -0.003693 0.742361 -0.001338 0.669989
36504.221875 61.659878 -1.294894 102.003777 -0.003604 0.742044 -0.003991 0.670330
36504.323438 62.338463 -1.305457 101.931480 0.000501 0.741807 -0.005668 0.670590
36504.526563 63.721321 -1.336206 101.805954 0.001422 0.742773 -0.013383 0.669408
36504.628125 64.413116 -1.357893 101.742233 0.001865 0.742831 -0.013618 0.669338
36504.729688 65.102676 -1.384391 101.665543 0.002477 0.742836 -0.011622 0.669367
36504.831250 65.784851 -1.410658 101.590347 0.001980 0.743126 -0.009648 0.669079
36504.932813 66.484375 -1.427440 101.519913 0.001668 0.743695 -0.008690 0.668461
36505.034375 67.172813 -1.447457 101.442642 0.001635 0.743524 -0.008486 0.668654
36505.135938 67.848236 -1.464693 101.378891 0.001558 0.743705 -0.007399 0.668466
36505.237500 68.503525 -1.484226 101.309753 0.001236 0.743548 -0.006475 0.668650
36505.339063 69.148125 -1.500118 101.245132 0.000513 0.743442 -0.006033 0.668774
36505.440625 69.769073 -1.520777 101.186424 -0.000870 0.743452 -0.006040 0.668762
36505.542188 70.354790 -1.543427 101.127998 -0.000665 0.743218 -0.005876 0.669023
