36607.406584 -0.000000 -0.000000 -0.000000 -0.000000 -0.000000 -0.000000 1.000000
36607.506584 -0.000105 -0.006113 0.458916 0.000004 -0.000314 0.000535 1.000000
36607.606584 -0.000105 -0.006113 0.458916 0.000004 -0.000314 0.000535 1.000000
36607.906584 -0.009867 -0.008437 2.494928 -0.000705 -0.000814 -0.000173 0.999999
36608.006584 -0.012697 -0.008671 3.043129 -0.000974 -0.000717 0.000072 0.999999
36608.106584 -0.016936 -0.007653 3.606818 -0.001959 -0.000727 -0.000700 0.999998
36608.206584 -0.018609 -0.009768 4.174185 -0.002985 -0.000859 -0.000250 0.999995
36608.406584 -0.021027 -0.007146 5.349487 -0.000968 -0.001088 -0.001666 0.999998
36608.506584 -0.024442 -0.015981 5.940266 0.000207 -0.001340 -0.001044 0.999999
36608.606584 -0.029099 -0.018804 6.544957 0.000991 -0.001043 -0.000385 0.999999
36608.806584 -0.039794 -0.024783 7.775844 -0.001802 -0.000756 -0.001456 0.999997
36609.106584 -0.047397 -0.042452 9.658634 -0.004509 -0.001029 -0.001438 0.999988
36609.206584 -0.051628 -0.045307 10.294736 -0.004298 -0.000882 -0.001664 0.999989
36609.406584 -0.070538 -0.046201 11.589662 -0.004516 -0.001109 -0.005125 0.999976
36609.506584 -0.074370 -0.044779 12.242462 -0.004222 -0.001286 -0.005542 0.999975
36609.606584 -0.084610 -0.045916 12.918703 -0.003635 -0.001304 -0.005159 0.999979
36609.806584 -0.088768 -0.051376 14.250384 -0.002532 -0.000898 -0.004673 0.999986
36609.906584 -0.091287 -0.056535 14.920068 -0.002069 -0.000629 -0.004136 0.999989
36610.006584 -0.090930 -0.055842 15.590764 -0.002584 0.000393 -0.003891 0.999989
36610.206584 -0.079170 -0.065032 16.909073 -0.004621 0.003268 -0.002941 0.999980
36610.306584 -0.064950 -0.071382 17.564013 -0.005292 0.004674 -0.001602 0.999974
36610.506584 -0.043869 -0.069471 18.861916 -0.004407 0.008524 -0.000867 0.999954
36610.606584 -0.022809 -0.073165 19.498411 -0.004826 0.010081 -0.000473 0.999937
36610.706584 -0.002646 -0.073519 20.138325 -0.005093 0.011589 -0.000263 0.999920
36610.806584 0.023019 -0.076465 20.756449 -0.004950 0.012916 0.000126 0.999904
36611.006584 0.066922 -0.081992 21.980364 -0.004525 0.015118 0.001475 0.999874
36611.106584 0.086993 -0.085422 22.587193 -0.004484 0.016091 0.001724 0.999859
36611.206584 0.108717 -0.085992 23.181641 -0.004793 0.017080 0.001758 0.999841
36611.306584 0.134300 -0.091582 23.779943 -0.004971 0.017724 0.002460 0.999828
36611.506584 0.179221 -0.085504 24.942793 -0.004977 0.019559 0.002771 0.999792
36611.606584 0.206723 -0.088096 25.527546 -0.004911 0.019857 0.003228 0.999786
36611.706584 0.234179 -0.098046 26.078526 -0.004635 0.020692 0.003164 0.999770
36611.806584 0.264336 -0.092888 26.652021 -0.004614 0.021155 0.004647 0.999755
36611.906584 0.288456 -0.105695 27.200756 -0.004648 0.021770 0.004493 0.999742
36612.106584 0.328825 -0.109798 28.296701 -0.003758 0.023071 0.004207 0.999718
36612.206584 0.352990 -0.111100 28.855179 -0.003963 0.023416 0.004589 0.999707
36612.306584 0.390581 -0.120144 29.388464 -0.003180 0.023541 0.005695 0.999702
36612.406584 0.411843 -0.124306 29.933857 -0.003114 0.024249 0.005252 0.999687
36612.506584 0.439079 -0.122700 30.478806 -0.002804 0.024401 0.004794 0.999687
36612.706584 0.506726 -0.122426 31.555813 -0.002757 0.024336 0.007612 0.999671
36612.806584 0.526092 -0.122232 32.100842 -0.002883 0.024578 0.007859 0.999663
36612.906584 0.552607 -0.121296 32.653645 -0.002921 0.024519 0.005251 0.999681
36613.006584 0.571759 -0.137943 33.142876 -0.003090 0.023685 0.004845 0.999703
36613.106584 0.591102 -0.134636 33.667660 -0.002703 0.022665 0.005076 0.999727
36613.306584 0.645398 -0.152072 34.702435 -0.003270 0.020540 0.007024 0.999759
36613.706584 0.684717 -0.175802 36.690414 -0.004814 0.012389 0.004859 0.999900
36613.806584 0.688689 -0.172183 37.199459 -0.004593 0.009135 0.004769 0.999936
36614.006584 0.691037 -0.183931 38.147758 -0.005226 0.001323 0.005423 0.999971
36614.106584 0.675616 -0.177315 38.633049 -0.006216 -0.002598 0.006797 0.999954
36614.306584 0.641520 -0.188308 39.552544 -0.006942 -0.013224 0.007535 0.999860
36614.406584 0.597901 -0.199697 39.990547 -0.007365 -0.018696 0.006516 0.999777
36614.506584 0.568458 -0.177188 40.472553 -0.006793 -0.025581 0.006378 0.999629
36614.606584 0.520307 -0.192934 40.923508 -0.006505 -0.031871 0.006445 0.999450
36614.806584 0.406435 -0.199377 41.781094 -0.004258 -0.045201 0.005908 0.998951
36614.906584 0.350618 -0.197074 42.244617 -0.003294 -0.052453 0.007289 0.998591
36615.006584 0.282896 -0.199472 42.675976 -0.002775 -0.059651 0.005957 0.998198
36615.106584 0.201457 -0.202503 43.095188 -0.002091 -0.066840 0.006319 0.997742
36615.306584 0.030891 -0.201447 43.913605 -0.000893 -0.081548 0.005263 0.996655
36615.406584 -0.065841 -0.206900 44.317738 -0.001795 -0.088582 0.003303 0.996062
36615.506584 -0.163194 -0.206142 44.726437 -0.002271 -0.096093 0.002755 0.995366
36615.606584 -0.264980 -0.216467 45.109310 -0.002485 -0.103243 0.001366 0.994652
36615.706584 -0.380661 -0.212463 45.492825 -0.003113 -0.110581 0.000402 0.993862
36615.906584 -0.612175 -0.209090 46.261322 -0.003917 -0.127711 0.002132 0.991801
36616.006584 -0.747355 -0.222703 46.624634 -0.003611 -0.136342 0.000682 0.990655
36616.106584 -0.887666 -0.211379 47.017361 -0.002832 -0.145696 0.000035 0.989325
36616.206584 -1.034449 -0.221047 47.377651 -0.003103 -0.155822 0.000922 0.987780
36616.406584 -1.345987 -0.224411 48.116680 -0.002529 -0.175396 0.000502 0.984495
36616.506584 -1.504008 -0.228274 48.478409 -0.003148 -0.186074 0.002074 0.982528
36616.606584 -1.689574 -0.222437 48.900215 -0.003937 -0.197014 0.003635 0.980386
36616.706584 -1.872443 -0.240327 49.218697 -0.004566 -0.207435 0.003493 0.978232
36616.906584 -2.288302 -0.236154 49.963116 -0.005904 -0.231127 0.005164 0.972892
36617.006584 -2.501429 -0.246608 50.296135 -0.006436 -0.242651 0.005281 0.970078
36617.106584 -2.732409 -0.240108 50.648460 -0.005829 -0.255141 0.005341 0.966872
36617.206584 -2.957792 -0.245943 50.961948 -0.006676 -0.267008 0.005681 0.963654
36617.406584 -3.433914 -0.248023 51.590153 -0.008616 -0.290619 0.005608 0.956784
36617.506584 -3.693754 -0.241403 51.910172 -0.008334 -0.303254 0.003555 0.952867
36617.606584 -3.963768 -0.239527 52.206356 -0.008883 -0.315299 0.002205 0.948948
36617.706584 -4.238952 -0.239695 52.489517 -0.009851 -0.327413 0.001502 0.944829
36617.906584 -4.796934 -0.245954 53.041317 -0.012088 -0.351711 0.006705 0.936007
36618.006584 -5.073308 -0.240315 53.329025 -0.012284 -0.364272 0.009653 0.931162
36618.106584 -5.360986 -0.247591 53.589870 -0.012495 -0.376116 0.009410 0.926441
36618.206584 -5.689759 -0.240039 53.842396 -0.009402 -0.387543 0.007284 0.921775
36618.406584 -6.285237 -0.260880 54.255722 -0.009351 -0.412156 0.008564 0.911025
36618.506584 -6.642705 -0.233463 54.558823 -0.009673 -0.424945 0.009673 0.905116
36618.606584 -6.938392 -0.244048 54.771690 -0.013085 -0.437352 0.011714 0.899119
36618.806584 -7.654156 -0.233513 55.212021 -0.018580 -0.460174 0.009599 0.887582
36618.906584 -8.011501 -0.227709 55.405830 -0.020311 -0.471740 0.006688 0.881478
36619.306584 -9.445635 -0.216548 56.086830 -0.019273 -0.517881 0.005533 0.855218
36619.506584 -10.181364 -0.206949 56.374344 -0.018805 -0.540060 0.009761 0.841360
36619.606584 -10.560797 -0.194770 56.510544 -0.017296 -0.550683 0.009491 0.834481
36619.706584 -10.932789 -0.195587 56.616135 -0.015661 -0.561304 0.008845 0.827414
36619.806584 -11.323681 -0.179709 56.727833 -0.014186 -0.572088 0.007206 0.820038
36619.906584 -11.708820 -0.177399 56.820923 -0.014444 -0.581801 0.007112 0.813172
36620.006584 -12.092028 -0.188382 56.921097 -0.016007 -0.591985 0.007765 0.805753
36620.106584 -12.516422 -0.154877 57.023766 -0.015468 -0.601208 0.008270 0.798900
36620.206584 -12.917860 -0.160023 57.119434 -0.016394 -0.611213 0.009553 0.791239
36620.306584 -13.361990 -0.130655 57.186607 -0.016037 -0.619576 0.009371 0.784717
36620.406584 -13.754541 -0.146362 57.236862 -0.018005 -0.628730 0.008738 0.777366
36620.506584 -14.193848 -0.150106 57.282921 -0.017189 -0.637749 0.007723 0.770013
36620.606584 -14.617447 -0.136141 57.302620 -0.014269 -0.646556 0.007704 0.762694
