36653.184994 -0.000000 -0.000000 -0.000000 -0.000000 -0.000000 -0.000000 1.000000
36653.277756 -0.000000 -0.000000 -0.000000 -0.000000 -0.000000 -0.000000 1.000000
36653.385695 -0.010874 -0.030040 0.664192 -0.002006 0.001271 -0.002347 0.999994
36653.681855 -0.073429 -0.038453 1.665993 -0.001474 0.005008 -0.003281 0.999981
36653.879883 -0.088252 -0.038240 2.413862 -0.000772 0.007311 -0.005131 0.999960
36653.985802 -0.088252 -0.038240 2.413862 -0.000772 0.007311 -0.005131 0.999960
36654.084986 -0.076385 -0.054717 3.215175 -0.000607 0.009660 -0.005607 0.999938
36654.184656 -0.076385 -0.054717 3.215175 -0.000607 0.009660 -0.005607 0.999937
36654.283389 -0.061806 -0.051472 4.045232 0.000618 0.011667 -0.006092 0.999913
36654.381870 -0.061806 -0.051472 4.045232 0.000618 0.011667 -0.006092 0.999913
36654.579847 -0.071512 -0.064996 5.577098 0.000843 0.014689 -0.007590 0.999863
36654.679202 -0.071512 -0.064996 5.577098 0.000843 0.014689 -0.007590 0.999863
36654.779799 -0.044135 -0.074768 6.610225 0.002210 0.014536 -0.007694 0.999862
36654.879025 -0.054921 -0.078132 7.183390 0.002420 0.015381 -0.008364 0.999844
36654.979158 -0.040711 -0.086505 7.740336 0.002219 0.015027 -0.008302 0.999850
36655.282916 0.000810 -0.110247 9.508503 -0.000384 0.013881 -0.008485 0.999868
36655.481214 0.025783 -0.114412 10.686036 -0.000274 0.012600 -0.008722 0.999883
36655.583589 0.038440 -0.113310 11.341542 0.000141 0.011464 -0.009014 0.999894
36655.683836 0.046023 -0.119175 11.954086 0.000372 0.010009 -0.008769 0.999911
36655.884529 0.055081 -0.142450 13.243195 0.000490 0.005632 -0.008903 0.999944
36655.984573 0.050322 -0.149493 13.894374 0.000311 0.002978 -0.009806 0.999947
36656.084905 0.047734 -0.150898 14.548434 0.000524 0.000401 -0.010719 0.999942
36656.183990 0.034204 -0.157445 15.210832 0.000448 -0.001460 -0.011322 0.999935
36656.383168 0.013623 -0.169377 16.561182 -0.000477 -0.004097 -0.011239 0.999928
36656.482823 0.001767 -0.169020 17.248163 -0.001298 -0.005368 -0.010662 0.999928
36656.582018 -0.010119 -0.172770 17.950281 -0.001828 -0.006709 -0.010667 0.999919
36656.780930 -0.036769 -0.172877 19.382576 -0.002276 -0.009648 -0.009765 0.999903
36656.880420 -0.059502 -0.175738 20.093307 -0.002402 -0.011259 -0.009731 0.999886
36656.980455 -0.090003 -0.182905 20.840944 -0.003107 -0.012796 -0.009663 0.999867
36657.086024 -0.108557 -0.193018 21.599602 -0.003515 -0.015013 -0.010525 0.999826
36657.185780 -0.150556 -0.175906 22.380510 -0.002850 -0.016409 -0.011655 0.999793
36657.385233 -0.227247 -0.154520 23.960884 -0.003776 -0.019379 -0.013592 0.999713
36657.485009 -0.265974 -0.145029 24.759468 -0.006112 -0.020335 -0.013845 0.999679
36657.683960 -0.336795 -0.127454 26.386967 -0.008371 -0.022688 -0.013996 0.999610
36657.784193 -0.377343 -0.113679 27.214403 -0.007634 -0.023756 -0.012740 0.999608
36657.978599 -0.467800 -0.089263 28.867092 -0.006125 -0.025825 -0.012629 0.999568
36658.080881 -0.517462 -0.083507 29.732214 -0.005433 -0.027207 -0.012987 0.999531
36658.179832 -0.555897 -0.090271 30.597216 -0.005313 -0.028753 -0.012100 0.999499
36658.285702 -0.617581 -0.079194 31.507301 -0.005169 -0.029714 -0.012338 0.999469
36658.483053 -0.740646 -0.071211 33.240070 -0.006086 -0.030854 -0.013195 0.999418
36658.584007 -0.791794 -0.071161 34.133675 -0.006072 -0.031328 -0.012694 0.999410
36658.683764 -0.857442 -0.072185 35.011932 -0.006073 -0.031467 -0.011623 0.999419
36658.784321 -0.926929 -0.070407 35.922279 -0.005838 -0.031183 -0.011507 0.999430
36658.983151 -1.047515 -0.061863 37.758621 -0.003325 -0.030197 -0.012574 0.999459
36659.083722 -1.098376 -0.061864 38.702789 -0.001952 -0.029463 -0.012211 0.999489
36659.282408 -1.206884 -0.071992 40.559479 -0.000029 -0.027701 -0.013043 0.999531
36659.381317 -1.261281 -0.076564 41.503799 0.001448 -0.027014 -0.014899 0.999523
36659.580952 -1.361946 -0.097633 43.432606 0.001218 -0.024990 -0.015216 0.999571
36659.680150 -1.410196 -0.105239 44.411629 -0.000271 -0.023623 -0.015093 0.999607
36659.884730 -1.503132 -0.114739 46.441406 -0.000041 -0.020857 -0.016454 0.999647
36659.985006 -1.541083 -0.116795 47.447384 0.000716 -0.019127 -0.015666 0.999694
36660.182843 -1.603246 -0.129075 49.457623 0.000612 -0.015356 -0.015697 0.999759
36660.282031 -1.626113 -0.131291 50.484337 0.000722 -0.013677 -0.014726 0.999798
36660.382426 -1.650654 -0.146149 51.511036 0.001073 -0.011943 -0.013931 0.999831
36660.482647 -1.671099 -0.166592 52.543655 0.001976 -0.009806 -0.013206 0.999863
36660.680954 -1.710350 -0.189808 54.613762 0.002155 -0.006467 -0.012199 0.999902
36660.779880 -1.716374 -0.206278 55.634956 0.001240 -0.005876 -0.011891 0.999911
36660.885828 -1.734384 -0.221194 56.728214 0.002328 -0.005202 -0.012646 0.999904
36661.083988 -1.755149 -0.234334 58.866570 0.003297 -0.004187 -0.015189 0.999870
36661.282417 -1.780469 -0.248089 61.007889 0.001770 -0.003362 -0.016229 0.999861
36661.382516 -1.795878 -0.259914 62.104595 0.002331 -0.002405 -0.017558 0.999840
36661.579382 -1.815108 -0.288736 64.267067 0.004471 -0.001338 -0.016722 0.999849
36661.680352 -1.817234 -0.313416 65.372032 0.004780 -0.000583 -0.015998 0.999860
36661.779823 -1.811118 -0.339094 66.469688 0.005427 -0.000376 -0.014105 0.999886
36661.979190 -1.846352 -0.375545 68.699448 0.007031 0.000017 -0.013239 0.999888
36662.080049 -1.851031 -0.397711 69.830032 0.008033 -0.000933 -0.014127 0.999868
36662.178977 -1.862918 -0.425226 70.938622 0.007648 -0.001862 -0.016234 0.999837
36662.383983 -1.912676 -0.469926 73.276245 0.005697 -0.003191 -0.022707 0.999721
36662.484038 -1.931427 -0.494451 74.421730 0.003851 -0.004025 -0.023699 0.999704
36662.584739 -1.946514 -0.510005 75.592270 0.001813 -0.004658 -0.024890 0.999678
36662.684434 -1.965536 -0.514445 76.737000 0.002609 -0.005452 -0.025603 0.999654
36662.982169 -2.048421 -0.556945 80.217239 0.002414 -0.007209 -0.026255 0.999626
36663.082236 -2.072412 -0.568879 81.419144 0.000669 -0.007420 -0.025259 0.999653
36663.279937 -2.111880 -0.579468 83.770462 -0.001656 -0.008095 -0.021298 0.999739
36663.379809 -2.129600 -0.583535 84.959366 -0.001486 -0.008357 -0.018328 0.999796
36663.480411 -2.152900 -0.585924 86.171959 0.000211 -0.008547 -0.016664 0.999825
36663.579872 -2.169468 -0.587684 87.374954 0.001728 -0.009142 -0.016533 0.999820
36663.779842 -2.238429 -0.629509 89.760246 0.002300 -0.010115 -0.020016 0.999746
36663.879714 -2.264114 -0.655444 90.963966 0.005793 -0.011240 -0.020441 0.999711
36664.085496 -2.360833 -0.707293 93.416809 0.007906 -0.013171 -0.024406 0.999584
36664.184637 -2.403193 -0.740922 94.633858 0.008189 -0.014751 -0.025493 0.999533
36664.382734 -2.494870 -0.815243 97.002266 0.009977 -0.018218 -0.026340 0.999437
36664.481696 -2.557887 -0.850847 98.193413 0.010435 -0.020317 -0.027175 0.999370
36664.681042 -2.693349 -0.918795 100.574165 0.007649 -0.025601 -0.028692 0.999231
36664.878873 -2.863803 -0.966726 102.965721 0.006776 -0.031449 -0.032089 0.998967
36664.979354 -2.962903 -0.993316 104.163811 0.006624 -0.034612 -0.034309 0.998790
36665.085861 -3.073433 -1.009059 105.425362 0.005800 -0.037935 -0.036652 0.998591
36665.284824 -3.318636 -1.046154 107.805283 0.005234 -0.044252 -0.043263 0.998069
36665.384004 -3.449193 -1.061116 108.996521 0.004700 -0.047496 -0.046168 0.997793
36665.482941 -3.582820 -1.079128 110.140427 0.004739 -0.050668 -0.048576 0.997522
36665.682288 -3.863576 -1.120137 112.458725 0.006982 -0.056979 -0.050915 0.997052
36665.780976 -4.010188 -1.141537 113.596199 0.007488 -0.060081 -0.051384 0.996842
36665.879615 -4.164941 -1.170984 114.740021 0.007196 -0.063119 -0.052138 0.996617
36666.084030 -4.515800 -1.223972 117.076385 0.006975 -0.069612 -0.055559 0.996001
36666.183469 -4.690007 -1.245995 118.217056 0.006467 -0.072933 -0.056978 0.995687
36666.283888 -4.881587 -1.257588 119.376289 0.005827 -0.076188 -0.058454 0.995362
36666.482942 -5.286389 -1.298828 121.652855 0.007894 -0.083084 -0.058717 0.994780
36666.582335 -5.493107 -1.315848 122.801315 0.008255 -0.086592 -0.059696 0.994420
36666.682896 -5.718523 -1.344923 123.910461 0.006948 -0.090238 -0.058988 0.994148
36666.883001 -6.176348 -1.364352 126.137489 0.005066 -0.098093 -0.061019 0.993292
36666.983046 -6.425378 -1.370120 127.242340 0.005523 -0.102035 -0.063329 0.992748
36667.181907 -6.922469 -1.384011 129.431564 0.004123 -0.108760 -0.063805 0.992010
36667.281806 -7.187143 -1.389958 130.519669 0.001843 -0.111704 -0.064695 0.991632
36667.480641 -7.709562 -1.383387 132.658981 0.001022 -0.118015 -0.062190 0.991062
36667.579848 -7.972693 -1.383408 133.712204 0.002270 -0.120914 -0.060825 0.990795
36667.780008 -8.524465 -1.401547 135.801483 0.001381 -0.126959 -0.057007 0.990268
36667.882979 -8.812697 -1.402565 136.877914 0.000397 -0.130018 -0.053283 0.990079
36667.982876 -9.103185 -1.400184 137.918625 0.000377 -0.132902 -0.051919 0.989768
36668.184038 -9.709482 -1.399762 139.991440 0.003869 -0.140303 -0.053353 0.988663
36668.283817 -10.028943 -1.401435 141.018723 0.005969 -0.143666 -0.052257 0.988228
36668.383877 -10.349992 -1.406849 142.038895 0.005040 -0.146664 -0.051016 0.987857
36668.579375 -10.978991 -1.402243 144.038681 -0.002380 -0.151595 -0.048732 0.987238
36668.685971 -11.331200 -1.388176 145.110077 -0.004173 -0.154215 -0.047797 0.986872
36668.785276 -11.663830 -1.374893 146.128815 -0.003303 -0.156544 -0.046603 0.986565
36668.984910 -12.342954 -1.360427 148.138412 -0.000704 -0.161156 -0.044990 0.985903
36669.085605 -12.698347 -1.355778 149.155579 0.000456 -0.163230 -0.045180 0.985553
36669.181756 -13.037800 -1.356821 150.125244 0.001437 -0.165358 -0.043941 0.985253
36669.382883 -13.747117 -1.355138 152.123016 -0.000670 -0.169352 -0.040195 0.984735
36669.482831 -14.107635 -1.347908 153.133453 -0.001904 -0.171265 -0.038198 0.984482
36669.680965 -14.813776 -1.331264 155.092773 -0.002901 -0.175694 -0.033953 0.983855
36669.779844 -15.190456 -1.321534 156.086441 -0.003402 -0.178096 -0.032772 0.983461
36669.879967 -15.564516 -1.310202 157.070724 -0.003536 -0.180845 -0.030869 0.983021
36670.080185 -16.342455 -1.292757 159.042252 -0.003684 -0.186051 -0.027420 0.982150
36670.279665 -17.136467 -1.282153 161.007660 -0.004700 -0.191116 -0.022349 0.981302
36670.380591 -17.556158 -1.272567 162.019089 -0.004812 -0.193592 -0.021302 0.980839
36670.479823 -17.966475 -1.265766 163.009109 -0.004127 -0.196354 -0.018598 0.980348
36670.685750 -18.845539 -1.266180 165.050217 -0.004517 -0.201369 -0.017530 0.979348
36670.980877 -20.181114 -1.246084 167.990204 -0.002846 -0.206986 -0.016880 0.978194
36671.179282 -21.101740 -1.236630 170.014954 -0.001452 -0.211073 -0.014500 0.977362
36671.279606 -21.580118 -1.229728 171.043854 -0.001891 -0.212675 -0.015239 0.977002
36671.485808 -22.580481 -1.205308 173.182571 -0.009471 -0.216153 -0.014786 0.976202
36671.578168 -23.027540 -1.179311 174.158142 -0.006937 -0.217740 -0.013473 0.975889
36671.685725 -23.576199 -1.172167 175.251404 -0.001723 -0.218963 -0.013319 0.975641
36671.884796 -24.600807 -1.173546 177.329330 -0.001027 -0.220512 -0.016150 0.975250
36671.983602 -25.107771 -1.173893 178.379028 -0.002566 -0.221054 -0.017061 0.975109
36672.082328 -25.605560 -1.166926 179.412094 -0.002784 -0.221580 -0.017240 0.974986
36672.283864 -26.622684 -1.160328 181.536163 -0.001913 -0.223020 -0.017168 0.974661
36672.384368 -27.142174 -1.143363 182.588654 -0.002169 -0.223434 -0.018315 0.974545
36672.583633 -28.184362 -1.136566 184.682938 -0.004011 -0.224109 -0.020297 0.974345
36672.682497 -28.697639 -1.127901 185.715897 -0.003379 -0.224395 -0.020100 0.974285
36672.781813 -29.222982 -1.122076 186.769440 -0.002539 -0.224578 -0.020295 0.974241
36672.982812 -30.280634 -1.113394 188.910797 -0.003621 -0.225322 -0.020354 0.974065
36673.081972 -30.801294 -1.106063 189.964584 -0.002835 -0.225549 -0.020380 0.974015
36673.281888 -31.876305 -1.096619 192.119659 -0.002764 -0.225680 -0.020670 0.973978
36673.381161 -32.402657 -1.093420 193.189407 -0.003826 -0.225921 -0.020457 0.973923
36673.580891 -33.451317 -1.083888 195.377365 -0.003393 -0.227053 -0.018691 0.973697
36673.680031 -33.983234 -1.075068 196.450989 -0.003897 -0.227358 -0.017610 0.973644
36673.780050 -34.513542 -1.071380 197.525192 -0.004646 -0.227451 -0.017241 0.973626
36673.981250 -35.596447 -1.046995 199.706711 -0.005066 -0.228000 -0.016897 0.973501
36674.080676 -36.131676 -1.039008 200.788940 -0.005165 -0.228536 -0.016950 0.973374
36674.180919 -36.671700 -1.027210 201.874313 -0.004442 -0.228822 -0.016902 0.973311
36674.379795 -37.757744 -1.005088 204.009567 -0.002533 -0.229283 -0.016937 0.973209
36674.478933 -38.302696 -0.998149 205.081543 -0.003226 -0.229495 -0.016827 0.973159
36674.585027 -38.880318 -0.994880 206.233582 -0.004602 -0.229713 -0.016532 0.973107
36674.783214 -39.937885 -0.985391 208.350693 -0.005686 -0.230463 -0.015575 0.972940
36674.883904 -40.482441 -0.980826 209.418579 -0.004963 -0.230988 -0.015118 0.972827
36675.082244 -41.553352 -0.974652 211.522171 -0.003420 -0.232198 -0.012719 0.972579
36675.180820 -42.096256 -0.975571 212.575943 -0.003338 -0.233027 -0.013200 0.972375
36675.279520 -42.634045 -0.968558 213.614670 -0.003524 -0.234066 -0.012824 0.972130
36675.378973 -43.189903 -0.960497 214.678299 -0.003158 -0.235100 -0.012935 0.971880
36675.583965 -44.326900 -0.957040 216.854691 -0.003417 -0.236890 -0.011937 0.971457
36675.683968 -44.874340 -0.956924 217.906723 -0.004032 -0.237829 -0.011474 0.971231
36675.783864 -45.436855 -0.946247 218.983246 -0.004583 -0.238765 -0.011520 0.970998
36675.983637 -46.555679 -0.933796 221.078827 -0.005632 -0.240798 -0.012878 0.970473
36676.084202 -47.127403 -0.921785 222.141327 -0.006483 -0.241640 -0.014617 0.970234
36676.279762 -48.242336 -0.897205 224.204254 -0.003528 -0.243465 -0.012510 0.969823
36676.378981 -48.794224 -0.902392 225.226837 -0.003941 -0.244239 -0.012139 0.969631
36676.485010 -49.397106 -0.897856 226.327591 -0.006292 -0.245024 -0.012509 0.969416
36676.684359 -50.550842 -0.867415 228.414093 -0.005360 -0.245987 -0.013029 0.969171
36676.783861 -51.125900 -0.856066 229.457840 -0.003757 -0.246396 -0.012929 0.969076
36676.982034 -52.260502 -0.859323 231.517151 -0.004793 -0.247664 -0.012843 0.968749
36677.082362 -52.837048 -0.845961 232.565704 -0.008027 -0.248066 -0.013080 0.968622
36677.183731 -53.423042 -0.832748 233.610291 -0.007010 -0.248148 -0.015238 0.968577
36677.383577 -54.553867 -0.830734 235.657257 -0.001396 -0.249070 -0.016515 0.968344
36677.581972 -55.680195 -0.824557 237.672546 -0.004104 -0.249219 -0.021019 0.968210
36677.682849 -56.245613 -0.816083 238.691208 -0.004961 -0.248924 -0.021123 0.968280
36677.781964 -56.798527 -0.803005 239.690201 -0.005025 -0.248104 -0.021113 0.968490
36677.980275 -57.890686 -0.772068 241.664017 -0.003669 -0.246689 -0.020976 0.968861
36678.078937 -58.428848 -0.766778 242.644073 -0.004115 -0.246445 -0.021250 0.968915
36678.277847 -59.512291 -0.743839 244.627563 -0.003237 -0.246017 -0.022892 0.968990
36678.478000 -60.606567 -0.728954 246.632523 -0.002550 -0.244713 -0.023107 0.969317
36678.582195 -61.171303 -0.717742 247.686279 -0.001779 -0.243361 -0.022695 0.969669
36678.780901 -62.227924 -0.697555 249.708237 -0.003593 -0.239903 -0.019955 0.970585
36678.880643 -62.749393 -0.687725 250.707108 -0.004477 -0.237200 -0.018971 0.971265
36678.979938 -63.256763 -0.686011 251.707123 -0.005358 -0.234140 -0.017975 0.972022
36679.179301 -64.255119 -0.671303 253.733978 -0.005302 -0.226506 -0.015918 0.973865
36679.285844 -64.764145 -0.654133 254.806366 -0.004287 -0.222146 -0.016081 0.974871
36679.683972 -66.570267 -0.631996 258.837494 -0.001146 -0.202719 -0.018847 0.979055
36679.883755 -67.388397 -0.637632 260.847534 -0.000996 -0.190896 -0.019005 0.981426
36679.983840 -67.776909 -0.638307 261.871155 -0.001204 -0.185252 -0.019123 0.982504
36680.181794 -68.511780 -0.651247 263.867828 -0.000549 -0.173861 -0.022063 0.984523
36680.281022 -68.858292 -0.652635 264.871765 0.000874 -0.168331 -0.021593 0.985494
36680.479016 -69.505318 -0.669706 266.843597 0.000754 -0.157291 -0.021348 0.987321
36680.585657 -69.839989 -0.677949 267.908112 0.000003 -0.152031 -0.022533 0.988119
36680.684772 -70.145561 -0.682886 268.913239 0.000033 -0.147424 -0.022864 0.988809
36680.784558 -70.439598 -0.692083 269.915894 0.000771 -0.143292 -0.023105 0.989410
36680.982735 -71.005600 -0.702383 271.901886 0.000764 -0.134592 -0.024618 0.990595
36681.081028 -71.275406 -0.713145 272.903107 0.000634 -0.130680 -0.024342 0.991126
36681.181312 -71.533936 -0.711313 273.915466 0.001185 -0.127007 -0.024116 0.991608
36681.385320 -72.046341 -0.728661 275.988037 0.002574 -0.119829 -0.023921 0.992503
36681.583019 -72.525963 -0.752450 278.011932 0.002545 -0.115120 -0.022721 0.993088
36681.685404 -72.771309 -0.761748 279.064789 0.001671 -0.112753 -0.022605 0.993364
36681.784591 -73.003387 -0.774648 280.088684 0.002431 -0.110552 -0.022796 0.993606
36681.982887 -73.455284 -0.796752 282.150146 0.004815 -0.106416 -0.022007 0.994067
36682.180968 -73.894974 -0.826868 284.221252 0.003929 -0.101706 -0.022692 0.994548
36682.280627 -74.106659 -0.838163 285.261475 0.004081 -0.099571 -0.022583 0.994766
36682.379369 -74.312607 -0.849027 286.298004 0.003615 -0.097156 -0.022246 0.995014
36682.479257 -74.516655 -0.865752 287.332794 0.003500 -0.094806 -0.023019 0.995223
36682.680749 -74.907600 -0.907455 289.400665 0.005592 -0.090675 -0.022177 0.995618
36682.779389 -75.089142 -0.928488 290.430695 0.006671 -0.088860 -0.021396 0.995792
36682.885750 -75.283585 -0.951461 291.490051 0.006333 -0.087092 -0.020241 0.995974
36682.985848 -75.460289 -0.974952 292.508728 0.004897 -0.085309 -0.019549 0.996151
36683.183882 -75.797295 -1.014840 294.505981 0.005268 -0.082025 -0.017207 0.996468
36683.283952 -75.954353 -1.035067 295.504272 0.006075 -0.080588 -0.016279 0.996596
36683.383654 -76.114220 -1.066466 296.482574 0.006083 -0.079036 -0.015426 0.996734
36683.583886 -76.415230 -1.117242 298.451263 0.004084 -0.075898 -0.014718 0.996999
36683.683153 -76.564400 -1.131031 299.421936 0.003182 -0.074341 -0.014931 0.997116
36683.881188 -76.838203 -1.165269 301.303436 0.000891 -0.071230 -0.014331 0.997357
36683.981279 -76.972717 -1.181180 302.240723 0.001424 -0.069506 -0.014208 0.997479
36684.080753 -77.094826 -1.198691 303.158295 0.001901 -0.068028 -0.013580 0.997589
36684.279668 -77.321854 -1.233070 304.941315 0.001901 -0.064832 -0.013923 0.997797
36684.380385 -77.438751 -1.251425 305.823425 0.001785 -0.063206 -0.014392 0.997895
36684.486021 -77.551086 -1.255336 306.724274 0.001484 -0.061469 -0.014363 0.998005
36684.684923 -77.744949 -1.277616 308.381592 0.000860 -0.058129 -0.015676 0.998186
36684.784695 -77.836517 -1.295099 309.178589 0.001481 -0.056445 -0.016302 0.998272
36684.883978 -77.919197 -1.307653 309.950134 0.002165 -0.054743 -0.015916 0.998371
36685.083269 -78.070831 -1.345442 311.440857 0.002762 -0.051068 -0.015323 0.998574
36685.182738 -78.138023 -1.363216 312.156677 0.002813 -0.049255 -0.014674 0.998675
36685.381693 -78.270554 -1.395193 313.537109 0.002997 -0.045480 -0.013883 0.998864
36685.482041 -78.327316 -1.409358 314.211395 0.002923 -0.043958 -0.013256 0.998941
36685.581919 -78.378426 -1.426931 314.838715 0.003092 -0.042332 -0.012665 0.999019
36685.783158 -78.474068 -1.459404 316.076569 0.002993 -0.038938 -0.012124 0.999164
36685.882010 -78.512375 -1.472612 316.650818 0.003319 -0.037449 -0.012089 0.999220
36686.080867 -78.590721 -1.501155 317.780273 0.003813 -0.034457 -0.012470 0.999321
36686.179885 -78.628044 -1.513126 318.322632 0.003990 -0.032936 -0.012218 0.999375
36686.285923 -78.657295 -1.528125 318.898346 0.004104 -0.031628 -0.012283 0.999416
36686.484734 -78.717400 -1.555002 319.960876 0.003621 -0.029029 -0.013443 0.999482
36686.583142 -78.746208 -1.564990 320.487823 0.003245 -0.027574 -0.013591 0.999522
36686.781595 -78.798492 -1.585287 321.506927 0.003607 -0.024928 -0.015075 0.999569
36686.879947 -78.819420 -1.596903 322.010925 0.003529 -0.023707 -0.015741 0.999589
36686.979311 -78.841011 -1.605523 322.515961 0.003948 -0.022141 -0.016022 0.999619
36687.085047 -78.862862 -1.615990 323.047424 0.004279 -0.020993 -0.016239 0.999639
36687.283197 -78.896751 -1.642030 324.024170 0.004699 -0.017789 -0.016935 0.999687
36687.381816 -78.912491 -1.648559 324.516663 0.005136 -0.016428 -0.017416 0.999700
36687.481762 -78.926506 -1.658334 325.000580 0.005412 -0.014872 -0.017750 0.999717
36687.680879 -78.946930 -1.679995 325.940948 0.005901 -0.011536 -0.017779 0.999758
36687.780780 -78.955444 -1.690505 326.414398 0.005659 -0.009784 -0.018549 0.999764
36687.879570 -78.962601 -1.703268 326.863190 0.005870 -0.008173 -0.019060 0.999768
36688.079619 -78.969696 -1.726401 327.776489 0.006809 -0.004503 -0.019191 0.999783
36688.178604 -78.965416 -1.734375 328.225189 0.007643 -0.002624 -0.019080 0.999785
36688.285789 -78.965408 -1.744476 328.711761 0.008624 -0.000382 -0.019041 0.999781
36688.384947 -78.960724 -1.761363 329.158417 0.009340 0.001639 -0.019694 0.999761
36688.582874 -78.939529 -1.786410 330.089569 0.010399 0.006794 -0.019531 0.999732
36688.681713 -78.947884 -1.811057 330.535767 0.010905 0.009935 -0.019673 0.999698
36688.780667 -78.909119 -1.816441 331.025604 0.011560 0.012134 -0.019753 0.999664
36688.985933 -78.871849 -1.854500 332.040283 0.013773 0.017811 -0.021067 0.999525
36689.080611 -78.843353 -1.875898 332.523651 0.014959 0.020256 -0.021476 0.999452
36689.180240 -78.817543 -1.893138 333.033295 0.015719 0.023062 -0.022389 0.999360
36689.279044 -78.790527 -1.905650 333.556458 0.016023 0.025923 -0.023573 0.999258
36689.484594 -78.729179 -1.948130 334.648560 0.015046 0.031241 -0.027654 0.999016
36689.583135 -78.695374 -1.969885 335.170593 0.015987 0.033660 -0.029666 0.998865
36689.682483 -78.665253 -1.988419 335.707245 0.017328 0.036097 -0.031217 0.998710
36689.880455 -78.594536 -2.035859 336.758759 0.019428 0.041142 -0.037327 0.998267
36689.979829 -78.552177 -2.054676 337.312805 0.021064 0.043349 -0.040721 0.998008
36690.382661 -78.327461 -2.172555 339.558167 0.023008 0.053880 -0.046863 0.997182
36690.481392 -78.268059 -2.192903 340.148224 0.022463 0.056748 -0.049722 0.996897
36690.581430 -78.189888 -2.226725 340.738495 0.020811 0.059186 -0.050191 0.996767
36690.680597 -78.118935 -2.251248 341.378998 0.019125 0.061916 -0.049228 0.996683
36690.878985 -77.943787 -2.310960 342.617126 0.017936 0.067912 -0.050356 0.996258
36690.979800 -77.852921 -2.343606 343.289001 0.017634 0.070998 -0.051941 0.995967
36691.184985 -77.606201 -2.404090 344.726837 0.016858 0.075651 -0.050996 0.995687
36691.283838 -77.457016 -2.430644 345.483459 0.016232 0.076804 -0.050646 0.995627
36691.481948 -77.231834 -2.484701 346.962036 0.013583 0.079034 -0.050656 0.995491
36691.581590 -77.108505 -2.512830 347.722260 0.011593 0.080018 -0.049805 0.995481
36691.680384 -76.995850 -2.535141 348.486450 0.010256 0.080776 -0.048929 0.995478
36691.779740 -76.878990 -2.562966 349.253387 0.010170 0.081743 -0.048098 0.995440
36691.983881 -76.610825 -2.613142 350.870850 0.010822 0.083181 -0.046728 0.995380
36692.083815 -76.481918 -2.643436 351.670563 0.010685 0.084060 -0.045500 0.995364
36692.182506 -76.344193 -2.673715 352.465393 0.010483 0.084713 -0.045027 0.995332
36692.380798 -76.060555 -2.731318 354.119812 0.012289 0.086206 -0.045547 0.995160
36692.479836 -75.909035 -2.756083 354.986786 0.012861 0.086967 -0.043543 0.995176
36692.684722 -75.585579 -2.810611 356.798889 0.011467 0.089424 -0.041615 0.995058
36692.783027 -75.419250 -2.843538 357.694122 0.010727 0.090186 -0.039447 0.995086
36692.883004 -75.256577 -2.873350 358.611328 0.010555 0.091157 -0.037391 0.995078
36693.081159 -74.909897 -2.936521 360.473969 0.012336 0.091743 -0.034622 0.995104
36693.179999 -74.733948 -2.965616 361.432556 0.012938 0.090878 -0.033190 0.995225
36693.378459 -74.381226 -3.026557 363.410828 0.011886 0.088264 -0.030177 0.995569
36693.478230 -74.213760 -3.061414 364.424683 0.013343 0.086779 -0.030751 0.995663
36693.584853 -74.031975 -3.101751 365.511230 0.014060 0.084855 -0.030296 0.995833
36693.784565 -73.697952 -3.169206 367.608368 0.011559 0.082843 -0.030205 0.996038
36693.884008 -73.528091 -3.205146 368.664307 0.011657 0.081793 -0.029986 0.996130
36693.984004 -73.359795 -3.246749 369.721069 0.011965 0.081099 -0.030128 0.996179
36694.183159 -73.025810 -3.329452 371.854248 0.011939 0.080072 -0.030394 0.996254
36694.282817 -72.857544 -3.370302 372.932190 0.012137 0.079880 -0.028504 0.996323
36694.382546 -72.689453 -3.413233 374.042328 0.012203 0.079954 -0.030189 0.996267
36694.481520 -72.520180 -3.455822 375.119843 0.012966 0.080190 -0.030829 0.996218
36694.679939 -72.176430 -3.540614 377.301331 0.013073 0.082599 -0.031396 0.996002
36694.779313 -71.985222 -3.578087 378.434906 0.013045 0.084338 -0.031373 0.995858
36694.878948 -71.799362 -3.619253 379.529022 0.013530 0.085983 -0.030450 0.995739
36694.985693 -71.586044 -3.666037 380.736206 0.013834 0.087690 -0.029014 0.995629
36695.084383 -71.383736 -3.709433 381.850769 0.013859 0.089249 -0.028423 0.995507
36695.283562 -70.953667 -3.812194 384.131500 0.013992 0.091189 -0.026530 0.995382
36695.382222 -70.737030 -3.861694 385.277191 0.013062 0.092096 -0.026344 0.995316
36695.481385 -70.516907 -3.900598 386.443420 0.012173 0.093013 -0.026823 0.995229
36695.580499 -70.297668 -3.944278 387.611725 0.011936 0.093695 -0.027493 0.995150
36695.779367 -69.854805 -4.031870 389.970703 0.013045 0.095162 -0.027053 0.995009
36695.885227 -69.610413 -4.086449 391.239380 0.013749 0.095812 -0.026908 0.994941
36695.984929 -69.377647 -4.130939 392.434875 0.014319 0.096104 -0.026800 0.994907
36696.083907 -69.153915 -4.191407 393.594482 0.013614 0.096414 -0.026838 0.994886
36696.281565 -68.683113 -4.292851 395.955750 0.011756 0.097168 -0.027329 0.994823
36696.380779 -68.459755 -4.332806 397.139099 0.011598 0.097667 -0.026864 0.994789
36696.479920 -68.225937 -4.373998 398.322083 0.010003 0.097878 -0.027289 0.994774
36696.585981 -67.978676 -4.428834 399.599884 0.009698 0.098331 -0.028845 0.994688
36696.784165 -67.534126 -4.521652 401.950134 0.013341 0.098814 -0.029205 0.994588
36696.883807 -67.296478 -4.571300 403.145996 0.014539 0.099134 -0.028660 0.994555
36696.983817 -67.054802 -4.625798 404.339264 0.012522 0.099006 -0.027080 0.994640
36697.083701 -66.807159 -4.674571 405.539581 0.010734 0.099083 -0.025440 0.994696
36697.283191 -66.336212 -4.769143 407.920471 0.013011 0.099438 -0.027021 0.994592
36697.383669 -66.107468 -4.824262 409.113281 0.012897 0.099537 -0.027686 0.994565
36697.482662 -65.875580 -4.868443 410.298218 0.012647 0.099802 -0.028034 0.994532
36697.679831 -65.398804 -4.963190 412.660522 0.012643 0.099975 -0.027161 0.994539
36697.780743 -65.149536 -5.010931 413.867157 0.012374 0.099933 -0.025895 0.994580
36697.879737 -64.901329 -5.060466 415.059052 0.012494 0.100076 -0.025116 0.994584
36697.985812 -64.640152 -5.117191 416.322113 0.012888 0.100233 -0.024565 0.994577
36698.184742 -64.160027 -5.208684 418.745300 0.015313 0.100649 -0.023276 0.994532
36698.283940 -63.921951 -5.264853 419.943939 0.014177 0.100957 -0.022634 0.994532
36698.384194 -63.672409 -5.313746 421.161896 0.013298 0.101242 -0.022789 0.994512
36698.483436 -63.425198 -5.364890 422.367462 0.012599 0.101340 -0.022609 0.994515
36698.582847 -63.172512 -5.416960 423.583679 0.011327 0.101633 -0.022794 0.994496
36698.781695 -62.654434 -5.506827 426.033081 0.011772 0.102038 -0.023079 0.994443
36698.881003 -62.403145 -5.554702 427.248810 0.011659 0.102424 -0.023858 0.994386
36698.980358 -62.156502 -5.603005 428.469910 0.010788 0.102865 -0.024083 0.994345
36699.079721 -61.914196 -5.646109 429.691254 0.010925 0.103757 -0.025403 0.994218
36699.179210 -61.660187 -5.691056 430.907196 0.011614 0.104509 -0.026529 0.994102
36699.385220 -61.120506 -5.791852 433.448639 0.011348 0.107008 -0.027665 0.993809
36699.484701 -60.857731 -5.845620 434.665070 0.011411 0.108487 -0.028193 0.993633
36699.583918 -60.584637 -5.899029 435.885498 0.011149 0.110261 -0.028171 0.993441
36699.683711 -60.302788 -5.947546 437.100159 0.011692 0.112177 -0.027189 0.993247
36699.881992 -59.751987 -6.053862 439.497406 0.011246 0.115959 -0.027483 0.992810
36699.980693 -59.465240 -6.106303 440.678009 0.010695 0.117862 -0.026629 0.992615
36700.079814 -59.180408 -6.155416 441.861053 0.011327 0.119763 -0.027694 0.992352
36700.180591 -58.888512 -6.209582 443.065369 0.010316 0.121184 -0.027680 0.992190
36700.379869 -58.296978 -6.312116 445.415344 0.011592 0.124246 -0.029042 0.991759
36700.481305 -58.007565 -6.368256 446.582458 0.010764 0.125728 -0.028922 0.991585
36700.579932 -57.704464 -6.416136 447.720917 0.011243 0.126889 -0.028234 0.991451
36700.685925 -57.388943 -6.469499 448.931152 0.013062 0.128290 -0.027867 0.991259
36700.886038 -56.789494 -6.590644 451.190918 0.013421 0.130831 -0.026675 0.990955
36700.985858 -56.505844 -6.647521 452.308075 0.013599 0.132212 -0.027044 0.990759
36701.085753 -56.191902 -6.705007 453.429810 0.013675 0.133336 -0.026570 0.990620
36701.283409 -55.572281 -6.795123 455.661224 0.012098 0.135769 -0.027771 0.990277
36701.382382 -55.271400 -6.844146 456.756592 0.011335 0.136999 -0.028494 0.990096
36701.584768 -54.653378 -6.942971 458.957092 0.011175 0.139610 -0.029728 0.989697
36701.683376 -54.342514 -6.988614 460.031799 0.010884 0.140787 -0.029715 0.989534
36701.783932 -54.026730 -7.036532 461.120178 0.011159 0.142067 -0.028360 0.989388
36701.883857 -53.705467 -7.086941 462.181183 0.011985 0.143300 -0.027367 0.989228
36702.084000 -53.060177 -7.195283 464.327545 0.015790 0.145715 -0.024624 0.988894
36702.183456 -52.743855 -7.256610 465.376343 0.016935 0.147089 -0.023404 0.988701
36702.283417 -52.420746 -7.303840 466.444366 0.015782 0.148820 -0.023578 0.988457
36702.482763 -51.770493 -7.411438 468.530365 0.013807 0.152378 -0.024148 0.987931
36702.581497 -51.449558 -7.462540 469.553955 0.013948 0.154577 -0.026652 0.987523
36702.681181 -51.118546 -7.511853 470.589020 0.013641 0.156846 -0.025394 0.987202
36702.780854 -50.766968 -7.555779 471.611267 0.012962 0.159015 -0.023813 0.986904
36702.985722 -50.059605 -7.656983 473.693085 0.012974 0.164654 -0.024360 0.985965
36703.084849 -49.709881 -7.704156 474.688416 0.014333 0.166844 -0.024136 0.985584
36703.183304 -49.367901 -7.758857 475.676422 0.015111 0.169656 -0.025156 0.985066
36703.382678 -48.667332 -7.868548 477.671082 0.017044 0.174666 -0.028945 0.984055
36703.483236 -48.298988 -7.922352 478.669006 0.017031 0.176764 -0.027265 0.983728
36703.582200 -47.930016 -7.973418 479.646973 0.015539 0.178638 -0.027791 0.983400
36703.682000 -47.563587 -8.032194 480.621735 0.014622 0.180604 -0.027966 0.983050
36703.781287 -47.209957 -8.083867 481.571136 0.014833 0.181921 -0.028176 0.982797
36703.980719 -46.495186 -8.185508 483.468964 0.015285 0.185116 -0.028599 0.982182
36704.080683 -46.217979 -8.220430 484.178833 0.015806 0.186053 -0.028682 0.981994
36704.179890 -45.765671 -8.292351 485.342255 0.016417 0.187770 -0.029344 0.981637
36704.279982 -45.400879 -8.349811 486.257874 0.016686 0.189032 -0.029748 0.981378
36704.485200 -44.638062 -8.463474 488.140320 0.016664 0.191695 -0.029449 0.980871
36704.584637 -44.267784 -8.523172 489.047943 0.017454 0.193084 -0.029816 0.980574
36704.682946 -43.904778 -8.588209 489.911835 0.019850 0.194261 -0.028454 0.980336
36704.882959 -43.152679 -8.705105 491.710815 0.017764 0.197384 -0.024955 0.979847
36704.982147 -42.782898 -8.758158 492.587891 0.015890 0.199016 -0.023745 0.979580
36705.082745 -42.397331 -8.815701 493.483337 0.017075 0.200337 -0.023412 0.979298
36705.281233 -41.664471 -8.929853 495.208771 0.019981 0.203138 -0.025194 0.978622
36705.381642 -41.290146 -8.987632 496.084930 0.021735 0.204334 -0.025630 0.978324
36705.480623 -40.934326 -9.062538 496.931854 0.021159 0.205505 -0.027841 0.978031
36705.679828 -40.188606 -9.168491 498.674866 0.017129 0.206496 -0.030527 0.977821
36705.779275 -39.813652 -9.220543 499.548126 0.016436 0.206878 -0.031512 0.977721
36705.880470 -39.447918 -9.276167 500.402374 0.016050 0.206671 -0.031926 0.977758
36706.079034 -38.709503 -9.372915 502.120605 0.013742 0.206119 -0.031756 0.977915
36706.184817 -38.307129 -9.418959 503.045654 0.013538 0.205562 -0.030696 0.978069
36706.285409 -37.934494 -9.472106 503.908936 0.012930 0.205065 -0.028874 0.978237
36706.384585 -37.555523 -9.518981 504.770508 0.010969 0.204603 -0.026811 0.978416
36706.484172 -37.165504 -9.555877 505.649170 0.007378 0.204345 -0.025323 0.978544
36706.683011 -36.387856 -9.628093 507.432617 0.007910 0.202546 -0.026272 0.978888
36706.782483 -36.017467 -9.671500 508.308685 0.015079 0.201325 -0.027779 0.979015
36706.882429 -35.660389 -9.722310 509.168945 0.019027 0.200565 -0.028316 0.979086
36707.081050 -34.921928 -9.833274 510.946564 0.016957 0.199526 -0.028944 0.979318
36707.180951 -34.540989 -9.881332 511.866638 0.016900 0.198702 -0.028742 0.979493
36707.579842 -33.053795 -10.088352 515.496826 0.018000 0.196745 -0.026324 0.979936
36707.784909 -32.264603 -10.200622 517.390747 0.017468 0.196128 -0.025511 0.980091
36707.884646 -31.891485 -10.258332 518.312134 0.017551 0.196064 -0.026371 0.980079
36708.083379 -31.131153 -10.360226 520.149536 0.016298 0.195537 -0.026485 0.980203
36708.182717 -30.731709 -10.412674 521.088379 0.015728 0.195414 -0.026494 0.980237
36708.281917 -30.360100 -10.462519 521.998474 0.015471 0.195587 -0.027570 0.980177
36708.481870 -29.581675 -10.568439 523.897644 0.015192 0.196361 -0.027114 0.980039
36708.580861 -29.194576 -10.620808 524.824158 0.015170 0.196540 -0.026737 0.980014
36708.680913 -28.798887 -10.668890 525.761414 0.015300 0.196840 -0.027327 0.979935
36708.879165 -28.016510 -10.782770 527.636353 0.016902 0.197608 -0.026820 0.979768
36708.978917 -27.614876 -10.841571 528.586853 0.016697 0.198192 -0.025954 0.979677
36709.178177 -26.795355 -10.942825 530.507812 0.018518 0.199599 -0.025214 0.979378
36709.279962 -26.378111 -10.999794 531.481262 0.018622 0.200089 -0.024441 0.979296
36709.386040 -25.953176 -11.056837 532.502991 0.017534 0.201038 -0.024947 0.979109
36709.583979 -25.127649 -11.180251 534.416504 0.016642 0.202148 -0.025038 0.978894
36709.684907 -24.707403 -11.234189 535.388306 0.016899 0.202824 -0.025274 0.978743
36709.783963 -24.294968 -11.290058 536.337891 0.017308 0.203542 -0.025413 0.978583
36709.982946 -23.454514 -11.405670 538.260803 0.017806 0.205398 -0.025352 0.978188
36710.181986 -22.597136 -11.519254 540.192810 0.017333 0.207511 -0.025874 0.977737
36710.281054 -22.163841 -11.572664 541.166992 0.016558 0.208670 -0.026327 0.977492
36710.381702 -21.721048 -11.627350 542.154236 0.016304 0.209949 -0.026521 0.977216
36710.481893 -21.282492 -11.687382 543.131165 0.017390 0.210975 -0.027923 0.976938
36710.680650 -20.403471 -11.800055 545.059509 0.017101 0.213807 -0.027709 0.976333
36710.779912 -19.952805 -11.857186 546.030273 0.013803 0.215428 -0.026214 0.976070
36710.879760 -19.503891 -11.910294 546.995239 0.013187 0.216821 -0.024013 0.975827
36711.085179 -18.570517 -12.019048 548.953735 0.019101 0.220024 -0.023313 0.975029
36711.185013 -18.126532 -12.080482 549.894043 0.020212 0.221537 -0.022261 0.974688
36711.285865 -17.660112 -12.149611 550.841431 0.019196 0.223022 -0.021262 0.974393
36711.385762 -17.202965 -12.206955 551.787720 0.017580 0.224846 -0.022158 0.973984
36711.484899 -16.726721 -12.258486 552.726624 0.017140 0.226317 -0.023310 0.973624
36711.584047 -16.264431 -12.313387 553.629883 0.017598 0.227544 -0.024232 0.973307
36711.682993 -15.815603 -12.369916 554.527466 0.017945 0.229009 -0.024719 0.972945
36711.782611 -15.344248 -12.420963 555.446533 0.018057 0.230406 -0.023985 0.972631
36711.881725 -14.902067 -12.483866 556.331848 0.017216 0.232001 -0.023082 0.972289
36711.980964 -14.431303 -12.520571 557.214661 0.016661 0.233315 -0.022774 0.971992
36712.066016 -14.084173 -12.543259 557.855774 0.016965 0.234000 -0.022587 0.971826
