36740.639384 -0.000000 -0.000000 -0.000000 -0.000000 -0.000000 -0.000000 1.000000
36740.739384 -0.000000 -0.000000 -0.000000 -0.000000 -0.000000 -0.000000 1.000000
36740.839384 -0.004469 -0.000832 0.863516 -0.000038 0.000117 -0.001319 0.999999
36741.139384 -0.015354 -0.000104 2.302850 -0.000348 0.000028 -0.002409 0.999997
36741.239384 -0.015354 -0.000104 2.302850 -0.000348 0.000028 -0.002409 0.999997
36741.339384 -0.017381 -0.009384 3.354004 -0.000106 -0.000102 -0.002794 0.999996
36741.439384 -0.017381 -0.009384 3.354004 -0.000106 -0.000102 -0.002794 0.999996
36741.539384 -0.026212 -0.014385 4.492078 -0.000286 0.000156 -0.002826 0.999996
36741.739384 -0.032091 -0.020736 5.692392 -0.000783 0.000434 -0.004362 0.999990
36741.839384 -0.032091 -0.020736 5.692392 -0.000783 0.000434 -0.004362 0.999990
36741.939384 -0.033374 -0.018197 6.951850 -0.002310 0.000225 -0.004428 0.999988
36742.039384 -0.029624 -0.022454 7.590707 -0.002768 0.000560 -0.003995 0.999988
36742.139384 -0.036792 -0.022246 8.256704 -0.003283 0.001581 -0.005821 0.999976
36742.239384 -0.033907 -0.022539 8.926422 -0.004153 0.002388 -0.006385 0.999968
36742.539384 -0.007977 -0.004039 11.013979 -0.006849 0.005802 -0.006056 0.999941
36742.739384 0.002649 0.016668 12.446122 -0.006267 0.009114 -0.011943 0.999868
36743.039384 0.060947 0.031566 14.683649 -0.005128 0.012752 -0.009754 0.999858
36743.139384 0.069000 0.040006 15.452724 -0.005718 0.015286 -0.012355 0.999790
36743.239384 0.089106 0.053798 16.222010 -0.005301 0.016478 -0.014198 0.999749
36743.439384 0.158582 0.066865 17.835257 -0.007348 0.020352 -0.012098 0.999693
36743.539384 0.197037 0.078249 18.652790 -0.007028 0.022687 -0.013805 0.999623
36743.639384 0.221267 0.081487 19.490576 -0.006812 0.025050 -0.015252 0.999547
36743.839384 0.323960 0.093753 21.175100 -0.008013 0.030047 -0.014670 0.999409
36743.939384 0.379405 0.097321 22.043768 -0.006572 0.033243 -0.018588 0.999253
36744.039384 0.435005 0.094919 22.900492 -0.003865 0.035879 -0.020835 0.999132
36744.139384 0.494698 0.096553 23.755329 -0.002212 0.038071 -0.022425 0.999021
36744.239384 0.555553 0.118062 24.645956 -0.003197 0.041104 -0.026425 0.998800
36744.439384 0.702033 0.126177 26.429052 -0.004506 0.046163 -0.032835 0.998384
36744.539384 0.788614 0.124422 27.312897 -0.005372 0.048878 -0.032829 0.998251
36744.639384 0.878646 0.124221 28.211266 -0.006560 0.051830 -0.031887 0.998125
36744.739384 0.979863 0.128571 29.114342 -0.007074 0.054927 -0.032192 0.997946
36744.839384 1.089152 0.127187 30.023653 -0.006494 0.057814 -0.031595 0.997806
36744.939384 1.204183 0.128099 30.945480 -0.005465 0.060237 -0.029574 0.997731
36745.039384 1.331476 0.135493 31.878374 -0.005642 0.063027 -0.028672 0.997584
36745.139384 1.452021 0.142543 32.818745 -0.008177 0.066118 -0.029280 0.997349
36745.339384 1.716268 0.157361 34.715981 -0.007269 0.070649 -0.028738 0.997061
36745.439384 1.866751 0.169518 35.676376 -0.006497 0.073037 -0.027923 0.996917
36745.539384 2.006018 0.174108 36.652882 -0.008845 0.075273 -0.027358 0.996748
36745.639384 2.184731 0.191265 37.662312 -0.011629 0.077343 -0.025613 0.996608
36745.739384 2.340261 0.204945 38.666718 -0.013581 0.079350 -0.025767 0.996421
36745.839384 2.509182 0.218830 39.662693 -0.013316 0.081055 -0.025674 0.996290
36745.939384 2.688477 0.239028 40.690708 -0.011850 0.082590 -0.024150 0.996221
36746.139384 3.059181 0.268067 42.742146 -0.012806 0.086592 -0.021393 0.995932
36746.239384 3.247543 0.282477 43.784332 -0.012183 0.088393 -0.020043 0.995809
36746.339384 3.447931 0.297468 44.834621 -0.010648 0.090242 -0.017293 0.995713
36746.439384 3.654760 0.320993 45.890873 -0.009695 0.091932 -0.014909 0.995606
36746.539384 3.858988 0.334785 46.959812 -0.010638 0.093636 -0.011863 0.995479
36746.639384 4.071729 0.353553 48.044621 -0.011270 0.094870 -0.009494 0.995381
36746.739384 4.284676 0.359063 49.135277 -0.009731 0.096154 -0.006371 0.995299
36746.839384 4.502895 0.365812 50.220711 -0.007017 0.097101 -0.004961 0.995237
36746.939384 4.723478 0.367493 51.315857 -0.005774 0.097849 -0.004069 0.995176
36747.139384 5.172393 0.372113 53.522644 -0.004637 0.099264 -0.003810 0.995043
36747.239384 5.398642 0.378173 54.645493 -0.004644 0.100116 -0.004686 0.994954
36747.339384 5.620605 0.379641 55.760380 -0.004572 0.100927 -0.005235 0.994870
36747.439384 5.842689 0.375536 56.887276 -0.004377 0.101624 -0.004731 0.994802
36747.539384 6.073007 0.374264 58.022217 -0.005070 0.101963 -0.003933 0.994768
36747.639384 6.299844 0.369340 59.159302 -0.005980 0.101983 -0.004212 0.994759
36747.739384 6.531545 0.370339 60.309654 -0.005928 0.101694 -0.004329 0.994789
36747.939384 7.010118 0.379379 62.632324 -0.005230 0.101334 -0.005154 0.994825
36748.039384 7.246387 0.382141 63.802544 -0.005142 0.101171 -0.004616 0.994845
36748.139384 7.493656 0.388340 64.997940 -0.005258 0.101057 -0.004918 0.994855
36748.239384 7.733976 0.391824 66.177017 -0.005185 0.101225 -0.004792 0.994838
36748.339384 7.982672 0.393517 67.378967 -0.005877 0.101209 -0.005490 0.994833
36748.439384 8.224711 0.406219 68.583229 -0.006520 0.101418 -0.006004 0.994805
36748.639384 8.716002 0.407310 70.999046 -0.007171 0.101792 -0.006028 0.994762
36748.739384 8.960388 0.407786 72.211472 -0.006357 0.101810 -0.006163 0.994765
36748.839384 9.210323 0.407566 73.426247 -0.006140 0.101880 -0.005528 0.994762
36748.939384 9.450004 0.413270 74.635902 -0.007042 0.102131 -0.006393 0.994726
36749.039384 9.694418 0.416592 75.861740 -0.008413 0.102326 -0.006953 0.994691
36749.139384 9.939348 0.423079 77.098145 -0.008717 0.102516 -0.008546 0.994657
36749.239384 10.153708 0.427823 78.153244 -0.007969 0.102649 -0.009037 0.994645
36749.439384 10.674952 0.428464 80.768364 -0.008437 0.103211 -0.008159 0.994590
36749.539384 10.935517 0.430857 82.008476 -0.008602 0.103362 -0.007936 0.994575
36749.639384 11.189754 0.433831 83.230186 -0.008768 0.103505 -0.007971 0.994558
36749.739384 11.446322 0.436523 84.455894 -0.008824 0.103487 -0.008018 0.994559
36749.839384 11.692709 0.442021 85.679031 -0.008337 0.103822 -0.008817 0.994522
36749.939384 11.940806 0.448777 86.903862 -0.007854 0.104211 -0.008567 0.994487
36750.039384 12.196093 0.444347 88.109344 -0.008059 0.104219 -0.007808 0.994491
36750.139384 12.466774 0.457273 89.339821 -0.007721 0.103856 -0.006684 0.994540
36750.339384 12.971282 0.472216 91.748184 -0.008370 0.103202 -0.004578 0.994615
36750.439384 13.230446 0.477231 92.971085 -0.007395 0.102327 -0.004468 0.994713
36750.539384 13.481492 0.484998 94.193825 -0.006263 0.101483 -0.004122 0.994809
36750.639384 13.728045 0.491573 95.421860 -0.006213 0.100652 -0.003715 0.994895
36750.739384 13.976092 0.495075 96.634918 -0.006649 0.099744 -0.003462 0.994985
36750.839384 14.213670 0.499700 97.856201 -0.007224 0.099115 -0.002441 0.995047
36751.239384 15.211342 0.518619 102.776428 -0.006208 0.097000 -0.003852 0.995258
36751.339384 15.453780 0.523763 104.019035 -0.006599 0.096543 -0.004687 0.995296
36751.539384 15.927398 0.519417 106.476738 -0.006885 0.095795 -0.006595 0.995355
36751.639384 16.165783 0.522737 107.715034 -0.007089 0.095151 -0.007159 0.995412
36751.839384 16.643200 0.528729 110.211296 -0.006771 0.094067 -0.008253 0.995509
36751.939384 16.874180 0.531582 111.446945 -0.006366 0.093865 -0.008547 0.995528
36752.039384 17.099840 0.530391 112.680878 -0.007491 0.093694 -0.007646 0.995544
36752.139384 17.334042 0.539411 113.934601 -0.008475 0.093948 -0.007489 0.995513
36752.239384 17.569866 0.533870 115.160263 -0.009382 0.093558 -0.007545 0.995541
36752.339384 17.796474 0.531702 116.407661 -0.009359 0.093473 -0.008503 0.995542
36752.439384 18.021206 0.539765 117.634163 -0.008988 0.093358 -0.009693 0.995545
36752.639384 18.481592 0.558623 120.099823 -0.007750 0.092879 -0.012402 0.995570
36752.739384 18.710608 0.560618 121.351418 -0.008149 0.092418 -0.013411 0.995597
36752.839384 18.906593 0.554721 122.596504 -0.008360 0.092569 -0.013109 0.995585
36752.939384 19.137842 0.550667 123.809212 -0.008654 0.091908 -0.013106 0.995644
36753.039384 19.356575 0.564381 125.032822 -0.008880 0.091826 -0.013432 0.995645
36753.139384 19.580133 0.568032 126.267418 -0.009416 0.091795 -0.014463 0.995628
36753.339384 20.027523 0.580649 128.703949 -0.009896 0.091295 -0.014271 0.995672
36753.439384 20.248192 0.592723 129.912643 -0.010220 0.091439 -0.014139 0.995658
36753.539384 20.471640 0.596912 131.107239 -0.010473 0.092140 -0.013630 0.995598
36753.639384 20.697386 0.600132 132.298370 -0.010655 0.093680 -0.013173 0.995458
36753.739384 20.923239 0.601818 133.485291 -0.009987 0.095251 -0.013486 0.995312
36753.839384 21.140297 0.603235 134.670685 -0.008832 0.096686 -0.014058 0.995176
36753.939384 21.381142 0.602331 135.861893 -0.007923 0.098063 -0.014391 0.995045
36754.039384 21.617403 0.595867 137.041275 -0.007595 0.099691 -0.015302 0.994872
36754.239384 22.111258 0.595401 139.419250 -0.005393 0.103109 -0.015110 0.994541
36754.339384 22.361403 0.579572 140.589005 -0.004251 0.104646 -0.013872 0.994404
36754.439384 22.614826 0.573009 141.759796 -0.004258 0.106289 -0.012756 0.994244
36754.539384 22.881376 0.570808 142.956558 -0.006168 0.107821 -0.011138 0.994089
36754.639384 23.150511 0.570399 144.142868 -0.008184 0.109351 -0.010151 0.993918
36754.739384 23.417805 0.574208 145.324127 -0.009097 0.111013 -0.009853 0.993729
36754.839384 23.687334 0.576124 146.497879 -0.008775 0.112388 -0.009745 0.993578
36754.939384 23.950502 0.578504 147.678940 -0.008295 0.113789 -0.009644 0.993424
36755.139384 24.507347 0.586462 150.065765 -0.008476 0.115713 -0.010126 0.993195
36755.239384 24.796911 0.587615 151.264511 -0.008261 0.116109 -0.010141 0.993150
36755.339384 25.079586 0.592342 152.464676 -0.008313 0.116636 -0.010647 0.993083
36755.439384 25.366329 0.605465 153.668320 -0.008189 0.116812 -0.011230 0.993057
36755.539384 25.648710 0.606295 154.864929 -0.008406 0.116783 -0.011338 0.993057
36755.639384 25.933975 0.611102 156.076447 -0.008458 0.116644 -0.011463 0.993072
36755.739384 26.226143 0.616659 157.293686 -0.008517 0.116341 -0.011092 0.993111
36755.839384 26.519636 0.624916 158.505920 -0.008843 0.116146 -0.011396 0.993127
36755.939384 26.808838 0.634083 159.729309 -0.008851 0.115868 -0.011218 0.993162
36756.139384 27.385372 0.638266 162.151489 -0.007364 0.115509 -0.009492 0.993234
36756.239384 27.671345 0.645263 163.374969 -0.008338 0.115276 -0.009356 0.993254
36756.339384 27.958595 0.652227 164.607376 -0.008011 0.115032 -0.008673 0.993292
36756.439384 28.240099 0.657917 165.826111 -0.007523 0.114922 -0.008436 0.993310
36756.539384 28.523273 0.665103 167.061142 -0.007594 0.114827 -0.007957 0.993325
36756.639384 28.819078 0.667934 168.305176 -0.007536 0.114445 -0.007828 0.993370
36756.739384 29.102587 0.666371 169.544556 -0.007281 0.114199 -0.007793 0.993401
36756.839384 29.394192 0.669993 170.798004 -0.006626 0.113813 -0.007923 0.993449
36756.939384 29.677208 0.673708 172.048904 -0.006364 0.113680 -0.008123 0.993464
36757.039384 29.968538 0.674625 173.310745 -0.006219 0.113275 -0.008519 0.993508
36757.239384 30.543919 0.670993 175.855835 -0.005155 0.112539 -0.010230 0.993581
36757.339384 30.830133 0.670822 177.132721 -0.004747 0.112081 -0.010814 0.993629
36757.439384 31.109421 0.659312 178.404205 -0.005098 0.111635 -0.011581 0.993669
36757.539384 31.393259 0.657210 179.686447 -0.005602 0.111149 -0.013273 0.993699
36757.639384 31.670441 0.665883 180.979355 -0.007627 0.110931 -0.013721 0.993704
36757.739384 31.956688 0.674555 182.271118 -0.009577 0.110495 -0.015211 0.993714
36757.839384 32.239372 0.694290 183.557358 -0.006877 0.109991 -0.017527 0.993754
36757.939384 32.510880 0.698560 184.831390 -0.005234 0.109312 -0.019871 0.993795
36758.139384 33.071255 0.700520 187.449539 -0.007813 0.108258 -0.020774 0.993875
36758.239384 33.344902 0.701424 188.746887 -0.008744 0.107860 -0.021416 0.993897
36758.339384 33.623550 0.704490 190.057922 -0.008350 0.107220 -0.021957 0.993958
36758.439384 33.901485 0.706648 191.363373 -0.009326 0.106628 -0.022124 0.994009
36758.539384 34.188179 0.717619 192.693527 -0.011090 0.106677 -0.019470 0.994041
36758.639384 34.468067 0.727639 193.999542 -0.012876 0.106909 -0.016599 0.994047
36758.739384 34.757195 0.745702 195.308533 -0.012446 0.106829 -0.014040 0.994100
36758.839384 35.038185 0.765922 196.612549 -0.010975 0.106733 -0.013285 0.994138
36758.939384 35.320549 0.772443 197.932648 -0.010181 0.106813 -0.011735 0.994158
36759.139384 35.886082 0.783473 200.555557 -0.006857 0.107159 -0.011947 0.994147
36759.239384 36.171516 0.775198 201.870743 -0.005526 0.106996 -0.011537 0.994177
36759.339384 36.452446 0.769831 203.195969 -0.006120 0.107075 -0.011542 0.994165
36759.439384 36.736469 0.770686 204.517944 -0.008013 0.107167 -0.011528 0.994142
36759.539384 37.013660 0.777186 205.833328 -0.009662 0.107272 -0.011287 0.994119
36759.639384 37.303989 0.784475 207.139664 -0.010409 0.107300 -0.010625 0.994115
36759.739384 37.586662 0.796054 208.458023 -0.010401 0.107383 -0.010366 0.994109
36759.839384 37.868668 0.805423 209.766602 -0.010277 0.107435 -0.009871 0.994110
36759.939384 38.155205 0.820990 211.079926 -0.010015 0.107288 -0.009896 0.994128
36760.039384 38.439468 0.828398 212.383118 -0.009542 0.107281 -0.010521 0.994127
36760.139384 38.716999 0.832243 213.678452 -0.009715 0.107265 -0.011239 0.994120
36760.339384 39.291531 0.847234 216.302490 -0.009722 0.106916 -0.012596 0.994141
36760.439384 39.572758 0.860301 217.618530 -0.010124 0.106732 -0.012677 0.994155
36760.539384 39.854225 0.870468 218.920410 -0.010598 0.106525 -0.012523 0.994175
36760.639384 40.132999 0.874227 220.208725 -0.010142 0.106247 -0.011789 0.994218
36761.039384 41.271561 0.933901 225.390747 -0.009055 0.104984 -0.011440 0.994367
36761.139384 41.539532 0.941565 226.673019 -0.009290 0.104945 -0.010873 0.994375
36761.239384 41.806572 0.948991 227.954025 -0.009535 0.104870 -0.010269 0.994387
36761.439384 42.346130 0.965194 230.521973 -0.009609 0.104785 -0.009491 0.994403
36761.539384 42.613167 0.970713 231.802567 -0.010030 0.104583 -0.010229 0.994413
36761.639384 42.879608 0.979072 233.083099 -0.010288 0.104571 -0.010250 0.994411
36761.739384 43.156315 0.994031 234.373917 -0.009376 0.104328 -0.010838 0.994440
36761.839384 43.412273 1.002744 235.650162 -0.008627 0.104421 -0.011692 0.994427
36762.039384 43.939571 1.015158 238.199280 -0.008587 0.103923 -0.014187 0.994447
36762.139384 44.199631 1.017394 239.466476 -0.008482 0.103526 -0.015230 0.994474
36762.239384 44.459133 1.018508 240.752411 -0.007897 0.103186 -0.016820 0.994489
36762.339384 44.717644 1.017639 242.032913 -0.007183 0.103079 -0.017852 0.994487
36762.439384 44.978226 1.007533 243.295609 -0.007404 0.102793 -0.016650 0.994536
36762.539384 45.248211 1.015601 244.571625 -0.009414 0.102943 -0.014204 0.994541
36762.639384 45.513458 1.030356 245.852371 -0.012051 0.103085 -0.014546 0.994493
36762.739384 45.775230 1.038241 247.099640 -0.012140 0.102984 -0.013375 0.994519
36762.839384 46.037464 1.044999 248.358841 -0.011087 0.103249 -0.013190 0.994506
36762.939384 46.304859 1.061109 249.619278 -0.010896 0.103514 -0.013243 0.994480
36763.139384 46.834900 1.093236 252.165848 -0.012921 0.103902 -0.011493 0.994437
36763.239384 47.106789 1.115593 253.429245 -0.012135 0.103948 -0.011203 0.994446
36763.339384 47.369251 1.119713 254.681213 -0.010634 0.103963 -0.010092 0.994473
36763.439384 47.634258 1.130935 255.938126 -0.009138 0.104189 -0.009427 0.994471
36763.539384 47.899887 1.137248 257.194458 -0.009185 0.104400 -0.009728 0.994445
36763.639384 48.156078 1.143781 258.442474 -0.009468 0.104603 -0.009900 0.994420
36763.739384 48.428169 1.156953 259.716034 -0.009416 0.104571 -0.010751 0.994415
36763.839384 48.688385 1.169055 260.985992 -0.009460 0.104850 -0.010606 0.994386
36763.939384 48.952354 1.176848 262.244690 -0.009892 0.105193 -0.009740 0.994355
36764.039384 49.220612 1.185029 263.497437 -0.009914 0.105366 -0.010461 0.994329
36764.239384 49.756618 1.204939 266.016693 -0.008392 0.105566 -0.010638 0.994320
36764.339384 50.022762 1.202740 267.270874 -0.008115 0.105830 -0.010507 0.994296
36764.439384 50.289734 1.213707 268.526001 -0.008857 0.106019 -0.010696 0.994267
36764.539384 50.566608 1.222377 269.791321 -0.010604 0.106351 -0.010066 0.994221
36764.639384 50.832298 1.233597 271.046661 -0.010486 0.106480 -0.010215 0.994207
36764.739384 51.111309 1.243192 272.313965 -0.008576 0.106420 -0.010303 0.994231
36764.839384 51.379486 1.250710 273.570099 -0.008497 0.106642 -0.011171 0.994198
36764.939384 51.664772 1.256513 274.831299 -0.008762 0.106484 -0.010762 0.994218
36765.139384 52.209461 1.261253 277.355743 -0.009672 0.106696 -0.010324 0.994191
36765.239384 52.483650 1.265640 278.618317 -0.009243 0.106729 -0.010229 0.994193
36765.339384 52.757969 1.276436 279.885712 -0.009167 0.106769 -0.009882 0.994193
36765.439384 53.026875 1.283565 281.143494 -0.009629 0.106886 -0.009751 0.994177
36765.539384 53.299290 1.298163 282.402924 -0.009593 0.106984 -0.009622 0.994168
36765.639384 53.574013 1.308086 283.658508 -0.009749 0.107124 -0.008415 0.994162
36765.739384 53.850594 1.324402 284.923340 -0.009573 0.107174 -0.008018 0.994162
36765.839384 54.130623 1.328506 286.176697 -0.008914 0.107070 -0.006940 0.994187
36765.939384 54.409023 1.328712 287.436554 -0.009055 0.107060 -0.005507 0.994196
36766.139384 54.944981 1.346643 289.957458 -0.010503 0.106983 -0.007265 0.994179
36766.239384 55.213993 1.355699 291.221008 -0.009300 0.106823 -0.008311 0.994200
36766.339384 55.483299 1.369458 292.476532 -0.008851 0.106926 -0.009341 0.994184
36766.439384 55.753704 1.378813 293.748688 -0.008718 0.106893 -0.010320 0.994179
36766.539384 56.027344 1.380345 295.005981 -0.007511 0.106723 -0.009351 0.994216
36766.639384 56.296173 1.381735 296.271301 -0.005850 0.106920 -0.009627 0.994204
36766.739384 56.565907 1.379731 297.523804 -0.006276 0.106926 -0.009687 0.994200
36766.839384 56.835918 1.383293 298.780975 -0.008659 0.107303 -0.010334 0.994135
36766.939384 57.103020 1.389027 300.033783 -0.009812 0.107703 -0.011462 0.994069
36767.039384 57.378029 1.400786 301.289307 -0.009885 0.108032 -0.011939 0.994027
36767.239384 57.922474 1.422012 303.798309 -0.010398 0.108712 -0.012601 0.993939
36767.339384 58.200954 1.431747 305.050781 -0.010280 0.108782 -0.011809 0.993942
36767.439384 58.480820 1.435392 306.300476 -0.010085 0.109003 -0.012719 0.993909
36767.539384 58.755924 1.444547 307.547180 -0.009692 0.109136 -0.012814 0.993897
36767.639384 59.038979 1.449139 308.797272 -0.009827 0.109267 -0.011961 0.993892
36767.739384 59.319721 1.457353 310.055847 -0.010554 0.109693 -0.010884 0.993850
36767.839384 59.602360 1.468837 311.309631 -0.010792 0.109990 -0.010045 0.993823
36767.939384 59.882717 1.485226 312.560455 -0.010232 0.110245 -0.009952 0.993802
36768.039384 60.162075 1.492852 313.806061 -0.009813 0.110518 -0.011022 0.993765
36768.139384 60.438442 1.491347 315.051514 -0.008176 0.110689 -0.011755 0.993752
36768.339384 60.991249 1.501833 317.546906 -0.009998 0.111527 -0.014446 0.993606
36768.439384 61.271397 1.509878 318.791962 -0.009786 0.112264 -0.015436 0.993510
36768.539384 61.546513 1.522200 320.037048 -0.009109 0.113055 -0.018412 0.993376
36768.639384 61.836369 1.525101 321.284546 -0.008823 0.113975 -0.018716 0.993268
36768.739384 62.133057 1.529552 322.524048 -0.010033 0.115004 -0.018557 0.993141
36768.839384 62.420998 1.538229 323.768646 -0.009958 0.116344 -0.019347 0.992971
36768.939384 62.713619 1.545485 325.009918 -0.009426 0.117584 -0.019175 0.992833
36769.039384 63.006535 1.556586 326.255524 -0.011217 0.118770 -0.019823 0.992661
36769.139384 63.309959 1.563930 327.487671 -0.013080 0.119979 -0.019268 0.992503
36769.239384 63.598450 1.573982 328.698395 -0.012505 0.120799 -0.020054 0.992396
36769.439384 64.195641 1.597075 331.165222 -0.011599 0.121628 -0.022944 0.992243
36769.539384 64.500465 1.611671 332.397125 -0.012517 0.121899 -0.020422 0.992253
36769.639384 64.806122 1.624314 333.624786 -0.013657 0.122992 -0.020536 0.992101
36769.739384 65.115509 1.638822 334.871094 -0.013763 0.123390 -0.020249 0.992056
36769.839384 65.424805 1.653434 336.098938 -0.013699 0.123811 -0.020457 0.992000
36769.939384 65.736389 1.660295 337.318848 -0.012555 0.124818 -0.020585 0.991887
36770.039384 66.062393 1.679539 338.562347 -0.012165 0.126325 -0.020119 0.991710
36770.139384 66.390091 1.691990 339.803589 -0.014214 0.128130 -0.018496 0.991483
36770.239384 66.726379 1.713112 341.046936 -0.015877 0.129955 -0.015456 0.991272
36770.339384 67.060738 1.733966 342.274780 -0.016409 0.131888 -0.013666 0.991035
36770.439384 67.393867 1.747735 343.510437 -0.015274 0.134119 -0.011801 0.990777
36770.539384 67.741676 1.770798 344.745789 -0.014565 0.135999 -0.012043 0.990529
36770.739384 68.448700 1.816571 347.210388 -0.013432 0.139951 -0.010811 0.990008
36770.839384 68.807831 1.839445 348.450256 -0.013234 0.142089 -0.010170 0.989713
36770.939384 69.174355 1.849561 349.677979 -0.013758 0.144095 -0.010327 0.989414
36771.339384 70.680382 1.920768 354.605377 -0.016296 0.150918 -0.010632 0.988355
36771.439384 71.070694 1.937247 355.838959 -0.018008 0.152293 -0.010597 0.988115
36771.539384 71.475288 1.967463 357.083557 -0.016068 0.153594 -0.010933 0.987943
36771.739384 72.260826 2.002416 359.523834 -0.012250 0.155874 -0.010205 0.987648
36771.839384 72.657234 2.016272 360.742737 -0.013354 0.157217 -0.009019 0.987433
36771.939384 73.073860 2.033038 361.979401 -0.013055 0.158233 -0.007129 0.987290
36772.039384 73.480537 2.047151 363.199615 -0.012832 0.159118 -0.006105 0.987157
36772.139384 73.878174 2.057567 364.412476 -0.012717 0.160394 -0.005965 0.986953
36772.239384 74.286346 2.073943 365.635712 -0.012927 0.161471 -0.005679 0.986776
36772.339384 74.692459 2.085910 366.852875 -0.013866 0.162500 -0.005619 0.986595
36772.439384 75.107140 2.101914 368.070709 -0.014851 0.163432 -0.005428 0.986428
36772.539384 75.524956 2.128434 369.287842 -0.015120 0.164353 -0.005578 0.986270
36772.639384 75.937912 2.147350 370.502350 -0.014811 0.165228 -0.006391 0.986124
36772.739384 76.358856 2.178306 371.724274 -0.014681 0.165754 -0.006789 0.986035
36772.839384 76.766479 2.189778 372.910889 -0.015439 0.166255 -0.006857 0.985938
36773.039384 77.613174 2.228325 375.324097 -0.013623 0.166414 -0.006640 0.985940
36773.139384 78.031204 2.248920 376.529785 -0.014472 0.166647 -0.005458 0.985895
36773.239384 78.452843 2.270320 377.739105 -0.014888 0.166743 -0.004268 0.985879
36773.339384 78.888733 2.293726 378.962982 -0.014280 0.166710 -0.003895 0.985895
36773.439384 79.298409 2.308418 380.160034 -0.014063 0.166870 -0.003860 0.985871
36773.539384 79.717590 2.323828 381.364563 -0.013926 0.166773 -0.004728 0.985886
36773.639384 80.133865 2.333807 382.568176 -0.013707 0.166705 -0.005375 0.985897
36773.739384 80.543541 2.353133 383.772766 -0.014105 0.166841 -0.005538 0.985867
36773.839384 80.969414 2.378249 384.984711 -0.014759 0.166769 -0.005850 0.985868
36773.939384 81.383347 2.397921 386.194336 -0.015047 0.166692 -0.006304 0.985874
36774.039384 81.802795 2.426461 387.410248 -0.014947 0.166789 -0.006356 0.985859
36774.139384 82.221107 2.445805 388.629059 -0.015120 0.166873 -0.006384 0.985842
36774.339384 83.039970 2.501176 391.049774 -0.016344 0.167503 -0.005004 0.985723
36774.439384 83.473396 2.526371 392.270325 -0.015100 0.167314 -0.006122 0.985769
36774.539384 83.888123 2.547081 393.484375 -0.011964 0.167118 -0.007996 0.985832
36774.639384 84.302940 2.564662 394.700256 -0.011671 0.167078 -0.009605 0.985828
36774.739384 84.717659 2.582901 395.928375 -0.013290 0.167337 -0.010330 0.985756
36774.839384 85.139389 2.596776 397.150360 -0.014600 0.167280 -0.010373 0.985747
36774.939384 85.572632 2.618977 398.383362 -0.014933 0.167066 -0.010404 0.985778
36775.039384 86.001686 2.636126 399.612793 -0.014176 0.166794 -0.010652 0.985832
36775.139384 86.419434 2.655721 400.830841 -0.013631 0.166815 -0.010870 0.985834
36775.239384 86.837677 2.672260 402.061249 -0.014286 0.166843 -0.010725 0.985822
36775.339384 87.265060 2.697245 403.285980 -0.015722 0.166786 -0.009394 0.985823
36775.439384 87.694801 2.710346 404.520599 -0.017289 0.166830 -0.008535 0.985797
36775.639384 88.552444 2.752401 406.975525 -0.014306 0.166339 -0.009205 0.985922
36775.739384 88.984741 2.772327 408.229828 -0.014705 0.166161 -0.009436 0.985944
36775.839384 89.407104 2.789954 409.458984 -0.015380 0.166087 -0.008283 0.985956
36775.939384 89.836075 2.811079 410.697632 -0.015204 0.166076 -0.007925 0.985964
36776.039384 90.272484 2.833026 411.932281 -0.014643 0.165804 -0.007926 0.986018
36776.139384 90.696007 2.847928 413.174896 -0.013959 0.165733 -0.007810 0.986041
36776.239384 91.121384 2.860401 414.405457 -0.014201 0.165555 -0.007357 0.986071
36776.339384 91.532959 2.872756 415.626892 -0.015045 0.165668 -0.007932 0.986035
36776.439384 91.970032 2.902915 416.875671 -0.014921 0.165495 -0.007664 0.986068
36776.539384 92.392899 2.925143 418.116608 -0.014918 0.165421 -0.008239 0.986076
36776.639384 92.809814 2.936602 419.332397 -0.014880 0.165253 -0.007715 0.986109
36776.739384 93.231537 2.962345 420.565765 -0.014172 0.165258 -0.008784 0.986110
36776.839384 93.651215 2.982956 421.778656 -0.013440 0.165068 -0.008930 0.986150
36776.939384 94.056206 2.989418 422.971832 -0.014939 0.165016 -0.008894 0.986138
36777.139384 94.880608 3.036995 425.401855 -0.016746 0.165183 -0.009442 0.986076
36777.239384 95.291481 3.059660 426.594971 -0.016872 0.165106 -0.009309 0.986088
36777.339384 95.704445 3.083566 427.791779 -0.018799 0.165136 -0.008520 0.986055
36777.439384 96.105812 3.100029 428.972839 -0.018968 0.165151 -0.008203 0.986052
36777.539384 96.521378 3.126872 430.158661 -0.017770 0.165300 -0.007144 0.986057
36777.639384 96.925690 3.148845 431.340637 -0.017240 0.165421 -0.006884 0.986048
36777.739384 97.331482 3.168161 432.510895 -0.015896 0.165750 -0.006736 0.986017
36777.839384 97.726875 3.189698 433.685516 -0.016633 0.166101 -0.006406 0.985948
36777.939384 98.140137 3.220886 434.884430 -0.017909 0.166520 -0.006335 0.985855
36778.039384 98.548355 3.238998 436.045441 -0.018471 0.166858 -0.005117 0.985795
36778.139384 98.958740 3.265391 437.215149 -0.018211 0.167140 -0.004236 0.985756
36778.239384 99.362801 3.281313 438.370483 -0.017908 0.167587 -0.002971 0.985690
36778.439384 100.159637 3.326938 440.652344 -0.017479 0.168327 -0.000512 0.985576
36778.539384 100.554863 3.343192 441.764099 -0.017492 0.168805 -0.000021 0.985494
36778.639384 100.918991 3.353147 442.830811 -0.017310 0.169613 0.000884 0.985358
36778.739384 101.309341 3.371706 443.923645 -0.016701 0.170721 0.001415 0.985177
36778.839384 101.697227 3.390376 444.993896 -0.016336 0.172162 0.003010 0.984929
36778.939384 102.083603 3.408528 446.052734 -0.016215 0.174010 0.004103 0.984602
36779.039384 102.469521 3.430854 447.094299 -0.015677 0.175952 0.004303 0.984265
36779.139384 102.855125 3.448149 448.119659 -0.015032 0.177989 0.004525 0.983907
36779.239384 103.241638 3.463361 449.131897 -0.014489 0.180079 0.005258 0.983531
36779.339384 103.630020 3.483158 450.147034 -0.013124 0.182349 0.004770 0.983135
36779.439384 104.012169 3.496504 451.126801 -0.013089 0.184713 0.005044 0.982692
36779.539384 104.402145 3.512532 452.111908 -0.014617 0.187018 0.004838 0.982236
36779.639384 104.796661 3.537919 453.095093 -0.015678 0.189758 0.004500 0.981695
36779.739384 105.190353 3.557483 454.053955 -0.015484 0.192334 0.003767 0.981200
36779.939384 105.999344 3.601471 455.963837 -0.016772 0.197788 0.004785 0.980090
36780.039384 106.409721 3.622295 456.913452 -0.017742 0.200522 0.005792 0.979511
36780.139384 106.811813 3.646170 457.842621 -0.016857 0.202792 0.005005 0.979064
36780.239384 107.232964 3.667417 458.779175 -0.014628 0.204555 0.008194 0.978712
36780.339384 107.657570 3.691141 459.720886 -0.013347 0.206569 0.009694 0.978293
36780.439384 108.088043 3.708756 460.671570 -0.011218 0.208724 0.008753 0.977871
36780.539384 108.514343 3.722624 461.614624 -0.006447 0.210066 0.007632 0.977636
36780.639384 108.949638 3.726521 462.570190 -0.004566 0.211287 0.007528 0.977385
36780.739384 109.394760 3.733300 463.540314 -0.005686 0.212749 0.007139 0.977064
36780.839384 109.837418 3.738553 464.515472 -0.007645 0.214301 0.005546 0.976722
36780.939384 110.291473 3.748170 465.486206 -0.009237 0.215406 0.004483 0.976471
36781.039384 110.746040 3.764487 466.474609 -0.010048 0.216460 0.001314 0.976239
36781.139384 111.211266 3.777614 467.472290 -0.008901 0.217261 0.000158 0.976073
36781.239384 111.671906 3.785433 468.456146 -0.008272 0.217881 -0.000654 0.975940
36781.339384 112.143707 3.794600 469.454376 -0.009828 0.218307 -0.002056 0.975829
36781.439384 112.614471 3.802973 470.471649 -0.011135 0.218309 -0.002684 0.975813
36781.639384 113.551926 3.817041 472.489716 -0.008294 0.217551 -0.005866 0.975996
36781.739384 114.017639 3.817518 473.497437 -0.008448 0.216661 -0.006799 0.976187
36782.039384 115.441269 3.852054 476.581238 -0.014570 0.212839 -0.005032 0.976966
36782.239384 116.377502 3.891104 478.680786 -0.015519 0.208306 -0.005418 0.977926
36782.339384 116.840897 3.911438 479.741669 -0.015500 0.206338 -0.004795 0.978346
36782.439384 117.301620 3.933602 480.814819 -0.015529 0.204084 -0.005931 0.978812
36782.539384 117.760574 3.958721 481.888489 -0.015453 0.201549 -0.005150 0.979343
36782.639384 118.209351 3.975030 482.944214 -0.015487 0.198723 -0.004365 0.979924
36782.739384 118.667831 3.995660 484.033569 -0.014654 0.196030 -0.004367 0.980479
36782.839384 119.116669 4.015742 485.116638 -0.014523 0.193616 -0.005150 0.980956
36783.039384 119.990448 4.043040 487.284790 -0.015285 0.191578 -0.008043 0.981326
36783.139384 120.428635 4.059813 488.376343 -0.015302 0.191017 -0.008839 0.981428
36783.239384 120.856728 4.076334 489.456482 -0.015888 0.190406 -0.009391 0.981532
36783.439384 121.723907 4.117369 491.635681 -0.016778 0.189384 -0.009757 0.981711
36783.539384 122.152145 4.137150 492.723694 -0.017272 0.188867 -0.010389 0.981796
36783.639384 122.591339 4.162311 493.820648 -0.016957 0.188172 -0.009604 0.981943
36783.739384 123.022774 4.185264 494.912079 -0.016799 0.187463 -0.008863 0.982088
36783.839384 123.452988 4.207140 496.002258 -0.016880 0.186729 -0.008284 0.982231
36783.939384 123.881805 4.225212 497.095123 -0.016827 0.185898 -0.007742 0.982394
36784.039384 124.312485 4.248819 498.191406 -0.016190 0.184933 -0.007550 0.982589
36784.139384 124.738213 4.266551 499.304047 -0.015609 0.184232 -0.007926 0.982727
36784.239384 125.162605 4.285703 500.406372 -0.015028 0.183328 -0.007411 0.982909
36784.339384 125.584953 4.303952 501.521179 -0.014614 0.182553 -0.007764 0.983057
36784.439384 126.008759 4.321556 502.630981 -0.014145 0.181759 -0.006912 0.983217
36784.539384 126.434395 4.341654 503.735016 -0.014822 0.180721 -0.006498 0.983401
36784.639384 126.853806 4.358597 504.838959 -0.016091 0.179779 -0.005379 0.983561
36784.739384 127.260735 4.378603 505.938568 -0.016294 0.179039 -0.005151 0.983694
36784.839384 127.674911 4.399106 507.036865 -0.015648 0.178058 -0.004572 0.983885
36784.939384 128.088989 4.420317 508.142975 -0.014936 0.177127 -0.003516 0.984069
36785.039384 128.491699 4.432680 509.228668 -0.014954 0.176267 -0.003285 0.984223
36785.239384 129.297134 4.475646 511.420776 -0.015980 0.173975 -0.001154 0.984620
36785.339384 129.689667 4.491677 512.496460 -0.016611 0.172912 -0.000203 0.984797
36785.439384 130.069946 4.508010 513.572632 -0.016158 0.171925 -0.000481 0.984977
36785.539384 130.453690 4.528545 514.644348 -0.014761 0.170888 -0.000628 0.985180
36785.639384 130.828812 4.544820 515.706787 -0.014957 0.170188 -0.000855 0.985298
36785.739384 131.200119 4.564381 516.777161 -0.015760 0.169815 -0.002211 0.985348
36785.839384 131.563187 4.575512 517.813843 -0.015879 0.169476 -0.003054 0.985402
36785.939384 131.925903 4.587269 518.837463 -0.015050 0.169125 -0.003125 0.985475
36786.139384 132.623734 4.619599 520.873047 -0.016047 0.168840 -0.007955 0.985481
36786.239384 132.972672 4.636476 521.880005 -0.017148 0.168377 -0.009125 0.985531
36786.339384 133.320099 4.658494 522.885193 -0.018579 0.168358 -0.010208 0.985498
36786.439384 133.648972 4.675462 523.857849 -0.019879 0.168200 -0.011865 0.985481
36786.539384 133.988876 4.698938 524.817566 -0.018338 0.167418 -0.011005 0.985654
36786.639384 134.315414 4.714689 525.760742 -0.015362 0.166829 -0.010479 0.985811
36786.739384 134.631470 4.722265 526.700439 -0.014165 0.166285 -0.012059 0.985902
36786.839384 134.943268 4.737674 527.651733 -0.016317 0.165905 -0.013676 0.985912
36786.939384 135.261353 4.751541 528.582520 -0.018899 0.165037 -0.012221 0.986031
36787.039384 135.578476 4.773703 529.509277 -0.020684 0.165020 -0.010753 0.986015
36787.139384 135.886215 4.800273 530.427856 -0.021819 0.165939 -0.012107 0.985820
36787.239384 136.197281 4.827419 531.342163 -0.021069 0.167186 -0.012316 0.985623
36787.339384 136.491455 4.851685 532.211487 -0.019974 0.168478 -0.011684 0.985434
