36880.901981 -0.000000 -0.000000 -0.000000 -0.000000 -0.000000 -0.000000 1.000000
36880.997676 -0.000000 -0.000000 -0.000000 -0.000000 -0.000000 -0.000000 1.000000
36881.096913 0.021426 -0.010903 1.003726 -0.000295 0.004715 0.000448 0.999989
36881.896287 0.372153 -0.031093 5.612082 -0.000363 0.049044 0.005677 0.998780
36882.101625 0.563798 -0.048252 6.878151 -0.000707 0.063391 0.008107 0.997956
36882.200756 0.667428 -0.048151 7.525468 -0.000785 0.070666 0.008658 0.997462
36882.400403 0.916325 -0.050907 8.836347 -0.003074 0.085635 0.009866 0.996273
36882.499410 1.055111 -0.053569 9.495807 -0.003220 0.093248 0.009091 0.995596
36882.598059 1.200451 -0.054573 10.150986 -0.002417 0.100906 0.007830 0.994862
36882.697594 1.363219 -0.057078 10.799289 0.000394 0.108464 0.007914 0.994069
36882.796967 1.541147 -0.063692 11.472055 0.004177 0.116225 0.008182 0.993181
36883.402439 2.947960 -0.106685 15.717827 0.003648 0.170994 0.009091 0.985223
36883.494853 3.222688 -0.121482 16.389910 0.002594 0.179842 0.009502 0.983646
36883.595252 3.541951 -0.121886 17.126760 0.002156 0.189460 0.009657 0.981839
36883.800173 4.242592 -0.138388 18.667751 0.002672 0.210345 0.009285 0.977579
36883.900205 4.622859 -0.144601 19.398193 0.003389 0.220537 0.009679 0.975325
36884.099519 5.423296 -0.168358 20.865814 0.004094 0.241021 0.009428 0.970465
36884.201397 5.858710 -0.172893 21.625124 0.003135 0.251645 0.008951 0.967773
36884.301396 6.323294 -0.174122 22.370636 0.001646 0.261600 0.007871 0.965143
36884.501387 7.310599 -0.179924 23.884182 0.001301 0.282447 0.005324 0.959267
36884.595894 7.820065 -0.181988 24.622025 0.002988 0.292378 0.004934 0.956285
36884.696938 8.360064 -0.192445 25.368330 0.004031 0.302762 0.004590 0.953047
36884.898783 9.551064 -0.211107 26.898443 0.004617 0.322252 0.004845 0.946630
36884.998494 10.180835 -0.227445 27.654110 0.005753 0.331637 0.005397 0.943374
36885.197154 11.491911 -0.257759 29.143330 0.008331 0.348590 0.007620 0.937207
36885.297521 12.182196 -0.273799 29.894066 0.008455 0.355956 0.009590 0.934415
36885.397523 12.869755 -0.284042 30.632393 0.007247 0.362899 0.011018 0.931735
36885.496577 13.571546 -0.296286 31.360924 0.005785 0.368709 0.011616 0.929455
36885.702676 15.062730 -0.313015 32.878159 0.004336 0.378223 0.012109 0.925625
36885.802437 15.797242 -0.325361 33.618004 0.004675 0.381847 0.012080 0.924135
36886.000228 17.300695 -0.338046 35.092812 0.006589 0.386969 0.011783 0.921994
36886.099628 18.063902 -0.350357 35.838036 0.007168 0.388677 0.012350 0.921264
36886.198633 18.835831 -0.364076 36.576168 0.008364 0.390436 0.013314 0.920496
36886.298454 19.622623 -0.378320 37.325851 0.010217 0.392405 0.014022 0.919629
36886.497320 21.193256 -0.424525 38.808064 0.012904 0.397357 0.014447 0.917460
36886.597586 22.012558 -0.441491 39.560753 0.013232 0.399638 0.015599 0.916445
36886.797238 23.634378 -0.501532 41.042824 0.013188 0.405082 0.016977 0.914028
36886.896059 24.457771 -0.526772 41.782928 0.013110 0.407729 0.017966 0.912832
36887.102169 26.220989 -0.567042 43.332069 0.012081 0.413159 0.019988 0.910360
36887.201109 27.082796 -0.575283 44.078014 0.011282 0.415646 0.020974 0.909215
36887.301509 27.941647 -0.587723 44.808044 0.009794 0.418055 0.022561 0.908089
36887.400574 28.807766 -0.596980 45.534859 0.008626 0.420267 0.022831 0.907072
36887.499615 29.676657 -0.605498 46.265930 0.008559 0.422532 0.023708 0.905997
36887.699461 31.438862 -0.611826 47.717934 0.010436 0.425748 0.025461 0.904423
36887.798549 32.329422 -0.619031 48.436405 0.010203 0.426966 0.026140 0.903832
36887.897951 33.223484 -0.622082 49.155930 0.009723 0.427794 0.027210 0.903414
36888.098640 35.002563 -0.649976 50.624672 0.009630 0.428573 0.027805 0.903028
36888.199127 35.896675 -0.660188 51.365215 0.009606 0.428742 0.027992 0.902942
36888.298444 36.804634 -0.664828 52.104179 0.009362 0.428899 0.027699 0.902879
36888.498608 38.621727 -0.681525 53.593212 0.010161 0.429196 0.026412 0.902768
36888.597669 39.522606 -0.697484 54.326469 0.010239 0.429365 0.026271 0.902691
36888.696681 40.445473 -0.701252 55.084381 0.009132 0.429623 0.025121 0.902613
36888.897580 42.320019 -0.703747 56.603909 0.009059 0.429811 0.023414 0.902570
36888.996856 43.241943 -0.704393 57.357269 0.008462 0.429862 0.022690 0.902570
36889.095927 44.164989 -0.710503 58.100056 0.007789 0.429835 0.022315 0.902598
36889.300377 46.072109 -0.719313 59.658562 0.006443 0.430211 0.020705 0.902468
36889.401496 47.038254 -0.723119 60.448326 0.006225 0.430280 0.019634 0.902461
36889.494854 47.939384 -0.721804 61.171082 0.005867 0.430338 0.018851 0.902452
36889.702500 49.946621 -0.725920 62.802734 0.004789 0.430398 0.017157 0.902464
36889.801906 50.929848 -0.726393 63.596130 0.005648 0.430353 0.015720 0.902506
36889.902443 51.903656 -0.737558 64.398445 0.006503 0.430619 0.014114 0.902400
36890.097464 53.819408 -0.748047 65.987358 0.005459 0.431360 0.013811 0.902058
36890.197568 54.819542 -0.755519 66.790436 0.005471 0.431624 0.013821 0.901931
36890.400666 56.853970 -0.778647 68.429474 0.006641 0.432008 0.014451 0.901730
36890.501416 57.849308 -0.787433 69.248428 0.006322 0.432554 0.014386 0.901471
36890.700431 59.836834 -0.817817 70.850189 0.006135 0.432514 0.015692 0.901470
36890.801882 60.862141 -0.830391 71.677124 0.006385 0.432389 0.016197 0.901519
36890.901500 61.875832 -0.835064 72.495758 0.006815 0.432240 0.016282 0.901586
36891.100844 63.908195 -0.842942 74.137535 0.007139 0.432142 0.017367 0.901610
36891.200299 64.915939 -0.860457 74.967430 0.007076 0.432415 0.018080 0.901466
36891.397495 67.064102 -0.842931 76.585236 0.008568 0.430744 0.017909 0.902256
36891.497984 68.084190 -0.856392 77.421265 0.008317 0.430868 0.017448 0.902208
36891.598400 69.140785 -0.868041 78.262253 0.008208 0.430297 0.017304 0.902484
36891.800578 71.285866 -0.907774 79.995636 0.007687 0.429838 0.017326 0.902707
36892.095672 74.377426 -0.972704 82.504608 0.008483 0.429132 0.018894 0.903004
36892.201213 75.481041 -0.985258 83.393661 0.008738 0.428816 0.019476 0.903140
36892.298376 76.496429 -1.009032 84.213127 0.008513 0.428614 0.019596 0.903235
36892.496083 78.580582 -1.026474 85.894745 0.007816 0.428258 0.019515 0.903412
36892.595625 79.600624 -1.043016 86.720192 0.007482 0.428053 0.019275 0.903517
36892.696432 80.625641 -1.044829 87.550018 0.007391 0.427738 0.018740 0.903678
36892.802645 81.671677 -1.054280 88.408737 0.006587 0.427622 0.018757 0.903739
36892.995597 83.590103 -1.072469 89.999283 0.006242 0.427612 0.017909 0.903764
36893.095078 84.568497 -1.081726 90.815475 0.006552 0.427643 0.017401 0.903756
36893.301001 86.574203 -1.111998 92.472946 0.007049 0.427730 0.015893 0.903740
36893.400264 87.534782 -1.132640 93.272415 0.006772 0.427753 0.015998 0.903729
36893.499398 88.507683 -1.151708 94.065346 0.006175 0.427584 0.016252 0.903808
36893.598511 89.477867 -1.163294 94.862427 0.005829 0.427701 0.016632 0.903748
36893.698027 90.445877 -1.177927 95.657608 0.005961 0.427790 0.016577 0.903706
36893.797511 91.407372 -1.190894 96.452652 0.006195 0.427880 0.016186 0.903669
36893.897856 92.372108 -1.193066 97.255760 0.006071 0.428028 0.015486 0.903613
36893.996682 93.340927 -1.203602 98.036087 0.005375 0.427862 0.015207 0.903700
36894.096108 94.300560 -1.213842 98.827637 0.004967 0.427888 0.015327 0.903688
36894.141684 94.693436 -1.212520 99.172729 0.005077 0.428095 0.014865 0.903597
