36915.036653 -0.000000 -0.000000 -0.000000 -0.000000 -0.000000 -0.000000 1.000000
36915.136233 -0.000000 -0.000000 -0.000000 -0.000000 -0.000000 -0.000000 1.000000
36915.235215 -0.007779 -0.008123 0.732519 -0.000321 -0.000003 -0.000016 1.000000
36915.637844 -0.011136 -0.027267 2.226017 0.000168 -0.000165 0.000098 1.000000
36915.736669 -0.011136 -0.027267 2.226017 0.000168 -0.000165 0.000098 1.000000
36915.835200 -0.016731 -0.036019 2.959983 0.000082 0.000185 -0.000137 1.000000
36915.933919 -0.016731 -0.036019 2.959983 0.000082 0.000185 -0.000137 1.000000
36916.039817 -0.024939 -0.049110 3.710812 0.000033 0.000338 -0.000289 1.000000
36916.138955 -0.024939 -0.049110 3.710812 0.000033 0.000338 -0.000289 1.000000
36916.338487 -0.022159 -0.061256 4.833303 -0.000877 0.000142 0.000090 1.000000
36916.437134 -0.022159 -0.061256 4.833303 -0.000877 0.000142 0.000090 1.000000
36916.536560 -0.042486 -0.076649 5.547086 -0.000207 0.000554 -0.000459 1.000000
36916.635118 -0.042486 -0.076649 5.547086 -0.000207 0.000554 -0.000459 1.000000
36916.733576 -0.043213 -0.085953 6.299421 0.000480 0.000421 -0.000073 1.000000
36916.839119 -0.044032 -0.091864 6.717412 0.001025 0.000436 -0.000355 0.999999
36916.938639 -0.049805 -0.089035 7.124279 0.001782 0.000618 -0.000691 0.999998
36917.335186 -0.066576 -0.121514 8.808875 0.001753 0.001143 -0.000530 0.999998
36917.433886 -0.064914 -0.126787 9.261486 0.001862 0.001437 -0.000419 0.999997
36917.533827 -0.061573 -0.135236 9.719195 0.001797 0.001301 -0.000570 0.999997
36917.739205 -0.059394 -0.148139 10.710851 0.001891 0.001783 -0.000326 0.999997
36917.838232 -0.057324 -0.153389 11.203349 0.002025 0.002008 -0.000484 0.999996
36917.938839 -0.050755 -0.160438 11.714074 0.001844 0.002250 -0.000128 0.999996
36918.037929 -0.051024 -0.162920 12.224007 0.002060 0.002793 -0.000338 0.999994
36918.237075 -0.053312 -0.187739 13.285414 0.003544 0.003527 -0.002240 0.999985
36918.336072 -0.031096 -0.189275 13.851689 0.003523 0.003584 -0.002645 0.999984
36918.435251 -0.020679 -0.196476 14.420866 0.002677 0.003928 -0.001881 0.999987
36918.634098 0.009894 -0.199155 15.584858 0.000111 0.004990 -0.001257 0.999987
36918.732922 0.022110 -0.206819 16.196173 -0.000728 0.005479 -0.001124 0.999984
36918.832863 0.021324 -0.214865 16.798203 -0.000370 0.006199 -0.001260 0.999980
36919.037977 0.039980 -0.222887 18.104172 0.001555 0.006783 -0.000747 0.999976
36919.137805 0.047407 -0.222532 18.760159 0.002061 0.007263 -0.000665 0.999971
36919.238831 0.060257 -0.230986 19.442518 0.000893 0.007596 0.000185 0.999971
36919.436890 0.074103 -0.250285 20.774706 -0.000619 0.008693 0.000266 0.999962
36919.535908 0.087563 -0.257416 21.455172 -0.000506 0.009154 -0.000105 0.999958
36919.634690 0.097898 -0.264492 22.138268 0.000127 0.009587 -0.000114 0.999954
36919.839198 0.129642 -0.279279 23.555449 0.000089 0.010560 0.000610 0.999944
36919.937993 0.146799 -0.289253 24.242548 0.000120 0.011084 0.000540 0.999938
36920.037127 0.161523 -0.298796 24.940531 0.000534 0.011831 0.000415 0.999930
36920.234933 0.206376 -0.304047 26.361099 0.000379 0.013511 0.000572 0.999909
36920.333654 0.229640 -0.308739 27.072865 -0.000796 0.014589 0.000587 0.999893
36920.439490 0.252514 -0.317577 27.848970 -0.002341 0.015732 0.000605 0.999873
36920.637813 0.307028 -0.326780 29.311682 -0.001430 0.018814 0.000718 0.999822
36920.736975 0.340369 -0.328978 30.063583 -0.000456 0.020475 0.000788 0.999790
36920.835916 0.384544 -0.334660 30.809090 -0.000444 0.022570 0.001296 0.999744
36920.934551 0.424952 -0.345694 31.556683 -0.000813 0.025005 0.001679 0.999686
36921.033433 0.466662 -0.348627 32.313507 -0.000713 0.027638 0.002001 0.999616
36921.233108 0.566067 -0.362912 33.850185 0.002533 0.032523 0.002069 0.999466
36921.333540 0.625050 -0.372880 34.640697 0.002851 0.035081 0.002056 0.999378
36921.433408 0.685355 -0.375496 35.424675 0.001884 0.037599 0.002206 0.999289
36921.632544 0.816293 -0.395701 37.011017 0.000281 0.042643 0.001588 0.999089
36921.732259 0.894079 -0.398457 37.828304 0.000882 0.044795 0.002085 0.998994
36921.939459 1.059905 -0.419317 39.499241 -0.000167 0.048707 0.002027 0.998811
36922.038702 1.141930 -0.426285 40.316811 0.001226 0.050452 0.000890 0.998725
36922.236256 1.316503 -0.445544 41.933727 0.004668 0.053006 -0.000085 0.998583
36922.335102 1.402602 -0.456073 42.754589 0.004062 0.054295 -0.000593 0.998517
36922.433918 1.497918 -0.467633 43.577137 0.002174 0.055181 -0.000729 0.998474
36922.539779 1.605815 -0.479721 44.463993 0.000300 0.056154 -0.000382 0.998422
36922.638776 1.685689 -0.484567 45.292557 -0.001114 0.057099 -0.000031 0.998368
36922.838143 1.878216 -0.490002 46.987011 -0.004298 0.058225 0.000377 0.998294
36922.937659 1.976254 -0.493719 47.832302 -0.005762 0.058280 0.000737 0.998283
36923.036403 2.068142 -0.492682 48.680092 -0.005570 0.058614 0.000426 0.998265
36923.234252 2.253375 -0.499704 50.376919 0.000145 0.058315 -0.000006 0.998298
36923.334251 2.345116 -0.510925 51.241776 0.003981 0.058084 -0.000693 0.998304
36923.540036 2.537247 -0.525347 53.039268 0.001909 0.057258 -0.002762 0.998354
36923.639432 2.641716 -0.543885 53.927555 -0.002868 0.056539 -0.004164 0.998388
36923.737978 2.731393 -0.540692 54.834824 -0.003297 0.056865 -0.002532 0.998373
36923.936104 2.926061 -0.569771 56.604580 0.004525 0.054865 -0.001543 0.998482
36924.035192 3.022659 -0.590175 57.483070 0.006082 0.053390 -0.001622 0.998554
36924.134990 3.109557 -0.595748 58.411495 0.004357 0.051655 -0.001671 0.998654
36924.333091 3.284343 -0.615342 60.241158 0.000532 0.048216 -0.002626 0.998833
36924.633636 3.510648 -0.630210 63.116844 0.000536 0.040246 -0.002280 0.999187
36924.737215 3.579564 -0.636937 64.114044 0.004389 0.036658 -0.000715 0.999318
36924.937233 3.702653 -0.670708 66.071983 0.002792 0.030235 -0.000714 0.999539
36925.036607 3.754460 -0.696957 67.052559 0.003203 0.027452 -0.001584 0.999617
36925.135265 3.796151 -0.705303 68.039406 0.005194 0.024562 0.000808 0.999685
36925.333231 3.882593 -0.735876 70.044029 0.003023 0.022222 0.003225 0.999743
36925.433035 3.926316 -0.748636 71.068222 0.001548 0.020811 0.004400 0.999773
36925.639149 4.015999 -0.772613 73.204079 0.003135 0.018098 0.009110 0.999790
36925.738980 4.056471 -0.793862 74.231903 0.004673 0.016864 0.011368 0.999782
36925.838084 4.082933 -0.811303 75.264587 0.005377 0.015826 0.010563 0.999805
36925.936975 4.111063 -0.834297 76.300537 0.004629 0.014516 0.009921 0.999835
36926.135870 4.153877 -0.867435 78.421829 0.004303 0.011346 0.008228 0.999893
36926.235130 4.167133 -0.882810 79.489647 0.004403 0.010243 0.005733 0.999921
36926.334016 4.177556 -0.907265 80.546379 0.004544 0.008947 0.004893 0.999938
36926.538763 4.198579 -0.952291 82.768074 0.004606 0.006348 0.003117 0.999964
36926.637291 4.201244 -0.973262 83.856094 0.004067 0.005126 0.001845 0.999977
36926.836708 4.190142 -1.007148 86.045288 0.003397 0.002799 -0.000936 0.999990
36926.935456 4.182144 -1.018441 87.151566 0.002604 0.002084 -0.002750 0.999991
36927.034181 4.178742 -1.045432 88.213440 0.002329 0.001810 -0.004194 0.999987
36927.235808 4.177199 -1.072230 90.454788 0.001555 0.001929 -0.004312 0.999988
36927.334939 4.178633 -1.084756 91.577087 0.001088 0.001996 -0.004539 0.999987
36927.436143 4.179061 -1.096822 92.719749 0.001216 0.001772 -0.004933 0.999986
36927.634847 4.183359 -1.123768 94.953354 0.001543 0.001157 -0.005262 0.999984
36927.734013 4.176682 -1.134871 96.080872 0.001543 0.000964 -0.006228 0.999979
36927.833598 4.165771 -1.145067 97.218407 0.000475 0.000565 -0.007673 0.999970
36928.034102 4.156146 -1.171030 99.504875 0.001146 -0.000507 -0.007078 0.999974
36928.134126 4.151285 -1.188428 100.655922 0.001770 -0.001047 -0.006839 0.999974
36928.234012 4.148447 -1.196264 101.789253 0.001277 -0.001495 -0.006375 0.999978
36928.336178 4.141568 -1.212246 102.967751 0.000442 -0.001852 -0.005739 0.999982
36928.435836 4.135314 -1.222417 104.127853 0.000266 -0.002021 -0.005343 0.999984
36928.535762 4.128241 -1.237557 105.269600 0.000704 -0.002164 -0.004854 0.999986
36928.635287 4.124683 -1.251651 106.418076 0.001415 -0.002495 -0.004648 0.999985
36928.735028 4.115590 -1.267620 107.553658 0.001717 -0.002458 -0.004763 0.999984
36928.834209 4.106230 -1.283191 108.667313 0.001816 -0.002219 -0.004783 0.999984
36928.933239 4.098845 -1.301092 109.795006 0.001976 -0.001946 -0.005010 0.999984
36929.036426 4.089763 -1.320803 110.959396 0.001954 -0.001668 -0.005026 0.999984
36929.134191 4.078652 -1.333980 112.058197 0.001061 -0.001219 -0.004876 0.999987
36929.192257 4.086005 -1.349758 112.696953 0.000361 -0.001459 -0.004504 0.999989
36929.192257 4.300362 -0.496659 114.804306 -0.004220 0.019523 -0.008687 0.999763
36929.371070 4.074522 -1.371767 114.706017 0.000198 -0.001055 -0.004337 0.999990
36929.471673 4.070704 -1.390077 115.832268 -0.000318 -0.000961 -0.003330 0.999994
36929.572989 4.061780 -1.399819 116.959663 -0.000987 -0.000710 -0.003400 0.999994
36929.674243 4.060343 -1.414578 118.097992 -0.000957 -0.000571 -0.002807 0.999996
36929.774492 4.050694 -1.425980 119.189560 0.000127 -0.000469 -0.002490 0.999997
36929.875088 4.051332 -1.439385 120.312660 0.001230 -0.000600 -0.001935 0.999997
36929.974178 4.048254 -1.455150 121.417717 0.001288 -0.000517 -0.001387 0.999998
36930.073918 4.051536 -1.475570 122.521835 0.001321 -0.000658 -0.000409 0.999999
36930.174265 4.049150 -1.499444 123.633743 0.001351 -0.000706 0.000157 0.999999
36930.275289 4.049400 -1.516629 124.744141 0.000970 -0.000777 0.000754 0.999999
36930.374280 4.047573 -1.533659 125.834991 0.000538 -0.000801 0.000750 0.999999
36930.471144 4.044980 -1.553861 126.904243 0.000282 -0.000816 0.000548 0.999999
36930.571004 4.041493 -1.565741 128.003159 0.000123 -0.000955 -0.000731 0.999999
36930.670513 4.037044 -1.589985 129.080811 0.000060 -0.001072 -0.000367 0.999999
36930.770660 4.039885 -1.610062 130.169327 0.001397 -0.001039 0.000632 0.999998
36930.869246 4.039302 -1.626460 131.244263 0.001535 -0.000831 0.000414 0.999998
36930.970216 4.032159 -1.634582 132.355377 0.000384 -0.000554 0.000567 1.000000
36931.071824 4.025589 -1.646696 133.470322 -0.000018 -0.000527 0.000588 1.000000
36931.172062 4.018456 -1.663341 134.558258 0.000409 -0.000189 0.000509 1.000000
36931.272233 4.011836 -1.677125 135.637619 0.001906 -0.000127 -0.000351 0.999998
36931.371113 4.003977 -1.690507 136.713959 0.002196 -0.000052 -0.000868 0.999997
36931.469930 3.997246 -1.703274 137.794266 0.000575 -0.000005 -0.001556 0.999999
36931.569819 3.992499 -1.715699 138.894211 -0.000353 -0.000157 -0.001333 0.999999
36931.676191 3.986404 -1.721072 140.070145 0.001025 -0.000163 -0.002219 0.999997
36931.770945 3.980523 -1.739941 141.131378 0.002629 -0.000273 -0.002395 0.999994
36931.871045 3.977494 -1.751797 142.254471 0.003831 -0.000687 -0.002407 0.999990
36931.970807 3.977955 -1.764943 143.378113 0.002683 -0.000685 -0.002420 0.999993
36932.072456 3.973061 -1.782203 144.537704 0.002859 -0.000978 -0.002326 0.999993
36932.171994 3.965610 -1.797274 145.681702 0.002961 -0.000970 -0.002010 0.999993
36932.270676 3.960736 -1.814892 146.829498 0.002529 -0.001312 -0.002136 0.999994
36932.370766 3.954310 -1.824771 148.015289 0.002617 -0.001404 -0.002598 0.999992
36932.470272 3.950169 -1.842700 149.188065 0.002819 -0.001675 -0.002964 0.999990
36932.570508 3.943175 -1.849913 150.378555 0.002022 -0.001821 -0.002559 0.999993
36932.672179 3.934605 -1.866917 151.588028 0.000980 -0.001807 -0.003032 0.999993
36932.771476 3.924847 -1.886331 152.767319 0.000945 -0.001943 -0.003412 0.999992
36932.871201 3.921425 -1.905079 153.952118 0.001724 -0.002247 -0.003868 0.999988
36932.971245 3.912853 -1.921256 155.137207 0.003024 -0.002642 -0.004538 0.999982
36933.070945 3.899538 -1.942409 156.334930 0.003588 -0.002892 -0.004905 0.999977
36933.170926 3.891562 -1.960434 157.530441 0.003445 -0.003193 -0.005124 0.999976
36933.272275 3.879503 -1.980283 158.748962 0.003048 -0.003817 -0.004795 0.999977
36933.372174 3.862123 -1.996889 159.956268 0.003059 -0.004644 -0.004894 0.999973
36933.472090 3.845023 -2.016854 161.168106 0.003326 -0.005847 -0.004741 0.999966
36933.571010 3.821393 -2.033070 162.364426 0.004165 -0.007013 -0.005935 0.999949
36933.672138 3.790000 -2.053461 163.591370 0.004933 -0.008062 -0.007910 0.999924
36933.772809 3.759724 -2.075450 164.831467 0.004116 -0.009308 -0.009176 0.999906
36933.871489 3.723782 -2.090561 166.038513 0.001694 -0.010281 -0.010489 0.999891
36933.971451 3.687161 -2.103462 167.282425 0.000446 -0.011150 -0.010686 0.999881
36934.072673 3.654712 -2.114708 168.540329 0.001742 -0.012011 -0.011429 0.999861
36934.172195 3.616024 -2.125134 169.772156 0.004466 -0.012518 -0.011906 0.999841
36934.272628 3.577362 -2.148584 171.020065 0.006498 -0.013089 -0.011753 0.999824
36934.375671 3.555453 -2.180878 172.327179 0.007125 -0.013506 -0.012058 0.999811
36934.576135 3.459048 -2.209374 174.882141 0.003817 -0.013734 -0.013554 0.999807
36934.675892 3.422205 -2.221601 176.196121 0.006121 -0.013779 -0.014361 0.999783
36934.769476 3.383415 -2.242691 177.448013 0.006387 -0.013830 -0.014237 0.999783
36934.871123 3.342552 -2.265615 178.819824 0.005274 -0.014198 -0.012998 0.999801
36935.073158 3.253093 -2.298516 181.580734 0.003201 -0.014381 -0.011782 0.999822
36935.172039 3.210285 -2.313115 182.948669 0.002098 -0.014601 -0.012351 0.999815
36935.273046 3.168845 -2.319008 184.367279 0.002320 -0.014923 -0.012251 0.999811
36935.373560 3.132850 -2.334105 185.785950 0.002951 -0.015323 -0.011570 0.999811
36935.575524 3.038579 -2.377375 188.630951 0.001956 -0.016224 -0.008483 0.999831
36935.674534 2.987066 -2.397240 190.033325 0.002310 -0.016810 -0.008583 0.999819
36935.773944 2.934731 -2.422164 191.446106 0.002886 -0.017978 -0.009206 0.999792
36935.973193 2.795874 -2.458932 194.311630 0.001703 -0.019799 -0.012684 0.999722
36936.072502 2.727973 -2.473353 195.743820 0.001498 -0.020854 -0.013951 0.999684
36936.172006 2.657147 -2.496200 197.178207 0.001865 -0.022078 -0.013719 0.999660
36936.272130 2.581383 -2.521234 198.613983 0.001599 -0.023375 -0.013811 0.999630
36936.470282 2.436805 -2.573817 201.451096 0.000481 -0.026145 -0.009441 0.999613
36936.572937 2.358462 -2.596575 202.918823 0.000806 -0.027806 -0.008114 0.999580
36936.673197 2.273231 -2.623610 204.330399 0.000947 -0.029259 -0.007792 0.999541
36936.773156 2.168128 -2.639006 205.752182 0.000206 -0.030232 -0.008233 0.999509
36936.873013 2.071486 -2.656589 207.168335 -0.000602 -0.031524 -0.008887 0.999463
36937.073085 1.861640 -2.691242 210.009186 -0.000240 -0.033750 -0.008743 0.999392
36937.172282 1.758783 -2.702033 211.427048 -0.000398 -0.034533 -0.008295 0.999369
36937.273063 1.652003 -2.723501 212.855545 -0.000473 -0.035088 -0.008151 0.999351
36937.473524 1.448851 -2.756893 215.714523 -0.000821 -0.036092 -0.006062 0.999330
36937.572110 1.342948 -2.772392 217.132278 -0.000522 -0.036317 -0.005019 0.999328
36937.770611 1.126806 -2.795531 219.969803 0.000354 -0.036581 -0.004641 0.999320
36937.870000 1.012192 -2.810067 221.385010 0.000626 -0.036820 -0.007709 0.999292
36937.969873 0.896342 -2.817914 222.838501 -0.000073 -0.037100 -0.011284 0.999248
36938.170972 0.666001 -2.836699 225.752899 -0.000550 -0.036339 -0.015191 0.999224
36938.269945 0.552628 -2.852047 227.191696 -0.000055 -0.035778 -0.016359 0.999226
36938.376242 0.446377 -2.870087 228.718155 0.000575 -0.034884 -0.017405 0.999240
36938.575112 0.245333 -2.918568 231.617981 0.002197 -0.031385 -0.020839 0.999288
36938.674642 0.148827 -2.939638 233.052780 0.001888 -0.029193 -0.021083 0.999350
36938.774461 0.079257 -2.959695 234.515762 -0.001572 -0.027182 -0.019754 0.999434
36938.874184 0.004070 -2.971197 235.961060 -0.003389 -0.024903 -0.017071 0.999538
36939.072721 -0.130547 -3.007024 238.814590 -0.001576 -0.020737 -0.011970 0.999712
36939.172068 -0.196352 -3.017191 240.261551 -0.000674 -0.019152 -0.011967 0.999745
36939.271486 -0.250032 -3.037019 241.672134 -0.000840 -0.017876 -0.011976 0.999768
36939.371867 -0.314113 -3.048362 243.097412 -0.001727 -0.016521 -0.012699 0.999781
36939.571447 -0.398108 -3.066433 245.933334 -0.002989 -0.014124 -0.011821 0.999826
36939.670561 -0.432020 -3.077886 247.330780 -0.003525 -0.012945 -0.009861 0.999861
36939.770908 -0.456754 -3.080557 248.751114 -0.004956 -0.011925 -0.006652 0.999895
36939.871881 -0.480242 -3.083562 250.151520 -0.005158 -0.010897 -0.006171 0.999908
36940.071471 -0.529432 -3.105070 252.872528 -0.004974 -0.008858 -0.006723 0.999926
36940.172279 -0.555807 -3.117101 254.240753 -0.003580 -0.007797 -0.007647 0.999934
36940.370707 -0.585976 -3.151084 256.863586 -0.001630 -0.006103 -0.008371 0.999945
36940.470442 -0.597389 -3.172000 258.196106 -0.001279 -0.005087 -0.008237 0.999952
36940.570956 -0.614333 -3.185331 259.526001 -0.000036 -0.003893 -0.009053 0.999951
36940.670212 -0.630594 -3.201694 260.827362 0.000835 -0.002854 -0.009161 0.999954
36940.876013 -0.653355 -3.232943 263.525299 0.000671 -0.000532 -0.011538 0.999933
36940.975194 -0.653381 -3.239608 264.842590 0.000369 0.000382 -0.012784 0.999918
36941.075567 -0.657416 -3.241961 266.153076 0.000480 0.001454 -0.013060 0.999914
36941.176102 -0.653208 -3.262729 267.453094 -0.000578 0.002552 -0.012615 0.999917
36941.373615 -0.637717 -3.287748 270.039673 0.002850 0.004480 -0.012735 0.999905
36941.472266 -0.630152 -3.307764 271.307373 0.004566 0.005378 -0.012607 0.999896
36941.572810 -0.610594 -3.340886 272.612732 0.002232 0.006548 -0.012255 0.999901
36941.772944 -0.573572 -3.374277 275.175110 -0.002976 0.009051 -0.010856 0.999896
36941.872902 -0.551009 -3.379352 276.463165 -0.004010 0.010211 -0.010609 0.999884
36941.971638 -0.527067 -3.381897 277.738312 -0.003960 0.011245 -0.009976 0.999879
36942.170941 -0.459880 -3.388755 280.312500 -0.001187 0.013421 -0.009378 0.999865
36942.270278 -0.426541 -3.404879 281.610748 -0.000256 0.014647 -0.008629 0.999855
36942.376681 -0.378230 -3.417189 282.972931 0.000639 0.016056 -0.008176 0.999838
36942.476114 -0.333985 -3.442606 284.247040 0.000820 0.017628 -0.007792 0.999814
36942.674003 -0.230344 -3.484999 286.779968 0.001564 0.020498 -0.007827 0.999758
36942.773106 -0.177783 -3.500229 288.067535 0.001548 0.022270 -0.007903 0.999720
36942.871941 -0.120057 -3.519269 289.343811 0.001360 0.023850 -0.007173 0.999689
36943.069971 0.025044 -3.567588 291.897552 0.000888 0.026765 -0.006208 0.999622
36943.176200 0.104938 -3.591861 293.248657 0.001055 0.028170 -0.005905 0.999585
36943.276073 0.187533 -3.618587 294.528229 0.001489 0.029465 -0.004664 0.999554
36943.473963 0.360068 -3.657512 297.055084 0.002265 0.031840 -0.004492 0.999480
36943.572994 0.445912 -3.676646 298.325714 0.001912 0.033201 -0.004405 0.999437
36943.671909 0.527712 -3.699491 299.592560 0.000358 0.034627 -0.005248 0.999386
36944.074973 0.889739 -3.783872 304.689850 -0.001676 0.039706 -0.006079 0.999192
36944.174049 0.991282 -3.798277 305.939392 -0.001099 0.040719 -0.006253 0.999150
36944.372113 1.214042 -3.819277 308.460144 -0.001110 0.043154 -0.004904 0.999056
36944.472218 1.326190 -3.829440 309.743378 -0.001913 0.044756 -0.004628 0.998985
36944.571222 1.440116 -3.838075 310.996185 -0.003238 0.046048 -0.005409 0.998919
36944.670633 1.559942 -3.846245 312.248932 -0.003430 0.047326 -0.006309 0.998854
36944.869963 1.808448 -3.853575 314.768951 -0.000802 0.049977 -0.007860 0.998719
36944.975882 1.946022 -3.865141 316.118103 -0.000493 0.051339 -0.007150 0.998656
36945.076216 2.078939 -3.878958 317.397980 -0.000518 0.052872 -0.007111 0.998576
36945.275072 2.364152 -3.927716 319.961151 0.002307 0.055645 -0.006199 0.998429
36945.374769 2.517230 -3.954233 321.239166 0.003629 0.057065 -0.005322 0.998350
36945.574258 2.820749 -4.005739 323.802368 0.002750 0.060162 -0.005874 0.998168
36945.673186 2.978684 -4.032538 325.077698 0.003260 0.061755 -0.006139 0.998067
36945.772287 3.146073 -4.055920 326.369141 0.004178 0.063305 -0.006099 0.997967
36945.871827 3.305028 -4.078697 327.669495 0.002918 0.065012 -0.005753 0.997864
36946.069509 3.671186 -4.127187 330.257965 0.002898 0.067785 -0.005225 0.997682
36946.169455 3.855678 -4.154093 331.548035 0.001157 0.069412 -0.003107 0.997583
36946.369978 4.236119 -4.182516 334.173157 -0.002471 0.072555 -0.002261 0.997359
36946.476115 4.437529 -4.193923 335.546143 -0.001812 0.073830 -0.002780 0.997265
36946.575405 4.629344 -4.200239 336.839081 -0.002609 0.075211 -0.003298 0.997159
36946.775749 5.034371 -4.224864 339.418335 -0.004772 0.077483 -0.003205 0.996977
36946.875443 5.244801 -4.230384 340.712280 -0.006458 0.078461 -0.002381 0.996893
36946.974095 5.449549 -4.228048 341.985046 -0.007892 0.079233 -0.001563 0.996824
36947.173030 5.860046 -4.213711 344.537720 -0.011043 0.080061 -0.001735 0.996727
36947.271938 6.065892 -4.198024 345.811035 -0.011631 0.080333 -0.002078 0.996698
36947.470445 6.484882 -4.154707 348.406219 -0.012515 0.080435 -0.003330 0.996676
36947.571116 6.697406 -4.134832 349.721008 -0.013278 0.080321 -0.004526 0.996670
36947.671977 6.903031 -4.111570 351.033417 -0.013479 0.080612 -0.006313 0.996634
36947.876133 7.302761 -4.061522 353.658875 -0.016612 0.081032 -0.010835 0.996514
36947.976253 7.498717 -4.029782 354.957611 -0.017464 0.081599 -0.013534 0.996420
36948.176213 7.921690 -3.985240 357.539886 -0.017189 0.083081 -0.015692 0.996271
36948.276055 8.141542 -3.950678 358.842621 -0.018116 0.083924 -0.017045 0.996162
36948.375408 8.359684 -3.917270 360.163086 -0.020041 0.084821 -0.018437 0.996024
36948.574917 8.797313 -3.839381 362.757111 -0.023732 0.086984 -0.021477 0.995695
36948.673865 9.019440 -3.794663 364.038727 -0.025424 0.087883 -0.022403 0.995554
36948.873021 9.475910 -3.692317 366.630188 -0.027658 0.089651 -0.022238 0.995341
36948.975252 9.715599 -3.639218 367.978973 -0.028999 0.090766 -0.021933 0.995208
36949.176082 10.183597 -3.532418 370.531128 -0.030782 0.092116 -0.021639 0.995037
36949.276190 10.421026 -3.471953 371.852020 -0.031335 0.092816 -0.022764 0.994930
36949.375059 10.656160 -3.417691 373.156219 -0.031455 0.093263 -0.024236 0.994849
36949.574031 11.118991 -3.288073 375.732056 -0.033598 0.093978 -0.025729 0.994675
36949.673171 11.363969 -3.224901 377.010925 -0.034330 0.093978 -0.026266 0.994635
36949.774080 11.614026 -3.159137 378.321930 -0.034678 0.093885 -0.026668 0.994622
36949.974037 12.106168 -3.048314 380.900574 -0.034856 0.093830 -0.027415 0.994600
36950.073270 12.338192 -2.986113 382.169617 -0.035113 0.093985 -0.027790 0.994566
36950.173953 12.582731 -2.922626 383.474030 -0.035494 0.093945 -0.028260 0.994543
36950.372230 13.054206 -2.800185 385.967072 -0.034633 0.093827 -0.028837 0.994568
36950.472067 13.290571 -2.737426 387.249695 -0.034304 0.093707 -0.029506 0.994571
36950.571122 13.521973 -2.665707 388.527313 -0.035573 0.093634 -0.031144 0.994483
36950.670512 13.760421 -2.597778 389.821686 -0.036291 0.093638 -0.032446 0.994416
36950.869875 14.236896 -2.481365 392.379944 -0.036379 0.092570 -0.034223 0.994453
36950.969231 14.476246 -2.419907 393.669922 -0.035398 0.091996 -0.034262 0.994540
36951.075875 14.723757 -2.358170 395.027496 -0.035006 0.091396 -0.035172 0.994578
36951.274508 15.153152 -2.212926 397.554047 -0.035349 0.090921 -0.037286 0.994532
36951.375152 15.371209 -2.147312 398.839600 -0.035946 0.090660 -0.037995 0.994507
36951.474555 15.599566 -2.088120 400.102722 -0.036747 0.089784 -0.037521 0.994576
36951.674198 16.036385 -1.941623 402.629395 -0.036126 0.088731 -0.036188 0.994742
36951.774241 16.259727 -1.863347 403.910797 -0.036310 0.088151 -0.035304 0.994819
36951.874258 16.476570 -1.796180 405.193390 -0.036905 0.087627 -0.035464 0.994838
36952.073519 16.928928 -1.641053 407.776703 -0.037407 0.085237 -0.035855 0.995013
36952.174007 17.148319 -1.561265 409.094269 -0.037207 0.083934 -0.037026 0.995088
36952.274171 17.373503 -1.490030 410.402191 -0.036842 0.082053 -0.037585 0.995237
36952.473981 17.795391 -1.346207 413.006744 -0.036230 0.078807 -0.037308 0.995533
36952.573983 18.006901 -1.272391 414.329681 -0.035911 0.076830 -0.036967 0.995711
36952.775042 18.398758 -1.120737 417.024689 -0.035594 0.072717 -0.037107 0.996026
36953.176153 19.013512 -0.857236 422.186859 -0.035590 0.066207 -0.038336 0.996434
36953.270206 19.178892 -0.793562 423.465576 -0.035623 0.064148 -0.037573 0.996596
36953.475238 19.494215 -0.639596 426.225708 -0.036367 0.060976 -0.036238 0.996818
36953.577176 19.646236 -0.561249 427.610229 -0.035373 0.059160 -0.035359 0.996995
36953.687244 19.805275 -0.471145 429.016052 -0.034226 0.057077 -0.035285 0.997159
36953.875539 20.078331 -0.326536 431.752594 -0.033492 0.052870 -0.035535 0.997407
36953.971262 20.200792 -0.262622 433.104675 -0.032542 0.051082 -0.035996 0.997515
