58051.158864 -0.000000 -0.000000 -0.000000 -0.000000 -0.000000 -0.000000 1.000000
58051.258864 0.006101 -0.008620 0.576111 -0.000102 0.000122 0.000231 1.000000
58051.358864 0.010170 -0.010306 1.160851 -0.000339 0.000226 0.000486 1.000000
58051.458864 0.011759 -0.017132 1.740848 -0.000803 0.000169 0.000505 1.000000
58051.558864 0.008442 -0.024273 2.326817 -0.000893 0.000262 0.000347 1.000000
58051.658864 0.010557 -0.028764 2.886287 -0.001298 0.000290 0.000699 0.999999
58051.758864 0.013031 -0.031324 3.497164 -0.001212 0.000049 0.000564 0.999999
58051.858864 0.016401 -0.038643 4.057957 -0.000114 -0.000135 0.000032 1.000000
58051.958864 0.006797 -0.051615 4.667468 -0.000032 -0.000446 0.000299 1.000000
58052.058864 0.000713 -0.053690 5.244793 -0.000388 -0.000716 -0.000590 1.000000
58052.158864 -0.005614 -0.059938 5.838511 -0.000662 -0.000981 -0.002252 0.999997
58052.258864 -0.014635 -0.064068 6.415548 -0.001092 -0.001425 -0.004190 0.999990
58052.358864 -0.017375 -0.069842 7.014895 -0.000201 -0.002131 -0.005550 0.999982
58052.458864 -0.035667 -0.079283 7.597122 0.000740 -0.002885 -0.008605 0.999959
58052.558864 -0.044806 -0.086862 8.170992 0.000621 -0.003279 -0.010029 0.999944
58052.658864 -0.043323 -0.086434 8.755108 -0.000755 -0.004170 -0.009231 0.999948
58052.758864 -0.051401 -0.096126 9.339440 -0.002572 -0.004133 -0.009879 0.999939
58052.858864 -0.056382 -0.098372 9.919240 -0.003813 -0.004169 -0.010446 0.999930
58052.958864 -0.068179 -0.097167 10.508613 -0.003652 -0.004029 -0.011746 0.999916
58053.058864 -0.069178 -0.097996 11.088782 -0.002422 -0.004286 -0.012032 0.999915
58053.158864 -0.069717 -0.099931 11.663610 -0.001421 -0.004141 -0.012200 0.999916
58053.258864 -0.070707 -0.096023 12.238677 -0.000587 -0.003830 -0.011176 0.999930
58053.358864 -0.075209 -0.117063 12.806540 -0.001048 -0.003246 -0.009391 0.999950
58053.458864 -0.067949 -0.118126 13.391177 -0.000718 -0.003107 -0.008404 0.999960
58053.558864 -0.081101 -0.127909 13.947584 0.000848 -0.001945 -0.008334 0.999963
58053.658864 -0.081578 -0.135284 14.508801 0.002903 -0.001601 -0.009278 0.999951
58053.758864 -0.091703 -0.149579 15.076589 0.002375 -0.001356 -0.010689 0.999939
58053.858864 -0.091939 -0.151496 15.638693 0.001484 -0.001175 -0.009607 0.999952
58053.958864 -0.086095 -0.157929 16.211395 0.000965 -0.001234 -0.007872 0.999968
58054.058864 -0.073885 -0.173517 16.769892 -0.001173 -0.001346 -0.005817 0.999982
58054.158864 -0.074898 -0.175769 17.328331 -0.000899 -0.000762 -0.004698 0.999988
58054.258864 -0.073732 -0.178848 17.877350 -0.000395 -0.000645 -0.004340 0.999990
58054.358864 -0.078945 -0.184828 18.434376 -0.000650 -0.000265 -0.005452 0.999985
58054.458864 -0.072527 -0.191672 18.985685 -0.001733 -0.000477 -0.005784 0.999982
58054.558864 -0.073142 -0.201518 19.546768 -0.002695 -0.000167 -0.005375 0.999982
58054.658864 -0.064431 -0.197311 20.095850 -0.002346 0.000620 -0.003666 0.999990
58054.758864 -0.057706 -0.203933 20.635181 0.000181 0.001977 -0.001769 0.999997
58054.858864 -0.044807 -0.230504 21.164526 0.003348 0.003524 -0.001272 0.999987
58054.958864 -0.034149 -0.235102 21.705359 0.003599 0.004997 -0.003713 0.999974
58055.058864 -0.035380 -0.229163 22.241306 0.002029 0.007724 -0.006110 0.999949
58055.158864 -0.025843 -0.229563 22.810804 0.000326 0.010327 -0.006497 0.999926
58055.258864 0.005483 -0.245334 23.350239 -0.002583 0.012551 -0.003792 0.999911
58055.358864 0.036691 -0.252866 23.885601 -0.002751 0.015574 -0.001609 0.999874
58055.458864 0.065802 -0.266985 24.421986 -0.000310 0.018745 -0.001003 0.999824
58055.558864 0.101541 -0.268938 24.937489 0.001447 0.021442 -0.001149 0.999768
58055.658864 0.130584 -0.270452 25.488302 0.000790 0.024215 -0.001287 0.999706
58055.758864 0.165833 -0.275230 26.032463 -0.000300 0.026544 -0.000223 0.999648
58055.858864 0.211867 -0.284629 26.567827 -0.001297 0.028823 0.002191 0.999581
58055.958864 0.249945 -0.290189 27.093027 -0.002383 0.031223 0.003681 0.999503
58056.058864 0.294711 -0.288945 27.622080 -0.003310 0.033013 0.004371 0.999440
58056.158864 0.343758 -0.296768 28.172878 -0.004380 0.033956 0.004898 0.999402
58056.258864 0.387635 -0.306408 28.691950 -0.004044 0.034751 0.006246 0.999368
58056.358864 0.431297 -0.315771 29.219074 -0.002014 0.035106 0.008779 0.999343
58056.458864 0.481347 -0.331304 29.712336 0.002052 0.035175 0.012136 0.999305
58056.558864 0.525200 -0.335410 30.242861 0.005729 0.034841 0.014509 0.999271
58056.658864 0.565469 -0.342378 30.766188 0.006980 0.033662 0.015276 0.999292
58056.758864 0.610886 -0.344224 31.276800 0.006696 0.031309 0.015365 0.999369
58056.858864 0.652891 -0.352632 31.794331 0.004924 0.028491 0.017723 0.999425
58056.958864 0.685664 -0.360662 32.325745 0.002041 0.025054 0.020081 0.999482
58057.058864 0.704201 -0.374492 32.837296 0.000872 0.021733 0.022075 0.999520
58057.158864 0.712282 -0.381298 33.363731 0.001271 0.017901 0.023001 0.999574
58057.258864 0.725504 -0.386775 33.879784 0.001593 0.013793 0.022953 0.999640
58057.358864 0.723702 -0.391139 34.394367 0.002067 0.010262 0.022781 0.999686
58057.458864 0.723850 -0.393356 34.924263 0.002945 0.006988 0.022682 0.999714
58057.558864 0.728781 -0.400162 35.451023 0.003244 0.004264 0.022401 0.999735
58057.658864 0.731748 -0.406492 35.980450 0.003415 0.001032 0.022417 0.999742
58057.758864 0.733254 -0.429678 36.502403 0.003387 -0.001674 0.022582 0.999738
58057.858864 0.727879 -0.431065 37.042553 0.004004 -0.004489 0.022534 0.999728
58057.958864 0.719141 -0.443092 37.590092 0.004077 -0.007144 0.022552 0.999712
58058.058864 0.713588 -0.450217 38.133686 0.004201 -0.009473 0.020772 0.999731
58058.158864 0.698801 -0.457067 38.660366 0.004403 -0.010904 0.018925 0.999752
58058.258864 0.684097 -0.470518 39.202774 0.004235 -0.012200 0.018603 0.999744
58058.358864 0.668633 -0.486118 39.750587 0.003910 -0.013137 0.018571 0.999734
58058.458864 0.647981 -0.500841 40.304344 0.003849 -0.014075 0.018198 0.999728
58058.558864 0.627983 -0.505886 40.845673 0.004291 -0.014548 0.016567 0.999748
58058.658864 0.611607 -0.519084 41.391422 0.004098 -0.015450 0.015302 0.999755
58058.758864 0.589066 -0.538788 41.947842 0.003962 -0.016138 0.014425 0.999758
58058.858864 0.571192 -0.541526 42.502499 0.004386 -0.017003 0.013925 0.999749
58058.958864 0.557244 -0.570157 43.073090 0.003940 -0.017655 0.013401 0.999747
58059.058864 0.531048 -0.572851 43.647552 0.003583 -0.018388 0.012499 0.999746
58059.158864 0.507437 -0.577437 44.220280 0.002332 -0.019150 0.011400 0.999749
58059.258864 0.491584 -0.573520 44.802094 0.000145 -0.020219 0.011711 0.999727
58059.358864 0.475928 -0.583498 45.375568 -0.003183 -0.020778 0.012506 0.999701
58059.458864 0.448342 -0.590088 45.953331 -0.005053 -0.021280 0.011940 0.999689
58059.558864 0.427536 -0.599510 46.534615 -0.006094 -0.021673 0.011181 0.999684
58059.658864 0.392910 -0.615271 47.109413 -0.006593 -0.022221 0.010965 0.999671
58059.758864 0.380394 -0.611371 47.699608 -0.005385 -0.023087 0.011188 0.999656
58059.858864 0.357605 -0.611458 48.275990 -0.004943 -0.023885 0.011902 0.999632
58059.958864 0.339432 -0.603529 48.880604 -0.004732 -0.024529 0.012390 0.999611
58060.058864 0.313174 -0.602773 49.472416 -0.005194 -0.025298 0.012088 0.999593
58060.158864 0.280891 -0.603968 50.067593 -0.005577 -0.025785 0.011271 0.999588
58060.258864 0.245027 -0.604567 50.665867 -0.005814 -0.025769 0.010345 0.999598
58060.358864 0.214467 -0.606660 51.266373 -0.006526 -0.025944 0.008763 0.999604
58060.458864 0.183983 -0.606236 51.867687 -0.007562 -0.026138 0.006281 0.999610
58060.558864 0.159301 -0.629164 52.485573 -0.008016 -0.026109 0.006744 0.999604
58060.658864 0.144853 -0.632617 53.090332 -0.006917 -0.025687 0.008046 0.999614
58060.758864 0.126131 -0.631211 53.707352 -0.005474 -0.024828 0.007674 0.999647
58060.858864 0.100822 -0.619692 54.313992 -0.003621 -0.023678 0.005183 0.999700
58060.958864 0.060913 -0.599826 54.927608 -0.003531 -0.022799 0.002748 0.999730
58061.058864 0.044841 -0.600343 55.549397 -0.005041 -0.023061 0.002914 0.999717
58061.158864 0.035092 -0.612382 56.172550 -0.006067 -0.022699 0.003573 0.999718
58061.258864 0.002997 -0.624608 56.752464 -0.006281 -0.021591 0.003235 0.999742
58061.358864 -0.025720 -0.628276 57.392647 -0.005620 -0.020594 0.001890 0.999770
58061.458864 -0.047871 -0.627490 58.008362 -0.004992 -0.020156 0.001669 0.999783
58061.558864 -0.069171 -0.625534 58.635799 -0.004115 -0.019117 0.001529 0.999808
58061.658864 -0.085026 -0.626746 59.253002 -0.003870 -0.018505 0.001601 0.999820
58061.758864 -0.105288 -0.615108 59.884052 -0.003595 -0.017403 0.001509 0.999841
58061.858864 -0.114124 -0.623617 60.516052 -0.004217 -0.016938 0.002534 0.999844
58061.958864 -0.131823 -0.618246 61.147480 -0.003868 -0.015774 0.003083 0.999863
58062.058864 -0.142774 -0.616459 61.773243 -0.003453 -0.014983 0.003672 0.999875
58062.158864 -0.146594 -0.621204 62.406246 -0.003286 -0.014084 0.004162 0.999887
58062.258864 -0.167140 -0.626058 63.041275 -0.003207 -0.013023 0.004021 0.999902
58062.358864 -0.166108 -0.627070 63.673035 -0.003233 -0.012666 0.004554 0.999904
58062.458864 -0.177245 -0.632389 64.313568 -0.003696 -0.011811 0.005502 0.999908
58062.558864 -0.186479 -0.640842 64.961609 -0.003295 -0.011092 0.004454 0.999923
58062.658864 -0.205826 -0.641421 65.602905 -0.002312 -0.010232 0.001908 0.999943
58062.758864 -0.216731 -0.635083 66.251968 -0.001775 -0.009876 -0.001284 0.999949
58062.858864 -0.232854 -0.636843 66.903786 -0.001337 -0.009637 -0.001313 0.999952
58062.958864 -0.234083 -0.640939 67.553612 -0.001353 -0.009735 0.000013 0.999952
58063.058864 -0.246614 -0.645887 68.209404 -0.000946 -0.009069 -0.001190 0.999958
58063.158864 -0.265836 -0.646879 68.858620 -0.000136 -0.008218 -0.003314 0.999961
58063.258864 -0.278434 -0.650719 69.508110 -0.000176 -0.008408 -0.004891 0.999953
58063.358864 -0.289315 -0.658601 70.163414 -0.000844 -0.008079 -0.004190 0.999958
58063.458864 -0.300304 -0.662454 70.810165 -0.000845 -0.007305 -0.003697 0.999966
58063.558864 -0.299941 -0.668289 71.473679 -0.000411 -0.007121 -0.003055 0.999970
58063.658864 -0.304990 -0.670515 72.136871 -0.000046 -0.006925 -0.002661 0.999972
58063.758864 -0.320332 -0.680068 72.798027 -0.000196 -0.006214 -0.003205 0.999976
58063.858864 -0.332912 -0.682909 73.460251 -0.000471 -0.005985 -0.004188 0.999973
58063.958864 -0.327432 -0.687134 74.143524 -0.000776 -0.005784 -0.003908 0.999975
58064.058864 -0.327662 -0.690789 74.818451 -0.000970 -0.005497 -0.003382 0.999979
58064.158864 -0.326597 -0.698579 75.495316 -0.001050 -0.005049 -0.003061 0.999982
58064.258864 -0.328635 -0.698329 76.170975 -0.001202 -0.004401 -0.002723 0.999986
58064.358864 -0.330385 -0.711055 76.847321 -0.001523 -0.003702 -0.002517 0.999989
58064.458864 -0.331299 -0.718194 77.526756 -0.002116 -0.003112 -0.002435 0.999990
58064.558864 -0.339676 -0.721218 78.197945 -0.002864 -0.002277 -0.002348 0.999991
58064.658864 -0.341333 -0.724555 78.888939 -0.003380 -0.001883 -0.001710 0.999991
58064.758864 -0.334736 -0.726437 79.570381 -0.004389 -0.001501 -0.001399 0.999988
58064.858864 -0.327651 -0.726957 80.265961 -0.004844 -0.001220 -0.001631 0.999986
58064.958864 -0.335543 -0.732462 80.946083 -0.004996 -0.000714 -0.003279 0.999982
58065.058864 -0.331766 -0.726902 81.623047 -0.004610 -0.000624 -0.004849 0.999977
58065.158864 -0.326997 -0.731603 82.294113 -0.004534 -0.000623 -0.005116 0.999976
58065.258864 -0.322272 -0.730275 82.978355 -0.003826 -0.000090 -0.005243 0.999979
58065.358864 -0.315039 -0.727324 83.646828 -0.003300 0.000036 -0.004788 0.999983
58065.463296 -0.320340 -0.739925 84.317001 -0.003090 0.000665 -0.004510 0.999985
58065.558864 -0.322864 -0.737397 84.978485 -0.002572 0.001260 -0.005149 0.999983
58065.658864 -0.322942 -0.732541 85.642830 -0.002581 0.001937 -0.006089 0.999976
58065.758864 -0.325251 -0.742405 86.295731 -0.003665 0.002295 -0.005852 0.999974
58065.858864 -0.310222 -0.745724 86.968941 -0.003887 0.002332 -0.004939 0.999978
58065.958864 -0.306020 -0.751079 87.622116 -0.004026 0.002874 -0.003850 0.999980
58066.058864 -0.291943 -0.753878 88.290573 -0.003482 0.003020 -0.002063 0.999987
58066.158864 -0.280124 -0.754367 88.948387 -0.003397 0.003274 -0.001008 0.999988
58066.258864 -0.278601 -0.756423 89.614716 -0.003759 0.004222 -0.000131 0.999984
58066.358864 -0.273816 -0.760838 90.257904 -0.004316 0.004719 0.000041 0.999980
58066.458864 -0.260765 -0.761194 90.926376 -0.004932 0.005057 0.001069 0.999975
58066.558864 -0.246415 -0.768249 91.573204 -0.004815 0.005149 0.002046 0.999973
58066.658864 -0.239895 -0.772083 92.224701 -0.004013 0.005831 0.003054 0.999970
58066.758864 -0.227932 -0.774828 92.863022 -0.003503 0.006194 0.003702 0.999968
58066.858864 -0.217836 -0.778216 93.513275 -0.002893 0.006689 0.004161 0.999965
58066.958864 -0.207415 -0.782563 94.153893 -0.002950 0.007126 0.004304 0.999961
58067.058864 -0.201436 -0.786268 94.793137 -0.003213 0.007628 0.004469 0.999956
58067.158864 -0.190508 -0.790372 95.426109 -0.003728 0.007832 0.005060 0.999950
58067.258864 -0.180314 -0.798395 96.049210 -0.004018 0.007573 0.006262 0.999944
58067.358864 -0.172893 -0.800697 96.681290 -0.004212 0.006227 0.007528 0.999943
58067.458864 -0.156036 -0.801659 97.329559 -0.003840 0.004463 0.009914 0.999934
58067.558864 -0.150597 -0.809785 97.956093 -0.002760 0.002966 0.011193 0.999929
58067.658864 -0.141173 -0.816250 98.584137 -0.001614 0.002137 0.011814 0.999927
58067.758864 -0.145492 -0.819724 99.197411 -0.001947 0.001482 0.010600 0.999941
58067.858864 -0.143609 -0.820554 99.835258 -0.002597 0.000487 0.011348 0.999932
58067.958864 -0.134954 -0.834731 100.448853 -0.003110 -0.000893 0.014942 0.999883
58068.058864 -0.123064 -0.835218 101.091339 -0.002692 -0.001701 0.017002 0.999850
58068.158864 -0.133629 -0.833962 101.697365 -0.001990 -0.001679 0.015468 0.999877
58068.258864 -0.134308 -0.832207 102.316124 -0.001766 -0.002196 0.013902 0.999899
58068.358864 -0.139078 -0.846628 102.927711 -0.002313 -0.002769 0.014148 0.999893
58068.458864 -0.136208 -0.850255 103.552757 -0.002643 -0.002274 0.014451 0.999889
58068.558864 -0.133123 -0.855840 104.152672 -0.003146 -0.000939 0.014707 0.999887
58068.658864 -0.126361 -0.858994 104.777100 -0.001781 0.001615 0.015120 0.999883
58068.758864 -0.113037 -0.863086 105.390846 -0.001993 0.004224 0.014825 0.999879
58068.858864 -0.096791 -0.865665 105.974564 -0.002566 0.008201 0.014219 0.999862
58068.958864 -0.073480 -0.866674 106.572281 -0.002473 0.012830 0.013913 0.999818
58069.058864 -0.037590 -0.869922 107.179176 -0.003382 0.017208 0.015254 0.999730
58069.158864 0.010940 -0.875925 107.789925 -0.004105 0.022026 0.017911 0.999589
58069.258864 0.059353 -0.876744 108.407936 -0.003491 0.027534 0.018615 0.999442
58069.358864 0.104747 -0.881593 108.982567 -0.003072 0.032777 0.018724 0.999283
58069.458864 0.165424 -0.885266 109.572746 -0.001743 0.037608 0.019573 0.999099
58069.558864 0.223344 -0.890112 110.160652 -0.001046 0.041717 0.019751 0.998934
58069.658864 0.292839 -0.899142 110.729439 0.000073 0.045639 0.020135 0.998755
58069.758864 0.361728 -0.900797 111.310684 0.000257 0.049363 0.021424 0.998551
58069.858864 0.435891 -0.912804 111.868866 -0.000789 0.053347 0.022250 0.998328
58069.958864 0.514103 -0.918669 112.441200 -0.002325 0.057216 0.023871 0.998074
58070.058864 0.597207 -0.924768 113.016396 -0.004242 0.060757 0.025380 0.997821
58070.158864 0.675703 -0.927311 113.585587 -0.005488 0.063617 0.027224 0.997588
58070.258864 0.769336 -0.926254 114.153748 -0.006706 0.065123 0.029048 0.997432
58070.358864 0.849827 -0.923381 114.712532 -0.007243 0.066333 0.030036 0.997319
58070.458864 0.935137 -0.921381 115.271233 -0.006912 0.066547 0.031646 0.997257
58070.558864 1.014521 -0.920470 115.816666 -0.006452 0.066294 0.034557 0.997181
58070.658864 1.087717 -0.911672 116.376434 -0.005955 0.065524 0.033285 0.997278
58070.758864 1.150068 -0.908471 116.911362 -0.005729 0.064000 0.033070 0.997385
58070.858864 1.220280 -0.906597 117.439034 -0.005915 0.061332 0.033902 0.997524
58070.958864 1.281090 -0.904931 117.971909 -0.006166 0.058253 0.035646 0.997646
58071.058864 1.336318 -0.909069 118.498055 -0.006389 0.054344 0.036606 0.997831
58071.158864 1.385733 -0.905998 119.033714 -0.006527 0.050873 0.036014 0.998034
58071.258864 1.421188 -0.907420 119.533325 -0.006236 0.047051 0.035014 0.998259
58071.358864 1.455036 -0.901843 120.045418 -0.005497 0.042253 0.035132 0.998474
58071.458864 1.488347 -0.902964 120.534630 -0.005191 0.037632 0.035081 0.998662
58071.558864 1.517991 -0.902106 121.038345 -0.005003 0.033075 0.034978 0.998828
58071.658864 1.537215 -0.904305 121.531616 -0.005295 0.028761 0.034982 0.998960
58071.758864 1.550060 -0.905444 122.016937 -0.005387 0.024028 0.034801 0.999091
58071.858864 1.563188 -0.915187 122.502838 -0.004888 0.019022 0.034946 0.999196
58071.958864 1.573130 -0.915394 122.980194 -0.004654 0.013999 0.034589 0.999293
58072.058864 1.567432 -0.908741 123.462326 -0.005202 0.009302 0.033899 0.999368
58072.158864 1.552470 -0.922605 123.902115 -0.005636 0.004597 0.033059 0.999427
58072.258864 1.542259 -0.928304 124.342941 -0.004610 -0.000730 0.032870 0.999449
58072.358864 1.527549 -0.940162 124.767075 -0.003973 -0.006309 0.032722 0.999437
58072.458864 1.515829 -0.936287 125.194275 -0.003925 -0.012305 0.032440 0.999390
58072.558864 1.482552 -0.940538 125.595055 -0.003507 -0.018568 0.031411 0.999328
58072.658864 1.427729 -0.944291 125.967979 -0.002105 -0.025159 0.030687 0.999210
58072.758864 1.377501 -0.957235 126.330345 -0.001100 -0.032199 0.029083 0.999058
58072.858864 1.324128 -0.962237 126.676270 -0.001114 -0.039775 0.027529 0.998829
58072.958864 1.284459 -0.948864 126.979652 -0.001029 -0.047892 0.027390 0.998476
58073.058864 1.215301 -0.974341 127.302330 -0.001099 -0.055819 0.027214 0.998069
58073.158864 1.165323 -0.958200 127.630554 0.000046 -0.064943 0.027449 0.997511
58073.258864 1.077880 -0.956874 127.869415 0.000553 -0.073866 0.026639 0.996912
58073.358864 1.088199 -0.929580 128.210617 0.001495 -0.084169 0.025921 0.996113
58073.458864 0.950554 -0.981423 128.430222 0.001378 -0.092516 0.026568 0.995356
58073.558864 0.862635 -0.990832 128.663879 0.001690 -0.102066 0.025404 0.994452
58073.658864 0.784018 -1.010994 128.838242 0.001244 -0.111207 0.024714 0.993489
58073.758864 0.686049 -1.012189 129.095047 0.001705 -0.119981 0.024106 0.992482
58073.858864 0.651428 -1.026173 129.244736 0.002081 -0.128987 0.023912 0.991356
58073.958864 0.587724 -1.038436 129.371124 0.002917 -0.137533 0.024050 0.990201
58074.058864 0.561944 -1.057792 129.483307 0.003234 -0.146713 0.024235 0.988877
58074.158864 0.439460 -1.061059 129.657135 0.003933 -0.154255 0.023348 0.987747
58074.258864 0.372041 -1.027096 129.877487 0.006282 -0.163621 0.023133 0.986232
58074.358864 0.365028 -1.024514 129.946854 0.007684 -0.173253 0.023436 0.984569
58074.458864 0.238003 -1.066453 129.994156 0.007750 -0.181072 0.023210 0.983165
58074.558864 0.168558 -1.075726 130.102570 0.007351 -0.190329 0.022935 0.981425
58074.658864 0.079772 -1.082213 130.206238 0.006936 -0.199537 0.022560 0.979606
58074.758864 -0.007448 -1.087215 130.318787 0.006859 -0.209031 0.022124 0.977635
58074.858864 -0.073895 -1.093247 130.377518 0.006835 -0.218659 0.021824 0.975533
58074.958864 -0.133989 -1.100100 130.476746 0.007171 -0.229081 0.021731 0.973138
58075.058864 -0.198930 -1.095471 130.555771 0.007795 -0.239164 0.021761 0.970704
58075.158864 -0.270345 -1.106601 130.624390 0.007746 -0.248573 0.021610 0.968341
58075.258864 -0.353370 -1.108404 130.688736 0.007828 -0.257616 0.021357 0.965980
58075.358864 -0.397084 -1.115625 130.753754 0.007621 -0.267581 0.022183 0.963250
58075.458864 -0.488676 -1.114400 130.852112 0.007865 -0.277283 0.023090 0.960479
58075.558864 -0.601016 -1.123802 130.945312 0.007728 -0.286306 0.022655 0.957839
58075.658864 -0.640469 -1.114198 130.972992 0.007233 -0.296896 0.023416 0.954595
58075.758864 -0.709325 -1.127238 131.017044 0.007544 -0.306998 0.022764 0.951408
58075.858864 -0.817692 -1.128383 131.107391 0.008999 -0.318168 0.020525 0.947770
58075.958864 -0.907215 -1.129328 131.147873 0.010408 -0.330969 0.017762 0.943417
58076.058864 -1.033701 -1.138694 131.221527 0.011241 -0.344674 0.015625 0.938525
58076.158864 -1.167252 -1.149407 131.305115 0.011725 -0.358306 0.016465 0.933385
58076.258864 -1.234741 -1.165974 131.353531 0.011413 -0.372604 0.020699 0.927689
58076.358864 -1.404604 -1.178315 131.467621 0.011027 -0.386591 0.024529 0.921859
58076.458864 -1.518135 -1.191109 131.547440 0.010639 -0.401875 0.026756 0.915242
58076.558864 -1.669975 -1.203277 131.620270 0.011063 -0.417537 0.026144 0.908216
58076.658864 -1.826847 -1.207001 131.690735 0.011633 -0.434212 0.026038 0.900359
58076.758864 -2.013107 -1.218847 131.756546 0.012524 -0.450595 0.024118 0.892315
58076.858864 -2.200539 -1.237475 131.818649 0.013137 -0.467595 0.023910 0.883522
58076.958864 -2.390923 -1.253396 131.894577 0.012325 -0.485507 0.025935 0.873761
58077.058864 -2.594143 -1.268474 131.951859 0.012518 -0.503423 0.026991 0.863528
58077.158864 -2.804050 -1.283449 131.994293 0.013694 -0.520750 0.029010 0.853106
58077.258864 -3.045891 -1.287068 132.051025 0.014592 -0.541194 0.027567 0.840319
58077.358864 -3.327690 -1.291198 132.101059 0.014921 -0.559659 0.023040 0.828268
58077.458864 -3.589912 -1.308061 132.128113 0.015486 -0.578292 0.019969 0.815438
58077.558864 -3.863724 -1.323904 132.139267 0.016138 -0.596673 0.017947 0.802122
58077.658864 -4.150871 -1.338910 132.148209 0.016773 -0.614591 0.016433 0.788497
58077.758864 -4.446236 -1.359603 132.155670 0.016715 -0.633521 0.015289 0.773394
58077.858864 -4.755249 -1.384870 132.152176 0.015126 -0.652609 0.015544 0.757384
58077.958864 -5.046028 -1.404611 132.129593 0.014881 -0.670317 0.016294 0.741746
58078.058864 -5.368942 -1.424959 132.089020 0.015826 -0.687127 0.015668 0.726196
58078.158864 -5.716080 -1.439176 132.035767 0.016182 -0.703902 0.014139 0.709972
58078.258864 -6.071396 -1.458510 131.969894 0.015846 -0.719768 0.012907 0.693914
58078.358864 -6.447281 -1.468220 131.901154 0.013998 -0.734552 0.012745 0.678288
58078.458864 -6.816315 -1.483881 131.801178 0.013775 -0.748430 0.011553 0.662970
58078.558864 -7.234909 -1.491818 131.714233 0.010190 -0.761533 0.011466 0.647944
58078.658864 -7.642212 -1.498864 131.595779 0.011381 -0.773155 0.009073 0.634051
58078.758864 -8.034012 -1.525343 131.463669 0.010484 -0.783632 0.008951 0.621072
58078.858864 -8.446899 -1.542571 131.323349 0.012129 -0.794079 0.008553 0.607633
58078.958864 -8.878525 -1.559637 131.149384 0.015408 -0.803411 0.009280 0.595153
58079.058864 -9.314041 -1.573824 130.972382 0.018108 -0.812249 0.009913 0.582945
58079.158864 -9.738083 -1.585067 130.777969 0.019294 -0.820419 0.009358 0.571361
58079.258864 -10.171417 -1.596932 130.576523 0.018561 -0.827636 0.009146 0.560883
58079.358864 -10.645370 -1.616335 130.361145 0.018198 -0.834526 0.008022 0.550609
58079.458864 -11.102982 -1.635538 130.125916 0.019771 -0.839862 0.003750 0.542426
58079.558864 -11.591858 -1.640902 129.869202 0.022526 -0.844146 0.000450 0.535640
58079.658864 -12.052200 -1.653996 129.616989 0.023714 -0.847311 -0.001578 0.530565
58079.758864 -12.521164 -1.666878 129.370728 0.022891 -0.849929 -0.002621 0.526394
58079.858864 -13.001465 -1.684671 129.129715 0.021640 -0.852261 -0.003056 0.522659
58079.958864 -13.480011 -1.700697 128.876373 0.020043 -0.854626 -0.003459 0.518846
58080.058864 -13.967697 -1.713531 128.612701 0.019354 -0.856967 -0.004008 0.514992
58080.158864 -14.452698 -1.729390 128.332733 0.019430 -0.859207 -0.004888 0.511236
58080.258864 -14.942963 -1.731488 128.053894 0.020164 -0.861468 -0.004787 0.507388
58080.358864 -15.428162 -1.747096 127.769821 0.020103 -0.863958 -0.004527 0.503142
58080.458864 -15.925552 -1.759987 127.481216 0.019589 -0.866359 -0.003592 0.499025
58080.558864 -16.415375 -1.771546 127.183273 0.019488 -0.868685 -0.002457 0.494975
58080.658864 -16.918152 -1.785479 126.873901 0.019859 -0.870984 -0.001841 0.490906
58080.758864 -17.406876 -1.799335 126.565735 0.019403 -0.873111 -0.001599 0.487132
58080.858864 -17.928391 -1.813635 126.239449 0.018750 -0.875089 -0.001757 0.483595
58080.958864 -18.418030 -1.829660 125.917877 0.018119 -0.876968 -0.002275 0.480202
58081.058864 -18.961014 -1.840704 125.565117 0.017230 -0.878494 -0.002581 0.477436
58081.158864 -19.473358 -1.852158 125.217850 0.017805 -0.879912 -0.003173 0.474792
58081.258864 -20.007843 -1.871534 124.864258 0.018104 -0.881444 -0.002904 0.471933
58081.358864 -20.514481 -1.881609 124.516800 0.018470 -0.882880 -0.002474 0.469230
58081.458864 -21.044617 -1.905129 124.151970 0.019494 -0.883923 -0.002218 0.467220
58081.558864 -21.545792 -1.918300 123.801025 0.020343 -0.885037 -0.001856 0.465072
58081.658864 -22.081741 -1.931432 123.426811 0.020556 -0.886118 -0.001970 0.462999
58081.758864 -22.597519 -1.939552 123.064209 0.021703 -0.886937 -0.002588 0.461374
58081.858864 -23.116760 -1.964686 122.694763 0.021845 -0.887500 -0.003642 0.460274
58081.958864 -23.630569 -1.975094 122.324066 0.023093 -0.887924 -0.004887 0.459385
58082.058864 -24.166061 -1.990187 121.937042 0.023607 -0.887906 -0.006351 0.459376
58082.158864 -24.681091 -1.996168 121.567436 0.023345 -0.887846 -0.008261 0.459475
58082.258864 -25.227768 -2.001848 121.186142 0.022678 -0.887651 -0.008812 0.459874
58082.358864 -25.753830 -2.015483 120.811234 0.023623 -0.887195 -0.008891 0.460703
58082.458864 -26.300262 -2.041300 120.446205 0.024670 -0.886767 -0.008746 0.461476
58082.558864 -26.831345 -2.045556 120.073669 0.026531 -0.885836 -0.006761 0.463191
58082.658864 -27.366638 -2.053926 119.705704 0.027317 -0.884870 -0.006214 0.464995
58082.758864 -27.916351 -2.067523 119.333755 0.027433 -0.883978 -0.006230 0.466681
58082.858864 -28.463943 -2.083183 118.964722 0.027297 -0.882920 -0.006569 0.468683
58082.958864 -29.012619 -2.096924 118.595016 0.027178 -0.881843 -0.006855 0.470710
58083.058864 -29.569839 -2.111244 118.230934 0.027174 -0.880840 -0.006618 0.472588
58083.158864 -30.117828 -2.126832 117.870712 0.027910 -0.879650 -0.006420 0.474758
58083.258864 -30.683105 -2.140844 117.516373 0.028473 -0.878297 -0.005847 0.477231
58083.358864 -31.246368 -2.159948 117.159302 0.028343 -0.876846 -0.005164 0.479908
58083.458864 -31.812469 -2.184743 116.809914 0.027854 -0.875318 -0.004416 0.482724
58083.558864 -32.373413 -2.198543 116.463028 0.027665 -0.873769 -0.003583 0.485540
58083.658864 -32.951614 -2.215730 116.123055 0.026809 -0.872318 -0.002640 0.488196
58083.758864 -33.537750 -2.235646 115.785599 0.026621 -0.871033 -0.001915 0.490499
58083.858864 -34.106628 -2.257986 115.451073 0.026729 -0.869605 -0.001287 0.493022
58083.958864 -34.679443 -2.283410 115.121590 0.025716 -0.868428 -0.000277 0.495148
58084.058864 -35.253784 -2.307701 114.791008 0.024642 -0.867014 0.000410 0.497674
58084.158864 -35.838547 -2.331398 114.462845 0.023595 -0.865707 0.000649 0.499994
58084.258864 -36.422424 -2.356313 114.136932 0.023068 -0.864726 0.000881 0.501713
58084.358864 -37.001221 -2.380981 113.809319 0.022299 -0.864091 0.000997 0.502841
58084.458864 -37.584610 -2.403125 113.485229 0.021410 -0.863648 0.001292 0.503640
58084.558864 -38.179611 -2.424298 113.157562 0.020411 -0.863383 0.001552 0.504135
58084.658864 -38.762970 -2.446547 112.830978 0.019830 -0.863060 0.001173 0.504711
58084.758864 -39.345352 -2.468333 112.510330 0.019443 -0.862842 0.000939 0.505099
58084.858864 -39.935715 -2.487281 112.172852 0.019530 -0.862662 0.000758 0.505403
58084.958864 -40.508652 -2.511058 111.852127 0.019397 -0.862425 0.000765 0.505812
58085.058864 -41.103653 -2.525449 111.531944 0.019264 -0.862267 0.001032 0.506087
58085.158864 -41.686325 -2.551712 111.207214 0.019423 -0.862134 0.000624 0.506307
58085.258864 -42.288635 -2.571678 110.881317 0.019470 -0.861976 0.000363 0.506575
58085.358864 -42.866882 -2.596521 110.554504 0.019285 -0.861716 0.000051 0.507025
58085.458864 -43.471863 -2.613611 110.229645 0.018538 -0.861591 0.000492 0.507265
58085.558864 -44.069504 -2.632633 109.902710 0.018527 -0.861108 0.000477 0.508083
58085.658864 -44.666275 -2.652212 109.580872 0.018876 -0.860721 0.000870 0.508726
58085.758864 -45.249619 -2.676819 109.264854 0.018926 -0.860153 0.001172 0.509683
58085.858864 -45.842133 -2.696250 108.952332 0.018201 -0.859880 0.002382 0.510166
58085.958864 -46.443481 -2.724572 108.629669 0.017658 -0.859620 0.002985 0.510620
58086.058864 -47.038750 -2.745343 108.306335 0.017851 -0.859329 0.002806 0.511103
58086.158864 -47.640572 -2.762899 107.981110 0.018630 -0.858976 0.002102 0.511673
58086.258864 -48.240715 -2.786674 107.662834 0.019204 -0.859093 0.001877 0.511455
58086.358864 -48.824493 -2.811074 107.342331 0.018429 -0.859038 0.002812 0.511573
58086.458864 -49.407959 -2.833521 107.022026 0.018324 -0.859056 0.002779 0.511545
58086.558864 -49.995361 -2.856815 106.715790 0.018165 -0.859356 0.003235 0.511044
58086.658864 -50.603645 -2.879483 106.371742 0.019557 -0.859339 0.002364 0.511027
58086.758864 -51.188873 -2.913052 106.054985 0.019751 -0.859707 0.001453 0.510404
58086.858864 -51.776024 -2.931881 105.729439 0.019106 -0.859933 0.002147 0.510044
58086.958864 -52.355072 -2.958116 105.415504 0.019573 -0.860301 0.001567 0.509408
58087.058864 -52.939133 -2.977394 105.092186 0.020450 -0.860335 0.001306 0.509316
58087.158864 -53.516434 -2.994841 104.778259 0.021029 -0.860742 0.001200 0.508605
58087.258864 -54.087257 -3.020535 104.459290 0.020678 -0.860861 0.001098 0.508419
58087.358864 -54.653915 -3.042806 104.144440 0.020547 -0.860994 0.001100 0.508199
58087.458864 -55.214897 -3.068463 103.842484 0.020062 -0.861219 0.000768 0.507837
58087.558864 -55.779640 -3.087658 103.522881 0.021213 -0.861308 -0.000070 0.507641
58087.658864 -56.328819 -3.114214 103.217384 0.020694 -0.861521 0.000331 0.507300
58087.758864 -56.879776 -3.136637 102.913467 0.020422 -0.861683 0.000660 0.507036
58087.858864 -57.442070 -3.152879 102.603760 0.020074 -0.861644 0.000982 0.507115
58087.958864 -57.989754 -3.172979 102.294640 0.019955 -0.861614 0.000817 0.507172
58088.058864 -58.539719 -3.204496 101.997040 0.019362 -0.861714 0.000087 0.507025
58088.158864 -59.076904 -3.223193 101.698326 0.019973 -0.861753 -0.000387 0.506935
58088.258864 -59.609474 -3.236391 101.392357 0.020706 -0.861677 -0.000810 0.507034
58088.358864 -60.131447 -3.250500 101.095566 0.020914 -0.861658 -0.001411 0.507056
58088.458864 -60.658020 -3.271666 100.807472 0.020752 -0.861843 -0.002138 0.506745
58088.558864 -61.163719 -3.288848 100.525154 0.021506 -0.861901 -0.002673 0.506613
58088.658864 -61.670448 -3.306563 100.240356 0.021485 -0.861827 -0.003156 0.506738
58088.758864 -62.164986 -3.322592 99.965309 0.021798 -0.861926 -0.002750 0.506558
58088.858864 -62.662788 -3.344808 99.695381 0.021422 -0.862085 -0.002698 0.506303
58088.958864 -63.139442 -3.355527 99.430435 0.020809 -0.862114 -0.002530 0.506281
58089.058864 -63.606873 -3.369072 99.163803 0.020813 -0.862090 -0.002860 0.506320
58089.158864 -64.061363 -3.384689 98.908974 0.021743 -0.862236 -0.003803 0.506025
58089.258864 -64.495659 -3.401741 98.658821 0.021924 -0.862498 -0.004677 0.505564
58089.358864 -64.928993 -3.413810 98.412514 0.021631 -0.862786 -0.005082 0.505081
58089.458864 -65.350380 -3.426736 98.179382 0.021433 -0.863029 -0.005013 0.504674
58089.558864 -65.758026 -3.439364 97.945290 0.021511 -0.863132 -0.005204 0.504493
58089.658864 -66.146805 -3.457563 97.735321 0.021488 -0.863347 -0.005388 0.504124
58089.758864 -66.532990 -3.472192 97.521294 0.021630 -0.863241 -0.005219 0.504301
58089.858864 -66.904099 -3.486387 97.303474 0.022135 -0.862846 -0.004887 0.504959
58089.958864 -67.276268 -3.488304 97.106277 0.022442 -0.862633 -0.003803 0.505319
58090.058864 -67.611313 -3.502663 96.910011 0.023044 -0.862179 -0.003463 0.506068
58090.158864 -67.941589 -3.521596 96.737892 0.023596 -0.861827 -0.002877 0.506644
58090.258864 -68.272568 -3.526940 96.556335 0.024666 -0.861079 -0.002031 0.507868
58090.358864 -68.595131 -3.536244 96.391037 0.025408 -0.860318 -0.001305 0.509122
58090.458864 -68.913849 -3.545779 96.218170 0.025019 -0.859419 -0.000479 0.510660
58090.558864 -69.223320 -3.549783 96.051674 0.024075 -0.858692 0.000237 0.511925
58090.658864 -69.544746 -3.569692 95.889076 0.023103 -0.858375 0.000484 0.512501
58090.758864 -69.854729 -3.578282 95.726151 0.022582 -0.858139 0.000735 0.512920
58090.858864 -70.161461 -3.588301 95.577446 0.023208 -0.858063 0.000147 0.513020
58090.958864 -70.452759 -3.600966 95.392708 0.024293 -0.857271 -0.000243 0.514292
58091.058864 -70.750267 -3.641060 95.254089 0.023955 -0.857306 0.002676 0.514242
58091.158864 -71.029831 -3.663060 95.107903 0.025527 -0.857084 0.008719 0.514470
58091.258864 -71.315269 -3.684448 94.961334 0.026428 -0.856777 0.013060 0.514845
58091.358864 -71.598076 -3.702686 94.832047 0.027066 -0.856562 0.014561 0.515128
58091.458864 -71.892914 -3.713448 94.667999 0.026569 -0.856211 0.013424 0.515769
58091.558864 -72.177994 -3.715938 94.517845 0.026272 -0.856002 0.012613 0.516151
58091.658864 -72.451477 -3.721998 94.378036 0.025539 -0.855777 0.012301 0.516568
58091.758864 -72.714050 -3.735297 94.241600 0.025083 -0.855577 0.011439 0.516941
58091.858864 -73.007431 -3.760305 94.099625 0.021961 -0.855665 0.008902 0.516987
58091.958864 -73.291458 -3.783307 93.959976 0.018333 -0.855607 0.006002 0.517266
58092.058864 -73.575989 -3.800884 93.811630 0.016475 -0.855094 0.004678 0.518189
58092.158864 -73.849243 -3.806182 93.666580 0.015960 -0.854825 0.004497 0.518651
58092.258864 -74.139908 -3.813364 93.514244 0.016814 -0.854400 0.004668 0.519324
58092.358864 -74.444435 -3.823805 93.356400 0.017076 -0.854377 0.003324 0.519362
58092.458864 -74.755905 -3.816712 93.192215 0.015812 -0.854162 -0.000244 0.519766
58092.558864 -75.092422 -3.806980 93.026161 0.012834 -0.854284 -0.005570 0.519618
58092.658864 -75.432114 -3.813483 92.845100 0.010321 -0.854190 -0.009688 0.519768
58092.758864 -75.765953 -3.825351 92.672028 0.008464 -0.854200 -0.009280 0.519793
58092.858864 -76.083855 -3.846657 92.507988 0.008797 -0.854302 -0.007449 0.519650
58092.958864 -76.421989 -3.864589 92.333511 0.009936 -0.854358 -0.005822 0.519558
58093.058864 -76.765884 -3.881584 92.172287 0.011145 -0.854635 -0.003685 0.519096
58093.158864 -77.102203 -3.877392 91.992081 0.014793 -0.854666 0.000354 0.518967
58093.258864 -77.448265 -3.875549 91.812347 0.019185 -0.854864 0.005361 0.518470
58093.358864 -77.810944 -3.872430 91.612938 0.021396 -0.854888 0.007635 0.518316
58093.458864 -78.191727 -3.884855 91.419014 0.019935 -0.855198 0.006591 0.517876
58093.558864 -78.570366 -3.912722 91.223740 0.018092 -0.855352 0.005400 0.517703
58093.658864 -78.955688 -3.933212 91.027115 0.018187 -0.855589 0.004861 0.517314
58093.758864 -79.353767 -3.944940 90.817184 0.018907 -0.855876 0.004835 0.516812
58093.858864 -79.731461 -3.961421 90.614487 0.019950 -0.856055 0.004745 0.516478
58093.958864 -80.149467 -3.976142 90.388199 0.019761 -0.856151 0.004625 0.516327
58094.058864 -80.571571 -3.992331 90.170288 0.019689 -0.856492 0.004537 0.515764
58094.158864 -80.985191 -4.010303 89.946579 0.019626 -0.856523 0.004567 0.515716
58094.258864 -81.419952 -4.020379 89.713165 0.019791 -0.856690 0.004816 0.515429
58094.358864 -81.864510 -4.047370 89.479309 0.019143 -0.856982 0.004376 0.514973
58094.458864 -82.309700 -4.064822 89.238022 0.018949 -0.857124 0.004200 0.514745
58094.558864 -82.791428 -4.084818 88.992500 0.018074 -0.857443 0.004144 0.514245
58094.658864 -83.263802 -4.104319 88.745865 0.017403 -0.857813 0.004044 0.513651
58094.758864 -83.748032 -4.122566 88.486908 0.017078 -0.857867 0.004297 0.513570
58094.858864 -84.220665 -4.141720 88.220764 0.017684 -0.857740 0.004004 0.513764
58094.958864 -84.725464 -4.152879 87.969467 0.016568 -0.858315 0.004683 0.512834
58095.058864 -85.217667 -4.171966 87.714149 0.016206 -0.858589 0.004873 0.512385
58095.158864 -85.721977 -4.189353 87.439255 0.016254 -0.858520 0.005540 0.512493
58095.258864 -86.229965 -4.205249 87.173332 0.016185 -0.858747 0.005817 0.512112
58095.358864 -86.736694 -4.223709 86.894760 0.016368 -0.858697 0.005937 0.512187
58095.458864 -87.249893 -4.244235 86.626114 0.016085 -0.858944 0.005833 0.511783
58095.558864 -87.772293 -4.263150 86.345421 0.015734 -0.859003 0.005901 0.511694
58095.658864 -88.306557 -4.281042 86.062347 0.015570 -0.859356 0.005776 0.511108
58095.758864 -88.819000 -4.298244 85.783691 0.014759 -0.859492 0.006066 0.510900
58095.858864 -89.345680 -4.317262 85.497734 0.014979 -0.859604 0.006045 0.510705
58095.958864 -89.868477 -4.337965 85.209503 0.015098 -0.859823 0.006490 0.510328
58096.058864 -90.407135 -4.353663 84.921707 0.014789 -0.860114 0.007374 0.509834
58096.158864 -90.940971 -4.375000 84.633827 0.015950 -0.860314 0.006530 0.509473
58096.258864 -91.469467 -4.394210 84.338837 0.016703 -0.860469 0.005254 0.509202
58096.358864 -92.029884 -4.414809 84.035080 0.016807 -0.860748 0.004023 0.508738
58096.458864 -92.577469 -4.434246 83.737076 0.016765 -0.861075 0.003415 0.508190
58096.558864 -93.121651 -4.451981 83.434196 0.017353 -0.861416 0.003617 0.507591
58096.658864 -93.660385 -4.473776 83.128403 0.018168 -0.861811 0.004113 0.506887
58096.758864 -94.196297 -4.494606 82.829987 0.018553 -0.862264 0.004745 0.506097
58096.858864 -94.744888 -4.516598 82.520706 0.018215 -0.862619 0.004566 0.505505
58096.958864 -95.290291 -4.537537 82.215034 0.016577 -0.862855 0.003799 0.505165
58097.058864 -95.839478 -4.552145 81.907890 0.015954 -0.862898 0.002861 0.505118
58097.158864 -96.377876 -4.568164 81.598541 0.015472 -0.862988 0.002832 0.504979
58097.258864 -96.940887 -4.585835 81.297722 0.014589 -0.863317 0.004044 0.504435
58097.358864 -97.489128 -4.601398 80.992950 0.015592 -0.863591 0.005857 0.503918
58097.458864 -98.035851 -4.627271 80.687248 0.016104 -0.863845 0.007446 0.503446
58097.558864 -98.576256 -4.652225 80.380707 0.015698 -0.864133 0.007847 0.502958
58097.658864 -99.139122 -4.675004 80.067818 0.015209 -0.864418 0.007740 0.502485
58097.758864 -99.693344 -4.698053 79.760918 0.014055 -0.864660 0.006933 0.502113
58097.858864 -100.256714 -4.716308 79.434479 0.013734 -0.864495 0.006512 0.502411
58097.958864 -100.801857 -4.736433 79.124352 0.014415 -0.864673 0.005698 0.502096
58098.058864 -101.362518 -4.756169 78.797684 0.015776 -0.864672 0.005451 0.502059
58098.158864 -101.899963 -4.773790 78.496483 0.015618 -0.865083 0.005909 0.501352
58098.258864 -102.440247 -4.796137 78.182190 0.016268 -0.865097 0.005244 0.501313
58098.358864 -102.976059 -4.813720 77.873428 0.017232 -0.865231 0.004480 0.501056
58098.458864 -103.504295 -4.838687 77.560883 0.017408 -0.865288 0.003166 0.500963
58098.558864 -104.038971 -4.855435 77.255806 0.016894 -0.865535 0.002791 0.500556
58098.658864 -104.568687 -4.872572 76.946594 0.017011 -0.865536 0.002451 0.500551
58098.758864 -105.094078 -4.892231 76.649544 0.015887 -0.865753 0.003053 0.500210
58098.858864 -105.617912 -4.923364 76.354942 0.015095 -0.865921 0.004154 0.499937
58098.958864 -106.132866 -4.949071 76.059135 0.015176 -0.865605 0.005593 0.500467
58099.058864 -106.659813 -4.968674 75.772942 0.016662 -0.864822 0.006511 0.501759
58099.158864 -107.172897 -4.988495 75.483154 0.017296 -0.863772 0.007310 0.503533
58099.258864 -107.695793 -5.010831 75.199997 0.016696 -0.862790 0.007205 0.505234
58099.358864 -108.208679 -5.031980 74.916611 0.015096 -0.861522 0.006739 0.507451
58099.458864 -108.712318 -5.057293 74.655952 0.014284 -0.860278 0.006071 0.509589
58099.558864 -109.225243 -5.080676 74.377533 0.014677 -0.859034 0.004330 0.511690
58099.658864 -109.734650 -5.098808 74.104584 0.016088 -0.857879 0.002619 0.513594
58099.758864 -110.241669 -5.118537 73.834091 0.017481 -0.856801 0.001921 0.515347
58099.858864 -110.746109 -5.138131 73.571854 0.017499 -0.855808 0.001903 0.516994
58099.958864 -111.248306 -5.164107 73.329399 0.016452 -0.855283 0.002812 0.517892
58100.058864 -111.759308 -5.174909 73.060646 0.016616 -0.854451 0.004118 0.519250
58100.158864 -112.266724 -5.198670 72.800644 0.017549 -0.853796 0.003775 0.520298
58100.258864 -112.755066 -5.220501 72.543098 0.018542 -0.853088 0.003852 0.521423
58100.358864 -113.245575 -5.247044 72.286293 0.018621 -0.852555 0.003679 0.522292
58100.458864 -113.740601 -5.262765 72.046585 0.017607 -0.852329 0.004399 0.522690
58100.558864 -114.228638 -5.283699 71.795181 0.016674 -0.852192 0.004301 0.522946
58100.658864 -114.719101 -5.299976 71.561760 0.016111 -0.852668 0.003947 0.522190
58100.758864 -115.195045 -5.321937 71.321915 0.016357 -0.853440 0.003785 0.520920
58100.858864 -115.683723 -5.349475 71.062279 0.017252 -0.853969 0.003861 0.520024
58100.958864 -116.159286 -5.369533 70.810730 0.018189 -0.854629 0.004187 0.518903
58101.058864 -116.621910 -5.389996 70.560684 0.019166 -0.855363 0.004902 0.517651
58101.158864 -117.097473 -5.404476 70.303131 0.019011 -0.856153 0.005792 0.516341
58101.258864 -117.568024 -5.426584 70.058151 0.019284 -0.857085 0.005090 0.514790
58101.358864 -118.038895 -5.456373 69.791229 0.019232 -0.857635 0.004276 0.513881
58101.458864 -118.525368 -5.467021 69.544510 0.019080 -0.858708 0.004455 0.512090
58101.558864 -119.015106 -5.491029 69.279961 0.019258 -0.859552 0.005327 0.510657
58101.658864 -119.501663 -5.518577 69.010460 0.019010 -0.860288 0.006636 0.509410
58101.758864 -120.000946 -5.544821 68.732742 0.018061 -0.861188 0.007937 0.507903
58101.858864 -120.502106 -5.562454 68.451859 0.018395 -0.862164 0.008266 0.506228
58101.958864 -121.007713 -5.580964 68.158600 0.019062 -0.862859 0.007599 0.505028
58102.058864 -121.535583 -5.605828 67.860733 0.018751 -0.863561 0.006783 0.503849
58102.158864 -122.052933 -5.627993 67.554863 0.017066 -0.864150 0.006564 0.502902
58102.258864 -122.592361 -5.649416 67.264465 0.015968 -0.864960 0.006495 0.501544
58102.358864 -123.111145 -5.678059 66.957840 0.016308 -0.865113 0.006951 0.501263
58102.458864 -123.650436 -5.698838 66.643478 0.017320 -0.865593 0.007545 0.500392
58102.558864 -124.189987 -5.719554 66.327446 0.018325 -0.865926 0.007529 0.499780
58102.658864 -124.750931 -5.737725 65.995026 0.018901 -0.866128 0.007262 0.499411
58102.758864 -125.300423 -5.759217 65.667953 0.018638 -0.866433 0.006209 0.498908
58102.858864 -125.876587 -5.785772 65.345627 0.018121 -0.866812 0.005242 0.498279
58102.958864 -126.434769 -5.808767 65.020798 0.018078 -0.866835 0.004753 0.498244
58103.058864 -127.005234 -5.835070 64.684036 0.018867 -0.866414 0.005128 0.498944
58103.158864 -127.571884 -5.853086 64.358376 0.020250 -0.866167 0.005622 0.499313
58103.258864 -128.153229 -5.878191 64.022972 0.021125 -0.865791 0.005673 0.499927
58103.358864 -128.723984 -5.902784 63.690437 0.021064 -0.865473 0.005365 0.500484
58103.458864 -129.314575 -5.916700 63.354454 0.020680 -0.865184 0.004661 0.501006
58103.558864 -129.895172 -5.946222 63.023094 0.020732 -0.864805 0.003301 0.501669
58103.658864 -130.477829 -5.982391 62.686241 0.020955 -0.864470 0.002769 0.502240
58103.758864 -131.063202 -6.013762 62.356102 0.021409 -0.864459 0.002418 0.502242
58103.858864 -131.655075 -6.035611 62.015549 0.021486 -0.864019 0.003449 0.502989
58103.958864 -132.249710 -6.061500 61.686417 0.021923 -0.863918 0.004121 0.503138
58104.058864 -132.861938 -6.093086 61.340012 0.022835 -0.863480 0.004086 0.503849
58104.158864 -133.472427 -6.116670 60.999023 0.023785 -0.863377 0.003945 0.503983
58104.258864 -134.083069 -6.142129 60.653839 0.023200 -0.863089 0.004106 0.504502
58104.358864 -134.695694 -6.165771 60.311661 0.022978 -0.862956 0.003657 0.504744
58104.458864 -135.323822 -6.201251 59.966293 0.022085 -0.862799 0.003700 0.505051
58104.558864 -135.940643 -6.223770 59.632401 0.021679 -0.862695 0.004022 0.505244
58104.658864 -136.565582 -6.244908 59.281555 0.021965 -0.862415 0.003676 0.505711
58104.758864 -137.170563 -6.275333 58.934616 0.021734 -0.861976 0.003264 0.506472
58104.858864 -137.783569 -6.305386 58.592194 0.021073 -0.861719 0.002771 0.506940
58104.958864 -138.424500 -6.332740 58.243271 0.020308 -0.861631 0.002988 0.507119
58105.060259 -139.037079 -6.356954 57.906448 0.020380 -0.861412 0.002801 0.507490
58105.158864 -139.658340 -6.385836 57.572784 0.020927 -0.861263 0.002275 0.507722
58105.258864 -140.258667 -6.416696 57.242020 0.020902 -0.861134 0.001487 0.507947
58105.358864 -140.902191 -6.432485 56.905136 0.020700 -0.860975 0.002182 0.508221
58105.458864 -141.500305 -6.456951 56.574905 0.020909 -0.860703 0.002245 0.508672
58105.558864 -142.126419 -6.479008 56.227600 0.021628 -0.860283 0.002201 0.509354
58105.658864 -142.740784 -6.504286 55.904007 0.021712 -0.860205 0.002896 0.509477
58105.758864 -143.353638 -6.530116 55.568970 0.021575 -0.859904 0.003502 0.509988
58105.858864 -143.968567 -6.558624 55.244614 0.021047 -0.859852 0.003884 0.510095
58105.958864 -144.599014 -6.584623 54.905472 0.020757 -0.859447 0.003665 0.510790
58106.058864 -145.201508 -6.607663 54.573914 0.020863 -0.859167 0.003455 0.511258
58106.158864 -145.837402 -6.637307 54.247421 0.020531 -0.859208 0.003940 0.511200
58106.258864 -146.454391 -6.672056 53.910294 0.020786 -0.858846 0.004269 0.511794
58106.358864 -147.075623 -6.694287 53.578949 0.020077 -0.858661 0.005214 0.512124
58106.458864 -147.700745 -6.734578 53.259918 0.019304 -0.858521 0.005576 0.512385
58106.558864 -148.308304 -6.765025 52.943329 0.019361 -0.858269 0.005132 0.512808
58106.658864 -148.931793 -6.792219 52.605240 0.018900 -0.858079 0.004864 0.513146
58106.758864 -149.569107 -6.826137 52.269012 0.018070 -0.857990 0.004570 0.513328
58106.858864 -150.196701 -6.850878 51.932648 0.017897 -0.857844 0.004303 0.513581
58106.958864 -150.832260 -6.880626 51.594437 0.017362 -0.857570 0.004414 0.514056
58107.058864 -151.465179 -6.903056 51.268036 0.016855 -0.857488 0.004205 0.514211
58107.158864 -152.106644 -6.926579 50.932724 0.016709 -0.857287 0.004031 0.514553
58107.258864 -152.728882 -6.947844 50.602692 0.016474 -0.857197 0.004091 0.514708
58107.358864 -153.355026 -6.970468 50.273972 0.016566 -0.857139 0.003851 0.514805
58107.458864 -153.982574 -6.992703 49.947128 0.016289 -0.857185 0.003870 0.514736
58107.558864 -154.610947 -7.026768 49.616623 0.016566 -0.857084 0.003610 0.514898
58107.658864 -155.227127 -7.046194 49.287949 0.017402 -0.856981 0.003370 0.515044
58107.758864 -155.842148 -7.076178 48.967651 0.016798 -0.857034 0.003383 0.514975
58107.858864 -156.458176 -7.099357 48.647949 0.016594 -0.857053 0.003427 0.514950
58107.958864 -157.074524 -7.128408 48.318176 0.016748 -0.857101 0.003591 0.514864
58108.058864 -157.683243 -7.146486 47.989868 0.018043 -0.857188 0.003641 0.514675
58108.158864 -158.279282 -7.173506 47.667511 0.018869 -0.857534 0.003679 0.514068
58108.258864 -158.883316 -7.198594 47.341919 0.019435 -0.857999 0.003896 0.513270
58108.358864 -159.470612 -7.219272 47.017471 0.020007 -0.858278 0.003755 0.512782
58108.458864 -160.073837 -7.244677 46.697220 0.019511 -0.858553 0.003666 0.512341
58108.558864 -160.657440 -7.271807 46.374557 0.020008 -0.858897 0.003821 0.511743
58108.658864 -161.241272 -7.292926 46.058960 0.020504 -0.859129 0.004704 0.511327
58108.758864 -161.833771 -7.317079 45.733002 0.021960 -0.859420 0.003848 0.510784
58108.858864 -162.415924 -7.337334 45.413376 0.021613 -0.859812 0.004032 0.510137
58108.958864 -163.015793 -7.358980 45.099899 0.019873 -0.860386 0.004428 0.509237
58109.058864 -163.593231 -7.392714 44.790253 0.019009 -0.860595 0.004240 0.508918
58109.158864 -164.164062 -7.420483 44.457520 0.021331 -0.860450 0.002724 0.509081
58109.258864 -164.741241 -7.436800 44.139175 0.022217 -0.860823 0.001985 0.508415
58109.358864 -165.324707 -7.462191 43.810867 0.022620 -0.861386 -0.000311 0.507447
58109.458864 -165.917114 -7.477111 43.486038 0.021894 -0.861817 -0.001675 0.506743
58109.558864 -166.493881 -7.511396 43.167313 0.021448 -0.862047 -0.001491 0.506372
58109.658864 -167.074570 -7.534105 42.837936 0.022040 -0.862295 0.000554 0.505926
58109.758864 -167.643738 -7.560015 42.530518 0.023116 -0.862569 0.003245 0.505400
58109.858864 -168.224548 -7.584299 42.208130 0.023684 -0.862846 0.004923 0.504888
58109.958864 -168.818329 -7.593596 41.874298 0.023484 -0.863105 0.004665 0.504457
58110.058864 -169.410553 -7.616784 41.542618 0.022438 -0.863331 0.002683 0.504132
58110.158864 -169.998917 -7.643312 41.207108 0.021455 -0.863697 0.001509 0.503552
58110.258864 -170.586823 -7.675866 40.874527 0.021387 -0.863911 0.001355 0.503189
58110.358864 -171.179825 -7.701513 40.541122 0.022391 -0.864354 0.002587 0.502379
58110.458864 -171.747620 -7.733340 40.207870 0.024220 -0.864332 0.003956 0.502323
58110.558864 -172.326462 -7.755539 39.878784 0.025694 -0.864698 0.005352 0.501607
58110.658864 -172.910507 -7.780563 39.548416 0.025754 -0.865215 0.005925 0.500705
58110.758864 -173.486313 -7.805670 39.211685 0.025759 -0.865171 0.005099 0.500789
58110.858864 -174.066696 -7.831136 38.874420 0.025182 -0.865452 0.003065 0.500350
58110.958864 -174.665634 -7.851256 38.537552 0.023771 -0.865874 0.001916 0.499694
58111.058864 -175.249863 -7.880714 38.200897 0.023264 -0.866163 0.001101 0.499219
58111.158864 -175.856735 -7.908983 37.851807 0.023143 -0.866429 0.001911 0.498760
58111.258864 -176.438263 -7.937501 37.515427 0.024261 -0.866712 0.002793 0.498210
58111.358864 -177.034424 -7.961385 37.162186 0.024211 -0.866898 0.004375 0.497879
58111.458864 -177.628113 -7.988472 36.820816 0.024055 -0.867210 0.005015 0.497337
58111.558864 -178.219803 -8.015878 36.477814 0.023616 -0.867422 0.005157 0.496986
58111.658864 -178.808075 -8.043604 36.133896 0.023376 -0.867636 0.004628 0.496628
58111.758864 -179.405701 -8.085968 35.792923 0.022539 -0.868140 0.004332 0.495789
58111.858864 -179.998627 -8.114015 35.439590 0.022302 -0.868393 0.004567 0.495354
58111.958864 -180.598999 -8.133344 35.085632 0.022582 -0.868714 0.004147 0.494782
58112.058864 -181.195831 -8.160749 34.741714 0.022090 -0.869263 0.003092 0.493847
58112.158864 -181.801468 -8.181618 34.356140 0.021837 -0.869395 0.001584 0.493633
58112.258864 -182.394699 -8.207075 33.992081 0.020391 -0.869938 0.001074 0.492737
58112.358864 -183.001236 -8.241071 33.626511 0.020058 -0.870638 0.001344 0.491514
58112.458864 -183.592819 -8.271959 33.261963 0.020771 -0.871343 0.002563 0.490228
58112.558864 -184.176285 -8.297461 32.903595 0.021401 -0.872210 0.004295 0.488644
58112.658864 -184.781250 -8.318457 32.533218 0.023441 -0.872765 0.005329 0.487549
58112.758864 -185.376129 -8.339201 32.163269 0.023898 -0.873331 0.005396 0.486511
58112.858864 -185.976959 -8.365154 31.790817 0.023507 -0.874139 0.004707 0.485084
58112.958864 -186.555954 -8.394485 31.419296 0.022830 -0.874708 0.004989 0.484087
58113.058864 -187.152908 -8.422758 31.047348 0.022602 -0.875365 0.004677 0.482911
58113.158864 -187.735001 -8.456420 30.668884 0.023762 -0.875814 0.003916 0.482048
58113.258864 -188.327972 -8.483972 30.293457 0.023446 -0.876564 0.004001 0.480698
58113.358864 -188.915268 -8.500930 29.915039 0.023282 -0.877237 0.003910 0.479476
58113.458864 -189.508942 -8.527531 29.537384 0.022540 -0.877872 0.004023 0.478347
58113.558864 -190.095917 -8.551443 29.155869 0.022308 -0.878433 0.004434 0.477324
58113.658864 -190.680038 -8.581177 28.770416 0.022892 -0.879009 0.004783 0.476231
58113.758864 -191.264755 -8.608964 28.383835 0.023426 -0.879584 0.005203 0.475139
58113.858864 -191.857254 -8.643544 27.993469 0.023685 -0.880199 0.005177 0.473986
58113.958864 -192.449463 -8.671593 27.597260 0.023785 -0.880863 0.004413 0.472754
58114.058864 -193.021271 -8.701508 27.209930 0.024055 -0.881424 0.003630 0.471698
58114.158864 -193.597458 -8.729549 26.816025 0.024475 -0.881983 0.002956 0.470637
58114.258864 -194.173538 -8.763381 26.423111 0.025997 -0.882505 0.001664 0.469580
58114.358864 -194.759277 -8.783710 26.031799 0.026289 -0.883097 0.001333 0.468451
58114.458864 -195.349304 -8.811655 25.625137 0.026542 -0.883542 0.000991 0.467598
58114.558864 -195.929230 -8.838287 25.232346 0.026387 -0.884036 0.000891 0.466672
58114.658864 -196.508896 -8.867914 24.835510 0.026467 -0.884230 0.001157 0.466301
58114.758864 -197.086868 -8.889643 24.442780 0.026792 -0.884624 0.001411 0.465533
58114.858864 -197.628677 -8.910079 24.077423 0.026985 -0.884929 0.001353 0.464942
58114.958864 -198.256042 -8.934267 23.648361 0.027266 -0.885403 0.001243 0.464022
58115.058864 -198.822144 -8.971272 23.244827 0.027349 -0.885516 0.000493 0.463804
58115.158864 -199.405258 -8.992214 22.842911 0.027394 -0.885881 0.000761 0.463103
58115.258864 -200.000000 -9.006405 22.437668 0.027390 -0.886168 0.000402 0.462554
58115.358864 -200.583588 -9.037838 22.029739 0.027132 -0.886376 -0.000008 0.462171
58115.458864 -201.158997 -9.061047 21.620407 0.027622 -0.886630 -0.000562 0.461653
58115.558864 -201.760254 -9.089032 21.208252 0.027362 -0.887004 -0.001046 0.460949
58115.658864 -202.345261 -9.113507 20.798874 0.026745 -0.887325 -0.000833 0.460369
58115.758864 -202.936462 -9.130833 20.379578 0.026735 -0.887474 -0.000302 0.460082
58115.858864 -203.528030 -9.160335 19.966507 0.026320 -0.887773 0.000362 0.459529
58115.958864 -204.114639 -9.190861 19.548065 0.026132 -0.888035 0.001096 0.459031
58116.058864 -204.700989 -9.211967 19.144165 0.025333 -0.888436 0.001873 0.458297
58116.158864 -205.292755 -9.227801 18.724777 0.025229 -0.888649 0.002049 0.457889
58116.258864 -205.869659 -9.257113 18.314774 0.024807 -0.888935 0.001509 0.457359
58116.358864 -206.440781 -9.285793 17.904205 0.024646 -0.889263 0.000972 0.456730
58116.458864 -207.020279 -9.317630 17.489624 0.023916 -0.889579 0.000815 0.456154
58116.558864 -207.588028 -9.334097 17.086716 0.024175 -0.889909 0.000453 0.455498
58116.658864 -208.153717 -9.350820 16.675598 0.024293 -0.890256 0.000473 0.454811
58116.758864 -208.720505 -9.380943 16.254349 0.024817 -0.890406 -0.000308 0.454490
58116.858864 -209.277405 -9.398357 15.842957 0.024842 -0.890589 -0.000644 0.454129
58116.958864 -209.839859 -9.425133 15.437912 0.025457 -0.890884 -0.001199 0.453516
58117.058864 -210.387939 -9.448426 15.043121 0.025540 -0.891313 -0.001561 0.452666
58117.158864 -210.926666 -9.469969 14.632751 0.025978 -0.891344 -0.001343 0.452580
58117.258864 -211.477402 -9.491995 14.233582 0.026381 -0.891649 -0.001153 0.451956
58117.358864 -212.023209 -9.511004 13.824463 0.027145 -0.891812 -0.000203 0.451592
58117.458864 -212.566071 -9.538326 13.431580 0.025903 -0.892131 0.002354 0.451027
58117.558864 -213.139267 -9.573540 13.028442 0.025033 -0.892485 0.003848 0.450365
58117.658864 -213.680298 -9.592661 12.625031 0.026094 -0.892439 0.003372 0.450400
58117.758864 -214.222702 -9.605278 12.203613 0.028866 -0.892348 -0.000353 0.450425
58117.858864 -214.765015 -9.632357 11.802826 0.028060 -0.892783 -0.003128 0.449601
58117.958864 -215.319916 -9.661482 11.407501 0.025952 -0.893068 -0.002901 0.449163
58118.058864 -215.847137 -9.689920 11.025360 0.025497 -0.892819 -0.001591 0.449691
58118.158864 -216.376038 -9.716311 10.626038 0.027798 -0.892206 -0.000325 0.450771
58118.258864 -216.895782 -9.726492 10.243073 0.030074 -0.891687 0.000258 0.451652
58118.358864 -217.438034 -9.740420 9.860901 0.030222 -0.891213 0.000590 0.452577
58118.458864 -217.944244 -9.767998 9.501190 0.030265 -0.890191 0.000511 0.454580
58118.558864 -218.486771 -9.797133 9.125336 0.029525 -0.888760 0.000698 0.457421
58118.658864 -219.008865 -9.820798 8.774719 0.028920 -0.887260 0.000389 0.460363
58118.758864 -219.552917 -9.842881 8.404266 0.028794 -0.885135 0.000058 0.464444
58118.858864 -220.071259 -9.868670 8.077454 0.028294 -0.883032 -0.000254 0.468459
58118.958864 -220.613297 -9.902881 7.732269 0.027357 -0.880804 -0.000074 0.472691
58119.058864 -221.145905 -9.924938 7.399994 0.026304 -0.878576 0.000222 0.476878
58119.158864 -221.679321 -9.949086 7.073547 0.026888 -0.876033 0.000159 0.481501
58119.258864 -222.204926 -9.973715 6.759338 0.027213 -0.873583 -0.000004 0.485914
58119.358864 -222.746338 -9.995260 6.437408 0.027771 -0.870882 -0.000359 0.490707
58119.458864 -223.295013 -10.020119 6.129028 0.026894 -0.868233 -0.000129 0.495427
58119.558864 -223.833252 -10.038769 5.833557 0.025410 -0.865532 0.000470 0.500208
58119.658864 -224.371246 -10.060259 5.543213 0.025061 -0.862719 0.000887 0.505062
58119.758864 -224.916046 -10.078802 5.269562 0.024004 -0.860183 0.001419 0.509418
58119.858864 -225.446716 -10.105895 4.991425 0.022382 -0.857799 0.001682 0.513495
58119.958864 -226.007507 -10.126265 4.724915 0.020821 -0.855684 0.002793 0.517072
58120.058864 -226.562729 -10.150459 4.457367 0.018768 -0.853800 0.004143 0.520247
58120.158864 -227.095245 -10.176293 4.196411 0.016971 -0.852048 0.005559 0.523158
58120.258864 -227.636871 -10.194187 3.938232 0.015021 -0.850725 0.007626 0.525341
58120.358864 -228.171478 -10.224249 3.698364 0.013661 -0.849535 0.008921 0.527279
58120.458864 -228.702652 -10.243509 3.439453 0.013217 -0.848458 0.008915 0.529023
58120.558864 -229.216171 -10.267885 3.190613 0.012735 -0.847623 0.008886 0.530372
58120.658864 -229.739960 -10.291940 2.940399 0.010690 -0.846943 0.009772 0.531487
58120.758864 -230.270660 -10.316067 2.705048 0.008251 -0.846603 0.010591 0.532055
58120.858864 -230.796570 -10.330301 2.460510 0.006724 -0.846594 0.011155 0.532080
58120.958864 -231.320312 -10.353010 2.211487 0.006007 -0.846853 0.009931 0.531700
58121.058864 -231.833969 -10.369648 1.956116 0.006188 -0.847435 0.008576 0.530795
58121.158864 -232.349457 -10.382975 1.707916 0.005982 -0.848404 0.007570 0.529261
58121.258864 -232.853867 -10.403277 1.456299 0.005540 -0.849500 0.007940 0.527499
58121.358864 -233.364166 -10.426208 1.209839 0.003662 -0.850916 0.009736 0.525199
58121.458864 -233.851898 -10.448944 0.960388 0.002769 -0.852615 0.010684 0.522423
58121.558864 -234.342438 -10.460873 0.685455 0.003325 -0.854715 0.011107 0.518968
58121.658864 -234.806335 -10.481312 0.423798 0.004762 -0.857162 0.010470 0.514919
58121.758864 -235.262268 -10.500863 0.149078 0.006006 -0.859654 0.009777 0.510748
58121.858864 -235.714386 -10.520226 -0.114716 0.005547 -0.862499 0.009583 0.505938
58121.958864 -236.120499 -10.546328 -0.351379 0.006190 -0.865133 0.009425 0.501416
58122.058864 -236.529785 -10.570402 -0.599976 0.007095 -0.867663 0.010111 0.496999
58122.158864 -236.904175 -10.586050 -0.830597 0.007096 -0.870014 0.011156 0.492849
58122.258864 -237.282837 -10.596100 -1.073639 0.006638 -0.871942 0.010739 0.489446
58122.358864 -237.654480 -10.607286 -1.320496 0.008100 -0.873679 0.009814 0.486336
58122.458864 -237.981720 -10.628022 -1.544678 0.010106 -0.875272 0.009239 0.483437
58122.558864 -238.302185 -10.650238 -1.747864 0.011184 -0.876681 0.008717 0.480863
58122.658864 -238.613297 -10.670045 -1.947205 0.010806 -0.877838 0.009853 0.478734
58122.758864 -238.894882 -10.696895 -2.123444 0.010018 -0.878882 0.012882 0.476760
58122.858864 -239.162964 -10.723337 -2.276215 0.009054 -0.879888 0.017162 0.474785
58122.958864 -239.434464 -10.738316 -2.457794 0.010162 -0.880420 0.018733 0.473716
58123.058864 -239.690231 -10.747441 -2.655243 0.012841 -0.880609 0.017086 0.473361
58123.158864 -239.959930 -10.756421 -2.837463 0.015601 -0.881256 0.015255 0.472136
58123.258864 -240.192566 -10.758633 -3.014832 0.017727 -0.881656 0.014217 0.471346
58123.358864 -240.399185 -10.781563 -3.149506 0.017744 -0.881976 0.012919 0.470782
58123.458864 -240.606155 -10.790682 -3.290985 0.017218 -0.882236 0.013334 0.470303
58123.558864 -240.796509 -10.803026 -3.420563 0.017240 -0.882724 0.013927 0.469369
58123.658864 -240.961960 -10.822186 -3.538788 0.016662 -0.882824 0.013884 0.469203
58123.758864 -241.105347 -10.840137 -3.649139 0.016092 -0.883111 0.013020 0.468708
58123.858865 -241.252625 -10.833738 -3.755737 0.016740 -0.883211 0.012327 0.468514
58123.958864 -241.358688 -10.827525 -3.798767 0.016978 -0.883699 0.013084 0.467565
58124.058864 -241.459137 -10.841105 -3.874023 0.016842 -0.883739 0.013129 0.467492
58124.158865 -241.495239 -10.841400 -3.897430 0.017973 -0.883898 0.012803 0.467160
58124.258864 -241.565094 -10.850828 -3.943115 0.017819 -0.884068 0.013018 0.466837
58124.358864 -241.605637 -10.834144 -3.982880 0.019252 -0.884023 0.014137 0.466833
58124.458864 -241.658600 -10.836580 -4.020294 0.020259 -0.883953 0.014085 0.466925
58124.558865 -241.671722 -10.830565 -4.046661 0.019511 -0.883748 0.014000 0.467348
58124.658864 -241.673187 -10.833529 -4.028778 0.018811 -0.884184 0.013824 0.466555
58124.758872 -241.591965 -10.866531 -3.991364 0.017003 -0.884019 0.012801 0.466966
58124.858869 -241.629517 -10.883881 -4.017944 0.019363 -0.883753 0.011805 0.467404
58124.958864 -241.607025 -10.875827 -4.027283 0.020726 -0.883428 0.013025 0.467927
58125.058864 -241.624817 -10.862553 -4.005127 0.021331 -0.883569 0.014726 0.467584
58125.158864 -241.582489 -10.867352 -3.983337 0.018954 -0.883847 0.014920 0.467153
58125.258864 -241.597992 -10.881845 -3.998169 0.018962 -0.883858 0.014001 0.467161
58125.358864 -241.632721 -10.852719 -4.013733 0.018795 -0.883543 0.015459 0.467717
58125.458864 -241.619156 -10.876941 -3.986664 0.018887 -0.884122 0.014760 0.466641
58125.558865 -241.592224 -10.887084 -3.978210 0.018546 -0.884220 0.013977 0.466494
58125.658864 -241.629532 -10.883645 -4.013519 0.019200 -0.884091 0.013089 0.466736
58125.758865 -241.626282 -10.897919 -4.036469 0.020945 -0.883670 0.012220 0.467482
58125.858864 -241.624252 -10.921500 -4.024841 0.019613 -0.883474 0.012400 0.467906
58125.958864 -241.583282 -10.927648 -4.000122 0.019868 -0.883363 0.012019 0.468115
58126.058864 -241.635834 -10.898526 -4.007019 0.019754 -0.884074 0.012780 0.466754
58126.158865 -241.648972 -10.873994 -4.014893 0.017976 -0.884069 0.015480 0.466754
58126.258866 -241.656052 -10.854155 -4.017059 0.021419 -0.884465 0.016264 0.465830
58126.358865 -241.726349 -10.849499 -4.058105 0.021410 -0.884662 0.016761 0.465439
58126.458864 -241.724228 -10.851583 -4.065125 0.021819 -0.884744 0.017032 0.465255
58126.558864 -241.737152 -10.857928 -4.092163 0.021157 -0.884983 0.017735 0.464803
58126.658864 -241.685852 -10.864061 -4.071594 0.021554 -0.885453 0.018046 0.463879
58126.758864 -241.731354 -10.873034 -4.111877 0.021259 -0.886192 0.018432 0.462464
58126.858864 -241.777588 -10.889627 -4.163147 0.021167 -0.887025 0.018645 0.460858
58126.958864 -241.844299 -10.891644 -4.221436 0.022087 -0.888166 0.018666 0.458612
58127.058864 -241.905411 -10.875963 -4.274994 0.022576 -0.889827 0.018979 0.455344
58127.158864 -242.004929 -10.883564 -4.360870 0.022001 -0.891904 0.019562 0.451265
58127.258864 -242.073532 -10.891737 -4.455688 0.022458 -0.894341 0.019284 0.446406
58127.358864 -242.204712 -10.901943 -4.563843 0.022904 -0.897565 0.019236 0.439866
58127.458864 -242.334824 -10.901941 -4.726227 0.023632 -0.901068 0.018444 0.432640
58127.558864 -242.473434 -10.892147 -4.859985 0.024987 -0.905619 0.017720 0.422984
58127.658864 -242.628601 -10.891216 -5.053772 0.025800 -0.910498 0.015040 0.412434
58127.758864 -242.771088 -10.921010 -5.222107 0.024761 -0.916179 0.013010 0.399792
58127.858864 -242.949341 -10.934260 -5.437744 0.022996 -0.922118 0.011591 0.386050
58127.958864 -243.114868 -10.938304 -5.656403 0.022735 -0.928255 0.008508 0.371151
58128.058864 -243.265015 -10.940651 -5.903839 0.023194 -0.934315 0.004848 0.355661
58128.158864 -243.429962 -10.954273 -6.167206 0.022434 -0.940683 0.002073 0.338539
58128.258864 -243.577606 -10.963032 -6.426575 0.022583 -0.946765 0.000436 0.321132
58128.358864 -243.722382 -10.982740 -6.718536 0.022368 -0.952631 -0.000083 0.303304
58128.458864 -243.868011 -10.983346 -7.015594 0.021888 -0.958604 -0.001230 0.283899
58128.558864 -243.998352 -10.990079 -7.338211 0.022533 -0.964196 -0.002885 0.264215
58128.658864 -244.123642 -10.993739 -7.657745 0.021635 -0.969756 -0.002517 0.243104
58128.758864 -244.224640 -10.996608 -8.003479 0.020859 -0.975054 -0.001699 0.220981
58128.858864 -244.327362 -11.001609 -8.354218 0.021106 -0.979849 -0.002398 0.198606
58128.958864 -244.389755 -10.988597 -8.726028 0.022770 -0.984126 -0.003992 0.175961
58129.058864 -244.451920 -10.985660 -9.103180 0.022763 -0.988059 -0.005676 0.152283
58129.158864 -244.504166 -10.987952 -9.479965 0.022867 -0.991428 -0.006782 0.128458
58129.258864 -244.538162 -10.999802 -9.867836 0.020994 -0.994174 -0.008688 0.105362
58129.358864 -244.563416 -10.987692 -10.288231 0.020455 -0.996339 -0.010171 0.082387
58129.458864 -244.563751 -10.991664 -10.700150 0.020274 -0.997935 -0.011702 0.059807
58129.558864 -244.542892 -10.975367 -11.143085 0.020956 -0.999009 -0.012015 0.037396
58129.658864 -244.502075 -10.965741 -11.587992 0.022013 -0.999565 -0.012261 0.015359
58129.758864 -244.449005 -10.955372 -12.046608 0.021840 -0.999646 -0.013614 -0.006742
58129.858864 -244.378021 -10.946303 -12.521961 0.020993 -0.999262 -0.015477 -0.028201
58129.958864 -244.285629 -10.931098 -13.005623 0.021193 -0.998453 -0.016975 -0.048524
58130.058864 -244.173340 -10.914716 -13.504196 0.020683 -0.997290 -0.018640 -0.068101
58130.158864 -244.041000 -10.886987 -14.041286 0.019227 -0.995799 -0.019579 -0.087353
58130.258864 -243.895081 -10.862690 -14.570488 0.018527 -0.994012 -0.020236 -0.105771
58130.358864 -243.718384 -10.841530 -15.116714 0.017888 -0.991943 -0.020760 -0.123683
58130.458864 -243.530121 -10.824653 -15.642601 0.017895 -0.989602 -0.020835 -0.141188
58130.558864 -243.317917 -10.795428 -16.186508 0.017790 -0.987128 -0.020522 -0.157610
58130.658864 -243.086304 -10.765866 -16.736862 0.016587 -0.984419 -0.021578 -0.173722
58130.758864 -242.843048 -10.742611 -17.283600 0.015349 -0.981592 -0.022942 -0.188987
58130.858864 -242.569382 -10.716984 -17.846985 0.015189 -0.978776 -0.024062 -0.202950
58130.958864 -242.285812 -10.694410 -18.404068 0.015178 -0.975907 -0.024806 -0.216239
58131.058864 -241.973251 -10.657602 -18.978867 0.014651 -0.973012 -0.024591 -0.228974
58131.158864 -241.644730 -10.620143 -19.555344 0.013972 -0.970141 -0.024245 -0.240924
58131.258864 -241.307114 -10.593641 -20.112091 0.013551 -0.967379 -0.024223 -0.251808
58131.358864 -240.951523 -10.558822 -20.682831 0.013448 -0.964702 -0.024427 -0.261865
58131.458864 -240.579712 -10.527674 -21.260925 0.013690 -0.962103 -0.024641 -0.271227
58131.558864 -240.201065 -10.500139 -21.822403 0.013967 -0.959869 -0.024874 -0.278995
58131.658864 -239.814575 -10.464610 -22.390564 0.014622 -0.958037 -0.024573 -0.285214
58131.758864 -239.414734 -10.425084 -22.983215 0.015436 -0.956526 -0.023846 -0.290262
58131.858864 -239.011581 -10.385377 -23.581375 0.015359 -0.955502 -0.023522 -0.293643
58131.958864 -238.602921 -10.354464 -24.178101 0.015337 -0.954741 -0.023565 -0.296107
58132.058864 -238.178406 -10.313819 -24.806854 0.015286 -0.954430 -0.023737 -0.297095
58132.158864 -237.756699 -10.282382 -25.420410 0.014906 -0.954297 -0.024159 -0.297509
58132.258864 -237.321808 -10.248430 -26.052628 0.014149 -0.954145 -0.024030 -0.298042
58132.358864 -236.897202 -10.217046 -26.682510 0.013975 -0.953984 -0.023812 -0.298583
58132.458864 -236.456467 -10.181430 -27.321457 0.013958 -0.953888 -0.023831 -0.298888
58132.558864 -236.006470 -10.146847 -27.974350 0.013747 -0.953774 -0.024241 -0.299230
58132.658864 -235.550659 -10.103661 -28.643326 0.013738 -0.953651 -0.024818 -0.299576
58132.758864 -235.088409 -10.061378 -29.302490 0.013798 -0.953677 -0.024905 -0.299481
58132.858864 -234.632507 -10.029648 -29.958847 0.013610 -0.953725 -0.025179 -0.299313
58132.958864 -234.165176 -9.983027 -30.640060 0.013480 -0.953681 -0.024934 -0.299482
58133.058864 -233.691589 -9.951019 -31.316879 0.013201 -0.953712 -0.025487 -0.299347
58133.158864 -233.208344 -9.910414 -32.016922 0.013128 -0.953686 -0.025621 -0.299424
58133.258864 -232.725311 -9.867547 -32.722107 0.012992 -0.953613 -0.025823 -0.299645
58133.358864 -232.241714 -9.829993 -33.419754 0.012551 -0.953571 -0.026336 -0.299751
58133.458864 -231.743652 -9.790028 -34.131897 0.012696 -0.953490 -0.026567 -0.299983
58133.558864 -231.239929 -9.742192 -34.854980 0.012596 -0.953419 -0.026600 -0.300210
58133.658864 -230.739044 -9.698853 -35.572632 0.012315 -0.953288 -0.026515 -0.300646
58133.758864 -230.229599 -9.658818 -36.305084 0.011956 -0.953147 -0.026596 -0.301100
58133.858864 -229.717239 -9.608593 -37.051971 0.012105 -0.952987 -0.026298 -0.301626
58133.958864 -229.199081 -9.568127 -37.788773 0.012387 -0.952902 -0.026239 -0.301889
58134.058864 -228.678848 -9.524163 -38.535706 0.012060 -0.952722 -0.026386 -0.302454
58134.158864 -228.148117 -9.480073 -39.293823 0.011835 -0.952594 -0.026486 -0.302859
58134.258864 -227.624573 -9.440338 -40.036377 0.012001 -0.952531 -0.026299 -0.303065
58134.358864 -227.082031 -9.392309 -40.801987 0.012237 -0.952454 -0.025999 -0.303324
58134.458864 -226.544586 -9.344479 -41.565369 0.011668 -0.952347 -0.025956 -0.303688
58134.558864 -225.997330 -9.296443 -42.346542 0.011177 -0.952222 -0.026454 -0.304054
58134.658864 -225.447021 -9.253321 -43.133789 0.011110 -0.952083 -0.027079 -0.304435
58134.758864 -224.893997 -9.209569 -43.898621 0.011205 -0.952018 -0.027447 -0.304603
58134.858864 -224.340698 -9.163208 -44.681091 0.010697 -0.951913 -0.027578 -0.304938
58134.958864 -223.775497 -9.114183 -45.474457 0.010577 -0.951816 -0.027509 -0.305250
58135.058864 -223.360504 -9.077480 -46.045532 0.010464 -0.951809 -0.027457 -0.305281
58135.158864 -222.646896 -9.024137 -47.047806 0.011718 -0.951588 -0.026722 -0.305988
58135.258864 -222.090698 -8.979170 -47.828018 0.011622 -0.951585 -0.026980 -0.305978
58135.358864 -221.530472 -8.936561 -48.614853 0.012159 -0.951640 -0.027600 -0.305731
58135.458864 -220.964157 -8.882878 -49.411575 0.012377 -0.951741 -0.027477 -0.305419
58135.558864 -220.402802 -8.832809 -50.192047 0.013132 -0.951820 -0.027265 -0.305161
58135.658864 -219.844498 -8.788795 -50.987457 0.013515 -0.951908 -0.027548 -0.304844
58135.758864 -219.299545 -8.749973 -51.760727 0.013322 -0.951986 -0.027681 -0.304596
58135.858864 -218.749619 -8.704383 -52.540436 0.012952 -0.952130 -0.027437 -0.304184
58135.958864 -218.205826 -8.661533 -53.313736 0.012937 -0.952246 -0.027483 -0.303819
58136.058864 -217.662918 -8.620734 -54.083710 0.013138 -0.952345 -0.028262 -0.303426
58136.158864 -217.117447 -8.575331 -54.853745 0.014074 -0.952528 -0.028293 -0.302808
58136.258864 -216.573883 -8.536041 -55.632782 0.014575 -0.952721 -0.028034 -0.302200
58136.358864 -216.038895 -8.487956 -56.400955 0.014951 -0.953059 -0.027288 -0.301180
58136.458864 -215.508026 -8.443974 -57.162445 0.015198 -0.953501 -0.027305 -0.299767
58136.558864 -214.980881 -8.395989 -57.927597 0.015373 -0.953942 -0.027484 -0.298334
58136.658864 -214.456009 -8.349463 -58.692215 0.014907 -0.954288 -0.028234 -0.297178
58136.758864 -213.932236 -8.302197 -59.469055 0.014765 -0.954567 -0.028049 -0.296307
58136.858864 -213.415390 -8.258289 -60.231064 0.014469 -0.954900 -0.027299 -0.295317
58136.958864 -212.908279 -8.212935 -60.991943 0.014292 -0.955212 -0.026897 -0.294352
58137.058864 -212.404312 -8.176067 -61.748451 0.014097 -0.955487 -0.027628 -0.293398
58137.158864 -211.895111 -8.133919 -62.509521 0.014568 -0.955728 -0.028184 -0.292536
58137.258864 -211.383392 -8.091117 -63.281219 0.014199 -0.956033 -0.028465 -0.291528
58137.358864 -210.876633 -8.041945 -64.045448 0.014696 -0.956342 -0.027759 -0.290557
58137.458864 -210.374329 -7.999293 -64.807693 0.014653 -0.956628 -0.027425 -0.289648
58137.558864 -209.871460 -7.957586 -65.567795 0.014687 -0.956875 -0.027137 -0.288856
58137.658864 -209.367676 -7.914400 -66.337067 0.014765 -0.957157 -0.026914 -0.287938
58137.758864 -208.870575 -7.873123 -67.098618 0.015059 -0.957396 -0.026957 -0.287123
58137.858864 -208.376694 -7.832739 -67.861244 0.015275 -0.957568 -0.027423 -0.286494
58137.958864 -207.887314 -7.794291 -68.617630 0.014840 -0.957815 -0.027886 -0.285643
58138.058864 -207.410538 -7.755192 -69.368935 0.014360 -0.957996 -0.028052 -0.285046
58138.158864 -206.933746 -7.712121 -70.114098 0.013404 -0.958162 -0.028539 -0.284484
58138.258864 -206.457428 -7.669151 -70.861038 0.013014 -0.958220 -0.029072 -0.284253
58138.358864 -205.973755 -7.621150 -71.617172 0.012647 -0.958349 -0.029640 -0.283776
58138.458864 -205.497177 -7.573902 -72.363785 0.012044 -0.958406 -0.029642 -0.283609
58138.558864 -205.025726 -7.536634 -73.098946 0.011306 -0.958508 -0.029402 -0.283320
58138.658864 -204.551117 -7.487736 -73.847374 0.011378 -0.958509 -0.028746 -0.283381
58138.758864 -204.085098 -7.440498 -74.583153 0.010826 -0.958535 -0.028627 -0.283327
58138.858864 -203.609802 -7.394063 -75.324295 0.011409 -0.958532 -0.027979 -0.283380
58138.958864 -203.142334 -7.362433 -76.042862 0.011652 -0.958527 -0.028006 -0.283382
58139.058864 -202.684326 -7.320544 -76.765663 0.011577 -0.958465 -0.028545 -0.283541
58139.158864 -202.218658 -7.284017 -77.486404 0.011448 -0.958394 -0.029528 -0.283688
58139.258864 -201.747055 -7.239759 -78.209419 0.012172 -0.958387 -0.029576 -0.283676
58139.358864 -201.283463 -7.200822 -78.921455 0.012754 -0.958315 -0.028961 -0.283956
58139.458864 -200.815155 -7.154335 -79.644714 0.012378 -0.958214 -0.028556 -0.284356
58139.558864 -200.365845 -7.114230 -80.353851 0.012344 -0.958043 -0.028404 -0.284947
58139.658864 -199.913239 -7.076661 -81.058403 0.012524 -0.957941 -0.028410 -0.285282
58139.758864 -199.464737 -7.040746 -81.756218 0.012870 -0.957794 -0.028292 -0.285771
58139.858864 -199.005447 -7.000775 -82.442162 0.013627 -0.957757 -0.027700 -0.285916
58139.958864 -198.570770 -6.959636 -83.120857 0.012495 -0.957615 -0.028073 -0.286408
58140.058864 -198.134537 -6.928243 -83.785683 0.013193 -0.957526 -0.028222 -0.286660
58140.158864 -197.692978 -6.895749 -84.462212 0.013114 -0.957438 -0.028099 -0.286967
58140.258864 -197.254135 -6.863069 -85.132820 0.013653 -0.957318 -0.027341 -0.287415
58140.358864 -196.812103 -6.824775 -85.802681 0.012897 -0.957197 -0.027068 -0.287880
58140.458864 -196.365479 -6.789700 -86.476448 0.013166 -0.957091 -0.027103 -0.288216
58140.558864 -195.924423 -6.757006 -87.143349 0.013369 -0.956905 -0.027542 -0.288783
58140.658864 -195.478867 -6.720190 -87.816071 0.011690 -0.956733 -0.028417 -0.289342
58140.758864 -195.036636 -6.679589 -88.481415 0.010717 -0.956572 -0.029152 -0.289836
58140.858864 -194.602097 -6.648218 -89.131706 0.011520 -0.956438 -0.028484 -0.290314
58140.958864 -194.166443 -6.619358 -89.776459 0.012200 -0.956225 -0.027175 -0.291111
58141.058864 -193.730759 -6.583406 -90.420700 0.011292 -0.955899 -0.026505 -0.292279
58141.158864 -193.306076 -6.544477 -91.069901 0.010834 -0.955674 -0.027461 -0.292943
58141.258864 -192.863739 -6.504914 -91.718002 0.011951 -0.955561 -0.028167 -0.293202
58141.358864 -192.431992 -6.467949 -92.357117 0.012790 -0.955276 -0.028584 -0.294054
58141.458864 -192.003647 -6.430668 -92.991310 0.012423 -0.955040 -0.028731 -0.294822
58141.558864 -191.568817 -6.399165 -93.627182 0.012226 -0.954831 -0.029031 -0.295474
58141.658864 -191.156830 -6.370224 -94.225937 0.010911 -0.954764 -0.029830 -0.295664
