58177.569328 -0.000000 -0.000000 -0.000000 -0.000000 -0.000000 -0.000000 1.000000
58177.669328 0.258152 -1.736857 0.464717 -0.118463 0.011367 0.047705 0.991747
58177.769328 0.355318 -1.606150 1.008235 -0.119320 0.034573 0.046047 0.991185
58177.869328 0.453522 -1.485857 1.487240 -0.120638 0.056193 0.043398 0.990154
58177.969328 0.571517 -1.356353 2.008778 -0.121743 0.077228 0.040549 0.988722
58178.069328 0.547261 -1.363213 2.082588 -0.125109 0.103791 0.037876 0.985972
58178.169328 0.512783 -1.339867 2.082681 -0.122577 0.144791 0.037644 0.981118
58178.269328 1.091871 -0.904319 3.659651 -0.121164 0.135354 0.038974 0.982588
58178.369328 1.009788 -0.906694 3.731287 -0.123761 0.162467 0.039618 0.978120
58178.469328 1.046742 -0.863118 3.837721 -0.123616 0.167479 0.037599 0.977372
58178.569328 1.070053 -0.819121 4.079302 -0.126289 0.186204 0.033255 0.973793
58178.669328 2.052976 -0.225884 5.990835 -0.123272 0.190555 0.037587 0.973180
58178.769328 2.123552 -0.192311 6.130209 -0.123873 0.199636 0.037473 0.971286
58178.869328 2.320348 -0.159173 6.636037 -0.123701 0.209645 0.036992 0.969215
58178.969328 2.934150 0.303324 7.856709 -0.121690 0.213596 0.037187 0.968600
58179.069328 3.240805 0.505862 8.490935 -0.121585 0.218113 0.035733 0.967661
58179.169328 3.580822 0.682952 9.159620 -0.123089 0.221253 0.036965 0.966711
58179.269328 3.940450 0.884722 9.847051 -0.124354 0.223263 0.038005 0.966046
58179.369328 4.284145 1.088921 10.540457 -0.125160 0.224812 0.037458 0.965604
58179.469328 4.641278 1.284241 11.248044 -0.125689 0.225795 0.037334 0.965311
58179.569328 5.006718 1.505274 11.979305 -0.125372 0.226612 0.037269 0.965163
58179.669328 5.354371 1.723089 12.711989 -0.124870 0.227326 0.036882 0.965075
58179.769328 5.739666 1.949522 13.464914 -0.125296 0.227498 0.035880 0.965017
58179.869328 6.124500 2.174416 14.218322 -0.125910 0.227088 0.035272 0.965056
58179.969328 6.538633 2.410064 15.022286 -0.125371 0.227370 0.038124 0.964952
58180.069328 6.940950 2.639985 15.815190 -0.124454 0.227913 0.038185 0.964940
58180.169328 7.355153 2.887327 16.632669 -0.123507 0.228461 0.038365 0.964925
58180.269328 7.780423 3.132945 17.469694 -0.124557 0.228498 0.039931 0.964717
58180.369328 8.227601 3.400183 18.335773 -0.126306 0.228633 0.042067 0.964367
58180.469328 8.666144 3.669175 19.208227 -0.127566 0.229180 0.042643 0.964046
58180.569328 9.115131 3.936149 20.095932 -0.128541 0.229335 0.043088 0.963860
58180.669328 9.582540 4.222709 21.005085 -0.128625 0.229195 0.042892 0.963891
58180.769328 10.043161 4.506218 21.914787 -0.128196 0.229438 0.042771 0.963896
58180.869328 10.516993 4.790087 22.842739 -0.127576 0.229432 0.042431 0.963994
58180.969328 10.987192 5.071336 23.775490 -0.127735 0.229808 0.043103 0.963854
58181.069328 11.475047 5.364113 24.740002 -0.128594 0.229951 0.043138 0.963704
58181.169328 11.973555 5.652614 25.700136 -0.128584 0.229972 0.042911 0.963711
58181.269328 12.463643 5.942533 26.653980 -0.127631 0.230122 0.042678 0.963812
58181.369328 12.952718 6.236303 27.631578 -0.127409 0.230352 0.042247 0.963805
58181.469328 13.448501 6.526697 28.601295 -0.127885 0.230584 0.042220 0.963688
58181.569328 13.954897 6.826120 29.590071 -0.128004 0.230929 0.042724 0.963567
58181.669328 14.473392 7.128782 30.598888 -0.127893 0.231227 0.042286 0.963530
58181.769328 14.988052 7.435415 31.606533 -0.128029 0.231591 0.042347 0.963421
58181.869328 15.502117 7.746346 32.612549 -0.129871 0.231698 0.042395 0.963147
58181.969328 16.026039 8.060580 33.626633 -0.130614 0.232093 0.042971 0.962926
58182.069328 16.549301 8.378418 34.650158 -0.130878 0.232460 0.043002 0.962800
58182.169328 17.067146 8.689569 35.674900 -0.131434 0.232862 0.042244 0.962661
58182.269328 17.609570 9.008871 36.713104 -0.131698 0.232760 0.041804 0.962669
58182.369328 18.153904 9.327312 37.761543 -0.132357 0.232938 0.041625 0.962543
58182.469328 18.687258 9.639295 38.789616 -0.132748 0.233338 0.041934 0.962379
58182.569328 19.230461 9.951592 39.812534 -0.132438 0.233438 0.042086 0.962391
58182.669328 19.760908 10.259303 40.834602 -0.132538 0.234045 0.042360 0.962218
58182.769328 20.315453 10.584528 41.890690 -0.132316 0.234671 0.043315 0.962053
58182.869328 20.867985 10.918062 42.941864 -0.132060 0.235216 0.043242 0.961958
58182.969328 21.421825 11.252335 44.006355 -0.131856 0.236059 0.043280 0.961778
58183.069328 21.968557 11.575797 45.057621 -0.132126 0.236724 0.042611 0.961607
58183.169328 22.531355 11.910212 46.118343 -0.132601 0.237379 0.041978 0.961408
58183.269328 23.097717 12.239412 47.171005 -0.132852 0.237875 0.042482 0.961229
58183.369328 23.665440 12.557316 48.230297 -0.132765 0.238575 0.042308 0.961075
58183.469328 24.231628 12.893222 49.287006 -0.132066 0.239459 0.042413 0.960947
58183.569328 24.791157 13.221602 50.331795 -0.131734 0.240093 0.042065 0.960850
58183.669328 25.366987 13.544430 51.369457 -0.131714 0.240500 0.042025 0.960752
58183.769328 25.941891 13.861846 52.420609 -0.131983 0.241106 0.042141 0.960558
58183.869328 26.528673 14.193499 53.490986 -0.132373 0.241550 0.042704 0.960368
58183.969328 27.098488 14.517825 54.540371 -0.132640 0.242225 0.042702 0.960162
58184.069328 27.674334 14.842844 55.597271 -0.132311 0.242590 0.042565 0.960121
58184.169328 28.251314 15.167313 56.650696 -0.132035 0.242917 0.042329 0.960087
58184.269328 28.834627 15.503208 57.714336 -0.132398 0.243276 0.042190 0.959952
58184.369328 29.413767 15.840075 58.785664 -0.133055 0.243664 0.041906 0.959775
58184.469328 29.984022 16.167543 59.838257 -0.133583 0.244200 0.041546 0.959581
58184.569328 30.579966 16.505737 60.904442 -0.133726 0.244420 0.041933 0.959488
58184.669328 31.162613 16.835073 61.970421 -0.133888 0.244917 0.041908 0.959340
58184.769328 31.743290 17.168173 63.028351 -0.133296 0.245615 0.042430 0.959221
58184.869328 32.333908 17.503757 64.092133 -0.132866 0.246181 0.042612 0.959128
58184.969328 32.924755 17.829695 65.155090 -0.132765 0.246680 0.042705 0.959009
58185.069328 33.511780 18.154268 66.202271 -0.132708 0.247110 0.043499 0.958871
58185.169328 34.093323 18.479246 67.253494 -0.132796 0.247535 0.043642 0.958742
58185.269328 34.694462 18.811657 68.325943 -0.133573 0.247820 0.043628 0.958562
58185.369328 35.289242 19.154287 69.400002 -0.133844 0.248267 0.043276 0.958424
58185.469328 35.880672 19.486176 70.449669 -0.133603 0.248677 0.042777 0.958374
58185.569328 36.466873 19.817270 71.502754 -0.134049 0.249045 0.042513 0.958228
58185.669328 37.063663 20.158150 72.563019 -0.133961 0.249363 0.042583 0.958154
58185.769328 37.657345 20.474442 73.602074 -0.133430 0.249511 0.042172 0.958208
58185.869328 38.241436 20.790369 74.635788 -0.133337 0.249816 0.042060 0.958146
58185.969328 38.825172 21.123682 75.693718 -0.133754 0.250287 0.042065 0.957965
58186.069328 39.407318 21.452566 76.736771 -0.134638 0.250703 0.042449 0.957716
58186.169328 39.996090 21.783920 77.778564 -0.135057 0.250931 0.042648 0.957588
58186.269328 40.585896 22.118389 78.817215 -0.134532 0.251067 0.041821 0.957663
58186.369328 41.175381 22.447298 79.857269 -0.134364 0.251119 0.041742 0.957676
58186.469328 41.758663 22.768381 80.875999 -0.134235 0.251311 0.041619 0.957649
58186.569328 42.332577 23.096207 81.908104 -0.134422 0.251348 0.041010 0.957639
58186.669328 42.918884 23.426285 82.937462 -0.134805 0.251175 0.040493 0.957653
58186.769328 43.515945 23.765205 83.991516 -0.135011 0.251359 0.041264 0.957543
58186.869328 44.102917 24.094856 85.024109 -0.135575 0.251465 0.041294 0.957434
58186.969328 44.686413 24.420847 86.054550 -0.136071 0.251610 0.041481 0.957317
58187.069328 45.272400 24.742876 87.074280 -0.136285 0.251648 0.042123 0.957249
58187.169328 45.867584 25.078936 88.109711 -0.135296 0.251656 0.041900 0.957397
58187.269328 46.453926 25.396759 89.131218 -0.133721 0.251909 0.042275 0.957535
58187.369328 47.039364 25.717028 90.164482 -0.132841 0.252110 0.042493 0.957595
58187.469328 47.637241 26.040802 91.191528 -0.133111 0.252197 0.043703 0.957480
58187.569328 48.214565 26.367147 92.228996 -0.133823 0.252541 0.043872 0.957282
58187.669328 48.792721 26.680031 93.244904 -0.134407 0.252260 0.043123 0.957309
58187.769328 49.372932 27.015419 94.277573 -0.133887 0.252267 0.042817 0.957393
58187.869328 49.956894 27.331711 95.295029 -0.133197 0.251974 0.041374 0.957630
58187.969328 50.532642 27.649698 96.311386 -0.132798 0.251860 0.040465 0.957755
58188.069328 51.119995 27.973045 97.335373 -0.132937 0.251547 0.040469 0.957817
58188.169328 51.693192 28.285048 98.343872 -0.133841 0.251318 0.041110 0.957724
58188.269328 52.267826 28.612793 99.368141 -0.135167 0.251313 0.040979 0.957545
58188.369328 52.846382 28.942814 100.387192 -0.135604 0.251327 0.041314 0.957465
58188.469328 53.413059 29.255508 101.395615 -0.135540 0.251550 0.042334 0.957371
58188.569328 53.989403 29.583162 102.399109 -0.135884 0.251527 0.042406 0.957325
58188.669328 54.548695 29.903696 103.396599 -0.136115 0.251547 0.042586 0.957279
58188.769328 55.114292 30.223089 104.394272 -0.134774 0.251467 0.042109 0.957511
58188.869328 55.682930 30.539667 105.386742 -0.134470 0.251576 0.042465 0.957509
58188.969328 56.249416 30.851875 106.385147 -0.135712 0.251388 0.042032 0.957403
58189.069328 56.807961 31.171331 107.374451 -0.135747 0.251628 0.042173 0.957328
58189.169328 57.375683 31.498337 108.381699 -0.135608 0.251637 0.042105 0.957349
58189.269328 57.932671 31.808245 109.356735 -0.135927 0.251693 0.041728 0.957305
58189.369328 58.497116 32.115414 110.336151 -0.136440 0.251633 0.042109 0.957231
58189.469328 59.053825 32.428032 111.316238 -0.137237 0.251556 0.042059 0.957140
58189.569328 59.597858 32.741356 112.281822 -0.137421 0.251661 0.041347 0.957117
58189.669328 60.148106 33.056721 113.256493 -0.136685 0.251700 0.041021 0.957226
58189.769328 60.695019 33.370213 114.228050 -0.136041 0.251809 0.040046 0.957330
58189.869328 61.236984 33.685196 115.204803 -0.135879 0.252256 0.039459 0.957260
58189.969328 61.773609 33.984577 116.148010 -0.136487 0.252081 0.039218 0.957230
58190.069328 62.316074 34.292271 117.106682 -0.136963 0.252220 0.038779 0.957143
58190.169328 62.852989 34.586945 118.060776 -0.136831 0.252309 0.037493 0.957190
58190.269328 63.392838 34.890182 119.018234 -0.135889 0.252586 0.037079 0.957267
58190.369328 63.927601 35.172947 119.932007 -0.135186 0.252602 0.037246 0.957356
58190.469328 64.468369 35.467117 120.871918 -0.134619 0.252798 0.037563 0.957371
58190.569328 64.996658 35.757248 121.807816 -0.133962 0.253201 0.038210 0.957331
58190.669328 65.533882 36.052944 122.742119 -0.134046 0.253299 0.038506 0.957282
58190.769328 66.059746 36.341469 123.661079 -0.134088 0.253267 0.038783 0.957273
58190.869328 66.588097 36.633358 124.598763 -0.133373 0.253295 0.037906 0.957401
58190.969328 67.118477 36.922997 125.513779 -0.132301 0.253039 0.037680 0.957626
58191.069328 67.639755 37.197563 126.423058 -0.131999 0.252986 0.037886 0.957674
58191.169328 68.171356 37.483696 127.340218 -0.131898 0.252693 0.037766 0.957770
58191.269328 68.684509 37.756851 128.254868 -0.131512 0.252784 0.038081 0.957786
58191.369328 69.195717 38.027763 129.158646 -0.130880 0.252482 0.037112 0.957990
58191.469328 69.712669 38.301998 130.059448 -0.129713 0.252306 0.037210 0.958192
58191.569328 70.230453 38.580147 130.965363 -0.128812 0.252133 0.036674 0.958380
58191.669328 70.747040 38.852005 131.876923 -0.128441 0.251945 0.036570 0.958483
58191.769328 71.264465 39.130856 132.792007 -0.128258 0.251755 0.035914 0.958582
58191.869328 71.775505 39.397106 133.685715 -0.128022 0.251945 0.036230 0.958552
58191.969328 72.288963 39.665657 134.580887 -0.127886 0.252067 0.035641 0.958560
58192.069328 72.808411 39.936016 135.484512 -0.127745 0.252286 0.035918 0.958511
58192.169328 73.315460 40.196739 136.368408 -0.127596 0.252474 0.036292 0.958467
58192.269328 73.831802 40.462704 137.269653 -0.127867 0.252760 0.035974 0.958367
58192.369328 74.337288 40.738121 138.170258 -0.127449 0.252832 0.034565 0.958456
58192.469328 74.852074 41.003609 139.077087 -0.127325 0.252884 0.033775 0.958487
58192.569328 75.381844 41.286133 139.995483 -0.126916 0.253042 0.033724 0.958501
58192.669328 75.905930 41.565063 140.901382 -0.127219 0.252981 0.033015 0.958502
58192.769328 76.426132 41.838753 141.817078 -0.127018 0.253284 0.032613 0.958462
58192.869328 76.952789 42.114307 142.730881 -0.126373 0.253165 0.032173 0.958594
58192.969328 77.473198 42.381062 143.629913 -0.126384 0.253167 0.032439 0.958583
58193.069328 77.997681 42.648052 144.541031 -0.126698 0.252821 0.032306 0.958637
58193.169328 78.519508 42.919212 145.457260 -0.126269 0.252468 0.032246 0.958789
58193.269328 79.029114 43.181705 146.357132 -0.125514 0.252058 0.032212 0.958997
58193.369328 79.543816 43.445282 147.264191 -0.125481 0.251637 0.032555 0.959100
58193.469328 80.062950 43.718178 148.177429 -0.125479 0.251011 0.032797 0.959256
58193.569328 80.578712 43.986336 149.088776 -0.124972 0.250460 0.032969 0.959461
58193.669328 81.089890 44.235756 149.981857 -0.125122 0.250041 0.033669 0.959526
58193.769328 81.593689 44.499485 150.878723 -0.125580 0.249780 0.033860 0.959528
58193.869328 82.094818 44.763950 151.775803 -0.125487 0.249454 0.034411 0.959605
58193.969328 82.600754 45.017059 152.660110 -0.125427 0.249190 0.034309 0.959685
58194.069328 83.097069 45.272976 153.548477 -0.125398 0.249122 0.034465 0.959701
58194.169328 83.597351 45.529274 154.438873 -0.125519 0.249112 0.034625 0.959682
58194.269328 84.093330 45.782959 155.310867 -0.124715 0.249473 0.035410 0.959664
58194.369328 84.580833 46.026321 156.168610 -0.124594 0.249493 0.035422 0.959674
58194.469328 85.070625 46.285141 157.043152 -0.125400 0.249884 0.035753 0.959455
58194.569328 85.546707 46.532749 157.902557 -0.126300 0.250221 0.036625 0.959216
58194.669328 86.003510 46.771545 158.734940 -0.126271 0.250612 0.036940 0.959106
58194.769328 86.479996 47.019070 159.581085 -0.125940 0.250980 0.037435 0.959034
58194.869328 86.953674 47.257057 160.394638 -0.126123 0.250988 0.037868 0.958991
58194.969328 87.418968 47.496746 161.201843 -0.126207 0.251127 0.037461 0.958960
58195.069328 87.863647 47.717285 161.990402 -0.126187 0.251546 0.038037 0.958830
58195.169328 88.323235 47.953785 162.777512 -0.125097 0.251554 0.037866 0.958977
58195.269328 88.761452 48.178715 163.563293 -0.124400 0.252234 0.037559 0.958901
58195.369328 89.191063 48.391972 164.334015 -0.124409 0.252701 0.036867 0.958804
58195.469328 89.626801 48.603725 165.081390 -0.124861 0.252938 0.036902 0.958682
58195.569328 90.065926 48.826382 165.838547 -0.124729 0.253054 0.036464 0.958685
58195.669328 90.519615 49.068348 166.617355 -0.124562 0.253401 0.035484 0.958652
58195.769328 90.883438 49.203323 167.291367 -0.125647 0.254162 0.036121 0.958285
