58288.059216 -0.000000 -0.000000 -0.000000 -0.000000 -0.000000 -0.000000 1.000000
58288.159216 0.001768 -0.006548 0.556600 0.000058 0.000573 -0.000037 1.000000
58288.259216 0.008805 -0.005368 1.124336 0.001054 0.001235 0.000448 0.999999
58288.359216 0.017722 -0.011666 1.702760 0.000268 0.001735 0.000930 0.999998
58288.459216 0.028457 -0.013660 2.301757 -0.001177 0.002138 0.001296 0.999996
58288.559216 0.037529 0.005287 2.809410 -0.002009 0.002680 0.002033 0.999992
58288.659216 0.048623 0.008506 3.151584 -0.004480 0.004170 0.001718 0.999980
58288.759216 0.055804 -0.008228 4.178560 -0.004343 0.003615 0.000909 0.999984
58288.859216 0.067762 -0.006861 4.816200 -0.004151 0.003899 0.001289 0.999983
58288.959216 0.079219 -0.001853 5.461219 -0.003999 0.004595 0.001334 0.999981
58289.059216 0.101370 -0.011628 6.108614 -0.004801 0.004965 0.001673 0.999975
58289.159216 0.112235 -0.007907 6.772223 -0.006116 0.005699 0.001950 0.999963
58289.259216 0.127504 0.001454 7.454009 -0.007119 0.006341 0.001332 0.999954
58289.359216 0.137897 0.011500 8.137957 -0.007151 0.006884 0.000946 0.999950
58289.459216 0.154704 0.009355 8.838269 -0.007129 0.007604 0.001838 0.999944
58289.559216 0.176472 0.020659 9.540934 -0.007589 0.008184 0.002588 0.999934
58289.659216 0.194034 0.027982 10.251060 -0.008120 0.009047 0.002716 0.999922
58289.759216 0.215922 0.032366 10.961850 -0.009778 0.009693 0.001918 0.999903
58289.859216 0.236812 0.049298 11.695990 -0.010495 0.010240 0.002151 0.999890
58289.959216 0.256917 0.058371 12.436976 -0.010302 0.010792 0.002542 0.999886
58290.059216 0.281389 0.073351 13.195227 -0.009889 0.011388 0.003100 0.999882
58290.159216 0.300953 0.081746 13.945219 -0.009027 0.012321 0.002355 0.999881
58290.259216 0.323880 0.092811 14.699537 -0.009035 0.012917 0.001490 0.999875
58290.359216 0.349776 0.103811 15.487464 -0.009541 0.013500 0.002018 0.999861
58290.459216 0.380082 0.117823 16.293478 -0.010000 0.014073 0.002023 0.999849
58290.559216 0.406594 0.126368 17.085838 -0.010608 0.014862 0.002843 0.999829
58290.659216 0.441737 0.146050 17.906067 -0.011054 0.015502 0.003542 0.999812
58290.759216 0.471752 0.158993 18.725288 -0.011885 0.016405 0.003127 0.999790
58290.859216 0.498192 0.170562 19.554146 -0.012288 0.017245 0.002408 0.999773
58290.959216 0.537747 0.190692 20.391802 -0.012058 0.017534 0.002015 0.999772
58291.059216 0.569727 0.204572 21.233057 -0.012451 0.018375 0.002386 0.999751
58291.159216 0.612884 0.219945 22.087332 -0.013600 0.019121 0.003066 0.999720
58291.259216 0.650460 0.241725 22.958891 -0.015242 0.020057 0.003478 0.999677
58291.359216 0.704219 0.262974 23.814978 -0.016335 0.020962 0.004808 0.999635
58291.459216 0.743558 0.288052 24.667252 -0.015999 0.021949 0.005618 0.999615
58291.559216 0.794504 0.312662 25.538029 -0.014784 0.022520 0.005817 0.999620
58291.659216 0.832765 0.336572 26.398233 -0.012377 0.023597 0.005679 0.999629
58291.759216 0.880129 0.349921 27.246708 -0.011107 0.024638 0.006757 0.999612
58291.859216 0.927359 0.366828 28.121302 -0.010889 0.025621 0.006300 0.999593
58291.959216 0.973001 0.376734 28.984385 -0.011543 0.026815 0.005240 0.999560
58292.059216 1.026716 0.384233 29.855339 -0.012347 0.027853 0.005972 0.999518
58292.159216 1.083958 0.407749 30.752020 -0.012069 0.028565 0.005494 0.999504
58292.259216 1.144148 0.417164 31.634878 -0.011737 0.029668 0.003956 0.999483
58292.359216 1.203403 0.430581 32.507786 -0.010935 0.030275 0.004028 0.999474
58292.459216 1.271425 0.454625 33.412548 -0.010234 0.031051 0.004163 0.999457
58292.559216 1.338432 0.458598 34.297768 -0.010794 0.032022 0.004231 0.999420
58292.659216 1.403602 0.465577 35.201694 -0.010882 0.032745 0.004904 0.999393
58292.759216 1.476696 0.483552 36.100212 -0.010258 0.033346 0.006242 0.999372
58292.859216 1.537978 0.494729 36.997219 -0.009385 0.034338 0.006165 0.999347
58292.959216 1.611696 0.504515 37.895218 -0.009312 0.035051 0.006618 0.999320
58293.059216 1.682596 0.510599 38.797874 -0.009995 0.035536 0.006231 0.999299
58293.159216 1.753265 0.524032 39.742367 -0.010993 0.036172 0.008205 0.999252
58293.259216 1.829676 0.543716 40.666897 -0.010918 0.036689 0.006909 0.999243
58293.359216 1.904767 0.561555 41.586853 -0.010715 0.037598 0.005665 0.999219
58293.459216 1.987789 0.569841 42.499943 -0.010574 0.037569 0.005972 0.999220
58293.559216 2.066179 0.587567 43.429455 -0.010248 0.038060 0.006002 0.999205
58293.659216 2.142662 0.588577 44.348972 -0.009439 0.038642 0.006018 0.999190
58293.759216 2.214302 0.596132 45.277885 -0.009195 0.038954 0.002971 0.999194
58293.859216 2.290478 0.608712 46.222645 -0.008433 0.039065 0.002439 0.999198
58293.959216 2.364456 0.623588 47.170334 -0.008432 0.038956 0.001943 0.999204
58294.059216 2.444404 0.629965 48.110313 -0.008507 0.039684 0.000355 0.999176
58294.159216 2.524598 0.642173 49.053623 -0.008936 0.039879 -0.001290 0.999164
58294.259216 2.606567 0.648428 50.000957 -0.009603 0.039605 0.000147 0.999169
58294.359216 2.692128 0.658983 50.953476 -0.009117 0.039483 0.001664 0.999177
58294.459216 2.775519 0.662086 51.906544 -0.008392 0.039317 0.002367 0.999189
58294.559216 2.846661 0.669070 52.841347 -0.008135 0.038832 0.002222 0.999210
58294.659216 2.925731 0.674087 53.808388 -0.009362 0.037672 0.002659 0.999243
58294.759216 3.007839 0.683833 54.790207 -0.008988 0.036934 0.004839 0.999266
58294.859216 3.079395 0.690992 55.757206 -0.008150 0.036564 0.005236 0.999284
58294.959216 3.155229 0.697665 56.745411 -0.006484 0.035926 0.003487 0.999327
58295.059216 3.220779 0.701998 57.723717 -0.005626 0.035058 0.004308 0.999360
58295.159216 3.299093 0.709271 58.713127 -0.005716 0.033909 0.004538 0.999398
58295.259216 3.356880 0.714699 59.692566 -0.007129 0.033912 0.003528 0.999393
58295.359216 3.414888 0.716411 60.658573 -0.008128 0.033214 0.002571 0.999412
58295.459216 3.486228 0.721672 61.639393 -0.007051 0.032400 0.002903 0.999446
58295.559216 3.547095 0.722286 62.629272 -0.005032 0.032181 0.002056 0.999467
58295.659216 3.611460 0.726076 63.621475 -0.004318 0.032073 0.001619 0.999475
58295.759216 3.680970 0.729904 64.619934 -0.005243 0.031705 0.001286 0.999483
58295.859216 3.742937 0.724174 65.606529 -0.007142 0.032267 0.002619 0.999450
58295.959216 3.819052 0.735938 66.618149 -0.008871 0.033079 0.002785 0.999409
58296.059216 3.880720 0.729408 67.629852 -0.008225 0.034508 0.001499 0.999369
58296.159216 3.960569 0.720940 68.591782 -0.004034 0.035919 0.001503 0.999345
58296.259216 4.050213 0.722821 69.587402 -0.002588 0.038191 0.001751 0.999266
58296.359216 4.137352 0.714497 70.594749 -0.004617 0.041040 0.001078 0.999146
58296.459216 4.224233 0.713791 71.595566 -0.006415 0.044075 -0.000646 0.999007
58296.559216 4.322456 0.713512 72.573868 -0.007517 0.047035 -0.001119 0.998864
58296.659216 4.424321 0.709262 73.540054 -0.008219 0.049903 -0.000361 0.998720
58296.759216 4.534835 0.712941 74.512245 -0.007905 0.052829 -0.000755 0.998572
58296.859216 4.655060 0.715000 75.474846 -0.006545 0.055889 0.000010 0.998416
58296.959216 4.769130 0.719208 76.430779 -0.006501 0.059061 -0.000670 0.998233
58297.059216 4.898441 0.715507 77.371803 -0.008800 0.062214 0.000719 0.998024
58297.159216 5.033839 0.725664 78.327255 -0.011100 0.064857 0.001754 0.997831
58297.259216 5.169290 0.728820 79.251457 -0.011520 0.067945 0.001375 0.997622
58297.359216 5.309872 0.732795 80.183090 -0.010541 0.070765 0.001380 0.997436
58297.459216 5.459590 0.737486 81.111511 -0.009806 0.073374 0.002202 0.997254
58297.559216 5.604867 0.752072 82.051590 -0.010115 0.076370 0.001106 0.997028
58297.659216 5.755136 0.752618 82.951881 -0.010839 0.079210 0.000604 0.996799
58297.759216 5.913821 0.757196 83.848991 -0.011504 0.081855 0.001317 0.996577
58297.859216 6.068994 0.768466 84.749046 -0.011100 0.084714 0.000497 0.996343
58297.959216 6.236485 0.768140 85.633476 -0.011034 0.087497 -0.000474 0.996104
58298.059216 6.404095 0.775987 86.505562 -0.010201 0.090244 0.000089 0.995867
58298.159216 6.582398 0.778613 87.383240 -0.009212 0.093092 0.001045 0.995614
58298.259216 6.756309 0.787638 88.249855 -0.008922 0.096095 0.001381 0.995331
58298.359216 6.938586 0.794989 89.107750 -0.009863 0.098982 0.001901 0.995039
58298.459216 7.129445 0.797753 89.981743 -0.010733 0.102049 0.003342 0.994716
58298.559216 7.322348 0.791264 90.828415 -0.010609 0.105371 0.004446 0.994366
58298.659216 7.511841 0.803086 91.682304 -0.010358 0.108910 0.004855 0.993986
58298.759216 7.716751 0.810928 92.529900 -0.010710 0.111683 0.005550 0.993671
58298.859216 7.925096 0.824517 93.371643 -0.011122 0.114533 0.006363 0.993337
58298.959216 8.132970 0.826673 94.199982 -0.011429 0.117389 0.007373 0.992993
58299.059216 8.341756 0.834646 95.026779 -0.011221 0.120413 0.007219 0.992634
58299.159216 8.555614 0.846222 95.847679 -0.011447 0.123934 0.007319 0.992198
58299.259216 8.782039 0.854692 96.668076 -0.012172 0.127666 0.007501 0.991714
58299.359216 9.018779 0.867919 97.493263 -0.013132 0.131796 0.008972 0.991149
58299.459216 9.269161 0.874676 98.309792 -0.013531 0.135698 0.010058 0.990607
58299.559216 9.515288 0.889166 99.111458 -0.012546 0.139715 0.011013 0.990051
58299.659216 9.757476 0.906125 99.908646 -0.011604 0.143901 0.010833 0.989465
58299.759216 10.006435 0.920093 100.697525 -0.010748 0.147935 0.011108 0.988876
58299.859216 10.272416 0.929663 101.476936 -0.010612 0.151557 0.011953 0.988319
58299.959216 10.543576 0.944163 102.273499 -0.010353 0.155231 0.012926 0.987739
58300.059216 10.803117 0.950480 103.051949 -0.010018 0.158637 0.012682 0.987205
58300.159216 11.080348 0.970488 103.828346 -0.009748 0.161287 0.013193 0.986771
58300.259216 11.353236 0.978078 104.602547 -0.010517 0.163714 0.014841 0.986340
58300.359216 11.635414 0.991532 105.385712 -0.011828 0.165744 0.015796 0.985971
58300.459216 11.911631 0.999820 106.159134 -0.013088 0.167407 0.016652 0.985660
58300.559216 12.189430 1.015358 106.944633 -0.014033 0.168778 0.016298 0.985419
58300.659216 12.467144 1.035288 107.716316 -0.014449 0.170080 0.015936 0.985195
58300.759216 12.755054 1.051323 108.488625 -0.014830 0.170777 0.016188 0.985065
58300.859216 13.036074 1.068000 109.258675 -0.015079 0.171304 0.017109 0.984954
58300.959216 13.320826 1.085298 110.019379 -0.015615 0.171207 0.017119 0.984963
58301.059216 13.593793 1.106018 110.775139 -0.016346 0.171239 0.016659 0.984953
58301.159216 13.863223 1.125943 111.528137 -0.016298 0.171023 0.015942 0.985003
58301.259216 14.129988 1.143717 112.274086 -0.015194 0.170832 0.015548 0.985060
58301.359216 14.403980 1.154298 112.997467 -0.013538 0.170284 0.014963 0.985188
58301.459216 14.658243 1.165856 113.737976 -0.011074 0.170592 0.014582 0.985172
58301.559216 14.919574 1.175896 114.446815 -0.008315 0.170365 0.015008 0.985232
58301.659216 15.167829 1.181203 115.149803 -0.006406 0.170512 0.014427 0.985229
58301.759216 15.430431 1.177251 115.862823 -0.004920 0.170431 0.014677 0.985248
58301.859216 15.682622 1.174081 116.547394 -0.004217 0.170042 0.015298 0.985309
58301.959216 15.935538 1.180714 117.240440 -0.003312 0.169980 0.015714 0.985317
58302.059216 16.175516 1.168023 117.907944 -0.003841 0.169808 0.015284 0.985351
58302.159216 16.430172 1.178064 118.598579 -0.004156 0.169747 0.014742 0.985369
58302.259216 16.657404 1.168730 119.230209 -0.005679 0.169141 0.014864 0.985463
58302.359216 16.905077 1.184894 119.912361 -0.007103 0.169409 0.015234 0.985403
58302.459216 17.132429 1.184127 120.527756 -0.008845 0.169261 0.015004 0.985417
58302.559216 17.352234 1.185218 121.121223 -0.009824 0.168584 0.014825 0.985527
58302.659216 17.564678 1.196369 121.738213 -0.009917 0.168974 0.014519 0.985464
58302.759216 17.776220 1.202082 122.296387 -0.010194 0.168652 0.014450 0.985517
58302.859216 17.961279 1.216176 122.874359 -0.010958 0.169233 0.013411 0.985424
58302.959216 18.148937 1.219232 123.400642 -0.011182 0.169155 0.013840 0.985429
58303.059216 18.329191 1.234444 123.918930 -0.011516 0.169389 0.013154 0.985394
58303.159216 18.514526 1.237997 124.418777 -0.011696 0.169188 0.013920 0.985416
58303.259216 18.682993 1.240391 124.903961 -0.011832 0.169367 0.012759 0.985399
58303.359216 18.856195 1.242914 125.371773 -0.011639 0.169063 0.012394 0.985459
58303.459216 19.020020 1.249808 125.844917 -0.011830 0.169243 0.011740 0.985433
58303.559216 19.189728 1.268363 126.334930 -0.011620 0.169792 0.011448 0.985345
58303.659216 19.346756 1.268107 126.782097 -0.011908 0.170530 0.011024 0.985219
58303.759216 19.514263 1.293183 127.253456 -0.011116 0.171153 0.010812 0.985123
58303.859216 19.683199 1.273999 127.682861 -0.011845 0.170911 0.011081 0.985153
58303.959216 19.852732 1.278388 128.119995 -0.011830 0.170873 0.011387 0.985156
58304.059216 20.017282 1.286800 128.572678 -0.011265 0.171298 0.010681 0.985097
58304.159216 20.182705 1.292189 129.001846 -0.010905 0.171211 0.010631 0.985117
58304.259216 20.332544 1.293783 129.438614 -0.011025 0.171799 0.010484 0.985015
58304.359216 20.487934 1.303524 129.878082 -0.011007 0.172317 0.010630 0.984923
58304.459216 20.652874 1.301540 130.307770 -0.011189 0.172389 0.010877 0.984905
58304.559216 20.814011 1.305141 130.744614 -0.011403 0.172685 0.010583 0.984854
58304.659216 20.981279 1.316185 131.167801 -0.010956 0.172563 0.010967 0.984876
58304.759216 21.140112 1.322054 131.589981 -0.010714 0.172873 0.011281 0.984821
58304.859216 21.298967 1.329893 132.038696 -0.010853 0.173341 0.010803 0.984743
58304.959216 21.453743 1.335795 132.470444 -0.010639 0.173718 0.010389 0.984683
58305.059216 21.613371 1.334816 132.896179 -0.010907 0.173642 0.010059 0.984697
58305.159216 21.778439 1.344950 133.317688 -0.010504 0.173772 0.010656 0.984672
58305.259216 21.938515 1.346536 133.748016 -0.010866 0.173728 0.010168 0.984681
58305.359216 22.096985 1.360673 134.189911 -0.010419 0.174247 0.010609 0.984590
58305.459216 22.256790 1.370629 134.625748 -0.010277 0.174094 0.010357 0.984621
58305.559216 22.413780 1.367399 135.058426 -0.011033 0.174249 0.009884 0.984590
58305.659216 22.572863 1.375255 135.493118 -0.010951 0.174320 0.010316 0.984574
58305.759216 22.730759 1.383349 135.915573 -0.010970 0.174276 0.010502 0.984580
58305.859216 22.888571 1.391171 136.348907 -0.010816 0.174519 0.010480 0.984539
58305.959216 23.046698 1.397870 136.784180 -0.011102 0.174392 0.010259 0.984560
58306.059216 23.208498 1.408452 137.220459 -0.011122 0.174371 0.010260 0.984564
58306.159216 23.362303 1.411849 137.639175 -0.011171 0.174366 0.010239 0.984564
58306.259216 23.522230 1.418535 138.071487 -0.011267 0.174192 0.010320 0.984593
58306.359216 23.680407 1.426326 138.480255 -0.011124 0.174058 0.010421 0.984617
58306.459216 23.838392 1.430706 138.906189 -0.011052 0.174130 0.010560 0.984604
58306.559216 24.002247 1.437952 139.322739 -0.010662 0.173626 0.010457 0.984698
58306.659216 24.152391 1.442406 139.763672 -0.010556 0.174127 0.010545 0.984610
58306.759216 24.309853 1.442759 140.193054 -0.010700 0.174165 0.010272 0.984605
58306.859216 24.468599 1.453493 140.621216 -0.009984 0.174169 0.011082 0.984603
58306.959216 24.627092 1.457098 141.048111 -0.009836 0.174162 0.011179 0.984604
58307.059216 24.785423 1.462993 141.465759 -0.009953 0.174167 0.011430 0.984600
58307.159216 24.944887 1.462614 141.896957 -0.010388 0.174013 0.011352 0.984623
58307.259216 25.103691 1.474239 142.321518 -0.010174 0.173804 0.011815 0.984657
58307.359216 25.261904 1.478843 142.751068 -0.010844 0.173846 0.011629 0.984645
58307.459216 25.420525 1.484069 143.186356 -0.011214 0.174108 0.012202 0.984587
58307.559216 25.581633 1.491146 143.614548 -0.011472 0.173916 0.012412 0.984615
58307.659216 25.739735 1.496919 144.040375 -0.011389 0.173991 0.012695 0.984600
58307.759216 25.899050 1.501949 144.469391 -0.011699 0.173931 0.012712 0.984606
58307.859216 26.059938 1.503463 144.904877 -0.011668 0.174061 0.012776 0.984583
58307.959216 26.218142 1.511870 145.336578 -0.011309 0.174088 0.012406 0.984587
58308.059216 26.382551 1.524011 145.782944 -0.011930 0.174194 0.012696 0.984557
58308.159216 26.543629 1.528652 146.218094 -0.012715 0.174251 0.013157 0.984531
58308.259216 26.693811 1.530516 146.627396 -0.013026 0.173994 0.013468 0.984569
58308.359216 26.852621 1.546726 147.045425 -0.012436 0.174086 0.013349 0.984561
58308.459216 27.003407 1.557809 147.445923 -0.012556 0.173994 0.013576 0.984573
58308.559216 27.139904 1.551947 147.825439 -0.013518 0.174238 0.012858 0.984527
58308.659216 27.274828 1.569622 148.205200 -0.012849 0.174550 0.013411 0.984473
58308.759216 27.412109 1.565400 148.560287 -0.013180 0.174428 0.013834 0.984485
58308.859216 27.538767 1.576828 148.911713 -0.013172 0.174357 0.013516 0.984502
58308.959216 27.664541 1.587141 149.233627 -0.012900 0.174382 0.014395 0.984488
58309.059216 27.781509 1.598744 149.552933 -0.012855 0.174229 0.014625 0.984513
58309.159216 27.896271 1.590677 149.853973 -0.013479 0.174388 0.014456 0.984479
58309.259216 28.002876 1.603582 150.156876 -0.013441 0.174495 0.014575 0.984458
58309.359216 28.111897 1.604263 150.417328 -0.013321 0.174221 0.015117 0.984501
58309.459216 28.211607 1.601111 150.686829 -0.013747 0.174259 0.015129 0.984488
58309.559216 28.307625 1.607199 150.949036 -0.013430 0.174211 0.015363 0.984497
58309.659216 28.399338 1.612788 151.209518 -0.013419 0.174473 0.015384 0.984450
58309.759216 28.485235 1.626503 151.436401 -0.013117 0.174330 0.015017 0.984486
58309.859216 28.553799 1.637500 151.657425 -0.012982 0.174808 0.015263 0.984399
58309.959216 28.659880 1.631111 151.892151 -0.013359 0.174289 0.015382 0.984484
58310.059216 28.739355 1.633639 152.078842 -0.013018 0.174329 0.014849 0.984489
58310.159216 28.804241 1.642383 152.311203 -0.013030 0.174646 0.015543 0.984422
58310.259216 28.880692 1.646349 152.466431 -0.013052 0.173909 0.015274 0.984557
58310.359216 28.943783 1.650359 152.652237 -0.012825 0.174144 0.014571 0.984529
58310.459216 29.013517 1.653958 152.850891 -0.012779 0.174235 0.015599 0.984498
58310.559216 29.071873 1.675222 153.015106 -0.011472 0.174250 0.016395 0.984498
58310.659216 29.133942 1.663500 153.166153 -0.012627 0.174090 0.015956 0.984520
58310.759216 29.197935 1.658656 153.315109 -0.012955 0.173628 0.015450 0.984605
58310.859216 29.251160 1.666027 153.475143 -0.012027 0.174315 0.016109 0.984485
58310.959216 29.299397 1.677989 153.642090 -0.011457 0.174360 0.015852 0.984488
58311.059216 29.370165 1.677566 153.791214 -0.011243 0.174015 0.016445 0.984542
58311.159216 29.421877 1.681652 153.946152 -0.011110 0.174309 0.016493 0.984490
58311.259216 29.474079 1.678052 154.111679 -0.011380 0.174363 0.015669 0.984491
58311.359216 29.531410 1.688275 154.270462 -0.010918 0.174101 0.015604 0.984544
58311.459216 29.590427 1.692688 154.416336 -0.010759 0.174209 0.016251 0.984516
58311.559216 29.640812 1.673617 154.516174 -0.011435 0.173797 0.016458 0.984578
58311.659216 29.717459 1.671325 154.686127 -0.011485 0.173359 0.016365 0.984656
58311.759216 29.778614 1.680979 154.862930 -0.010402 0.173260 0.017350 0.984668
58311.859216 29.834526 1.685288 155.020233 -0.010069 0.173217 0.016585 0.984693
58311.959216 29.891644 1.686669 155.170898 -0.009151 0.173276 0.016895 0.984686
58312.059216 29.957420 1.693030 155.367859 -0.008780 0.173647 0.016874 0.984624
58312.159216 30.016844 1.694538 155.530060 -0.007948 0.173445 0.016283 0.984677
58312.259216 30.110428 1.707540 155.762299 -0.006771 0.173156 0.016548 0.984732
58312.359216 30.199585 1.707801 156.013794 -0.006249 0.173337 0.016961 0.984697
58312.459216 30.267113 1.734124 156.235291 -0.004933 0.173051 0.018040 0.984735
58312.559216 30.377382 1.718571 156.453568 -0.005822 0.172631 0.017079 0.984821
58312.659216 30.468607 1.734620 156.746063 -0.005324 0.172888 0.017643 0.984769
58312.759216 30.573826 1.726585 157.040527 -0.005712 0.172809 0.017596 0.984782
58312.859216 30.689129 1.730885 157.337372 -0.005806 0.172519 0.017508 0.984833
58312.959216 30.786930 1.733311 157.657410 -0.005723 0.172842 0.017374 0.984780
58313.059216 30.928240 1.747411 158.029953 -0.005129 0.172837 0.016115 0.984805
58313.159216 31.067850 1.746376 158.359131 -0.004994 0.171853 0.016775 0.984967
58313.259216 31.192043 1.760184 158.726105 -0.004661 0.172266 0.017465 0.984885
58313.359216 31.376387 1.782104 159.157547 -0.004102 0.172192 0.017351 0.984902
58313.459216 31.537045 1.786726 159.560760 -0.003827 0.171507 0.017901 0.985013
58313.559216 31.675329 1.798176 159.988525 -0.003863 0.171090 0.017997 0.985083
58313.659216 31.835400 1.803685 160.412476 -0.004655 0.169763 0.018055 0.985309
58313.759216 31.985567 1.810770 160.889114 -0.005149 0.169412 0.017672 0.985373
58313.859216 32.160336 1.809411 161.343430 -0.005426 0.167900 0.017574 0.985633
58313.959216 32.339775 1.822581 161.881134 -0.005330 0.167371 0.017732 0.985720
58314.059216 32.535568 1.828319 162.415909 -0.005584 0.166537 0.017874 0.985857
58314.159216 32.726933 1.846407 162.964569 -0.004949 0.165397 0.018985 0.986032
58314.259216 32.923645 1.848334 163.515472 -0.005039 0.164072 0.019372 0.986245
58314.359216 33.118416 1.852782 164.102737 -0.005407 0.163323 0.019233 0.986370
58314.459216 33.319767 1.866487 164.706787 -0.005406 0.162234 0.018268 0.986568
58314.559216 33.529240 1.880711 165.322922 -0.005301 0.160972 0.019119 0.986760
58314.659216 33.735607 1.888468 165.958344 -0.006875 0.159714 0.018693 0.986962
58314.759216 33.955299 1.905438 166.625763 -0.008187 0.158356 0.018298 0.987179
58314.859216 34.179020 1.918010 167.303375 -0.009130 0.156968 0.017296 0.987410
58314.959216 34.395950 1.922584 167.963715 -0.009725 0.155528 0.016599 0.987644
58315.059216 34.625427 1.933556 168.676575 -0.009882 0.154336 0.015332 0.987850
58315.159216 34.863533 1.954587 169.409058 -0.009262 0.153579 0.014749 0.987983
58315.259216 35.094997 1.969951 170.124786 -0.008918 0.152375 0.014267 0.988180
58315.359216 35.319588 1.966355 170.840118 -0.008852 0.151460 0.013537 0.988331
58315.459216 35.539120 1.974710 171.561035 -0.007404 0.150604 0.013339 0.988476
58315.559216 35.780628 1.986206 172.320450 -0.005835 0.149633 0.013596 0.988631
58315.659216 36.015659 1.999693 173.076370 -0.004712 0.148707 0.014138 0.988769
58315.759216 36.269913 2.007146 173.841476 -0.005199 0.147255 0.015822 0.988958
58315.859216 36.502033 2.021199 174.618942 -0.006393 0.146555 0.016267 0.989048
58315.959216 36.741802 2.031569 175.417908 -0.007130 0.145583 0.016565 0.989182
58316.059216 36.994221 2.044510 176.222595 -0.007188 0.144480 0.016643 0.989342
58316.159216 37.226345 2.062296 177.046265 -0.006566 0.143800 0.016965 0.989439
58316.259216 37.464485 2.067148 177.861450 -0.006480 0.143144 0.016142 0.989549
58316.359216 37.716904 2.071023 178.703644 -0.006336 0.142172 0.015832 0.989695
58316.459216 37.966911 2.076797 179.537979 -0.006236 0.141201 0.016162 0.989829
58316.559216 38.222347 2.091492 180.401352 -0.006116 0.140591 0.016825 0.989906
58316.659216 38.477230 2.095457 181.258133 -0.006213 0.140225 0.016825 0.989957
58316.759216 38.733021 2.102743 182.148880 -0.005884 0.140137 0.016708 0.989974
58316.859216 38.998466 2.116504 183.053299 -0.005652 0.139737 0.017819 0.990012
58316.959216 39.257927 2.122091 183.956161 -0.006263 0.140044 0.018190 0.989958
58317.059216 39.534718 2.123629 184.863007 -0.007353 0.140402 0.019068 0.989884
58317.159216 39.803776 2.140794 185.788696 -0.007741 0.140492 0.019863 0.989852
58317.259216 40.079586 2.153575 186.720108 -0.008019 0.140740 0.020257 0.989807
58317.359216 40.360317 2.182662 187.670425 -0.007887 0.141519 0.020071 0.989701
58317.459216 40.651173 2.191010 188.613312 -0.008041 0.141948 0.020574 0.989628
58317.559216 40.937286 2.208894 189.559723 -0.007553 0.142085 0.020990 0.989603
58317.659216 41.228008 2.217043 190.508026 -0.007279 0.142087 0.021405 0.989596
58317.759216 41.523819 2.222233 191.472733 -0.007621 0.142226 0.021839 0.989564
58317.859216 41.806931 2.234367 192.429031 -0.008221 0.142424 0.022424 0.989518
58317.959216 42.095463 2.243812 193.401779 -0.008764 0.142367 0.023193 0.989503
58318.059216 42.381496 2.256942 194.362167 -0.008952 0.142386 0.023348 0.989495
58318.159216 42.681168 2.278513 195.342224 -0.009099 0.143048 0.023279 0.989400
58318.259216 42.982891 2.295569 196.317993 -0.008809 0.143848 0.023008 0.989293
58318.359216 43.274685 2.311307 197.286911 -0.008185 0.144497 0.023328 0.989196
58318.459216 43.572662 2.322317 198.244797 -0.008183 0.145055 0.023700 0.989106
58318.559216 43.876385 2.336808 199.223190 -0.008689 0.145901 0.024048 0.988969
58318.659216 44.183002 2.354737 200.199203 -0.008501 0.146577 0.023937 0.988873
58318.759216 44.491291 2.360441 201.170837 -0.008672 0.147260 0.024229 0.988763
58318.859216 44.797310 2.379855 202.162018 -0.009062 0.148112 0.024281 0.988631
58318.959216 45.108147 2.396215 203.141373 -0.009311 0.149030 0.024648 0.988482
58319.059216 45.420338 2.408280 204.121597 -0.009232 0.150113 0.024629 0.988319
58319.159216 45.735363 2.426142 205.101349 -0.008976 0.151316 0.024879 0.988132
58319.259216 46.052307 2.434696 206.081528 -0.009179 0.152496 0.024443 0.987959
58319.359216 46.375725 2.454097 207.063263 -0.009179 0.153553 0.024160 0.987802
58319.459216 46.700027 2.457580 208.034988 -0.009381 0.154574 0.024320 0.987637
58319.559216 47.026432 2.481722 209.027756 -0.009779 0.155856 0.024023 0.987439
58319.659216 47.345146 2.493952 210.008148 -0.010726 0.157156 0.023614 0.987233
58319.759216 47.675217 2.515460 210.999161 -0.010571 0.158321 0.022676 0.987071
58319.859216 48.013527 2.531516 211.980637 -0.009598 0.159328 0.022223 0.986929
58319.959216 48.342701 2.542682 212.958511 -0.009246 0.160514 0.021934 0.986747
58320.059216 48.679600 2.555590 213.938416 -0.009734 0.161815 0.021052 0.986549
58320.159216 49.029415 2.581206 214.934158 -0.009678 0.162777 0.020518 0.986402
58320.259216 49.379955 2.592386 215.921539 -0.009131 0.163829 0.020881 0.986225
58320.359216 49.729271 2.612349 216.919754 -0.008984 0.164761 0.021280 0.986063
58320.459216 50.087299 2.626289 217.927551 -0.009986 0.165564 0.021607 0.985912
58320.559216 50.442703 2.643548 218.920624 -0.010728 0.166182 0.020986 0.985813
58320.659216 50.790062 2.675704 219.915512 -0.010422 0.166826 0.020402 0.985720
58320.759216 51.145802 2.687780 220.916595 -0.009909 0.167519 0.019569 0.985625
58320.859216 51.499485 2.708182 221.916885 -0.009108 0.168072 0.018525 0.985559
58320.959216 51.854160 2.722195 222.917053 -0.008893 0.168635 0.017449 0.985484
58321.059216 52.215157 2.743987 223.919968 -0.008513 0.169077 0.016808 0.985423
58321.159216 52.582649 2.755710 224.934357 -0.008260 0.169598 0.016321 0.985344
58321.259216 52.937824 2.772230 225.939087 -0.007605 0.170270 0.016030 0.985238
58321.359216 53.305313 2.780617 226.948746 -0.007330 0.170703 0.016233 0.985162
58321.459216 53.678429 2.786674 227.961700 -0.007963 0.171250 0.017002 0.985049
58321.559216 54.053749 2.801329 228.991241 -0.009419 0.171778 0.017307 0.984939
58321.659216 54.424614 2.817748 230.007187 -0.011039 0.172225 0.017313 0.984844
58321.759216 54.792198 2.835533 231.017502 -0.011765 0.172663 0.016980 0.984764
58321.859216 55.171852 2.853165 232.038361 -0.011991 0.173141 0.016883 0.984679
58321.959216 55.546886 2.879979 233.065140 -0.011644 0.173750 0.015899 0.984593
58322.059216 55.934113 2.897508 234.096130 -0.011156 0.174108 0.015508 0.984541
58322.159216 56.311668 2.912962 235.115616 -0.010789 0.174544 0.015262 0.984472
58322.259216 56.689247 2.940121 236.138748 -0.010806 0.175116 0.014753 0.984378
58322.359216 57.075428 2.966105 237.167374 -0.010677 0.175477 0.014616 0.984317
58322.459216 57.466385 2.985062 238.197845 -0.010264 0.176036 0.014212 0.984228
58322.559216 57.848053 2.991023 239.206543 -0.010082 0.176536 0.014285 0.984139
58322.659216 58.238358 3.006663 240.238220 -0.010155 0.177194 0.014695 0.984014
58322.759216 58.625381 3.019225 241.253403 -0.011315 0.178031 0.014529 0.983853
58322.859216 59.013664 3.042461 242.274246 -0.012133 0.178827 0.014560 0.983698
58322.959216 59.406616 3.061799 243.291779 -0.012032 0.179725 0.015011 0.983529
58323.059216 59.804363 3.083920 244.302582 -0.010960 0.180621 0.014717 0.983382
58323.159216 60.194874 3.103823 245.325287 -0.010547 0.181997 0.013527 0.983150
58323.259216 60.591106 3.131568 246.339081 -0.010375 0.183697 0.013064 0.982841
58323.359216 60.991226 3.149964 247.352554 -0.010815 0.185670 0.012746 0.982470
58323.459216 61.400829 3.163587 248.353989 -0.011591 0.187464 0.012972 0.982117
58323.559216 61.819721 3.182046 249.366745 -0.012509 0.189043 0.012718 0.981807
58323.659216 62.234035 3.209380 250.372055 -0.013200 0.190779 0.012353 0.981467
58323.759216 62.649796 3.230917 251.375366 -0.013472 0.192683 0.011872 0.981097
58323.859216 63.060936 3.245527 252.353302 -0.013503 0.194589 0.011953 0.980719
58323.959216 63.469986 3.258741 253.334518 -0.013213 0.196530 0.011653 0.980340
58324.059216 63.898491 3.275160 254.320587 -0.012795 0.198449 0.011284 0.979963
58324.159216 64.330070 3.295199 255.309967 -0.012640 0.200482 0.010822 0.979556
58324.259216 64.762466 3.315076 256.295074 -0.012491 0.202259 0.009905 0.979202
58324.359216 65.187164 3.332249 257.264526 -0.011625 0.204288 0.008873 0.978802
58324.459216 65.623306 3.347644 258.243988 -0.011238 0.206168 0.008623 0.978414
58324.559216 66.054802 3.360317 259.207031 -0.011637 0.208066 0.008358 0.978010
58324.659216 66.483223 3.373409 260.165283 -0.011920 0.209923 0.007867 0.977614
58324.759216 66.908539 3.388606 261.121216 -0.012074 0.211833 0.007974 0.977199
58324.859216 67.358116 3.412826 262.079163 -0.012147 0.213359 0.007590 0.976869
58324.959216 67.792839 3.423434 263.031219 -0.012757 0.214905 0.006357 0.976531
58325.059216 68.244522 3.440759 263.981293 -0.013209 0.216051 0.005098 0.976280
58325.159216 68.684219 3.453796 264.915436 -0.012898 0.217114 0.003626 0.976054
58325.259216 69.124718 3.471587 265.855865 -0.011659 0.218157 0.002200 0.975842
58325.359216 69.557808 3.480068 266.786743 -0.008856 0.218866 -0.001551 0.975714
58325.459216 69.990379 3.489858 267.721832 -0.005235 0.219209 -0.006428 0.975643
58325.559216 70.432587 3.484102 268.657532 -0.005657 0.218749 -0.007488 0.975736
58325.659216 70.868034 3.484019 269.591919 -0.011043 0.218999 -0.007694 0.975632
58325.759216 71.312210 3.494723 270.539246 -0.015361 0.219322 -0.008660 0.975493
58325.859216 71.742195 3.506573 271.466766 -0.015213 0.218796 -0.014314 0.975547
58325.959216 72.161484 3.526278 272.392578 -0.012224 0.218179 -0.018782 0.975652
58326.059216 72.578224 3.525968 273.292175 -0.009942 0.216958 -0.017538 0.975973
58326.159216 72.997620 3.533726 274.212891 -0.010258 0.216182 -0.019420 0.976106
58326.259216 73.422852 3.532180 275.139069 -0.011819 0.214799 -0.017854 0.976424
58326.359216 73.844650 3.525794 276.057007 -0.012061 0.212260 -0.017596 0.976980
58326.459216 74.253815 3.529232 276.975464 -0.010535 0.210436 -0.018679 0.977372
58326.559216 74.657166 3.531692 277.875977 -0.009821 0.207964 -0.016276 0.977952
58326.659216 75.057549 3.538155 278.792725 -0.013301 0.205880 -0.014596 0.978378
58326.759216 75.466469 3.550213 279.731140 -0.017401 0.203914 -0.013095 0.978746
58326.859216 75.857849 3.563720 280.631439 -0.019520 0.200972 -0.010578 0.979345
58326.959216 76.234413 3.573554 281.533234 -0.019008 0.197854 -0.011315 0.979982
58327.059216 76.602303 3.588373 282.444122 -0.017532 0.194768 -0.012115 0.980618
58327.159216 76.987541 3.615760 283.345123 -0.017252 0.191198 -0.009145 0.981357
58327.259216 77.356613 3.639279 284.263184 -0.020798 0.188283 -0.007643 0.981865
58327.359216 77.711212 3.664664 285.187103 -0.021032 0.185251 -0.008516 0.982429
58327.459216 78.042091 3.674806 286.073639 -0.018705 0.181227 -0.009218 0.983220
58327.559216 78.380295 3.699773 286.982300 -0.016204 0.177116 -0.009029 0.984015
58327.659216 78.709084 3.717609 287.878693 -0.016717 0.173531 -0.010350 0.984632
58327.759216 79.015717 3.731765 288.781647 -0.018321 0.170242 -0.011203 0.985168
58327.859216 79.323433 3.754292 289.692627 -0.018928 0.166586 -0.011899 0.985773
58327.959216 79.626968 3.776306 290.607727 -0.019604 0.163014 -0.013268 0.986340
58328.059216 79.921761 3.807376 291.521759 -0.019746 0.159288 -0.014479 0.986928
58328.159216 80.210335 3.832567 292.441711 -0.019529 0.155525 -0.014982 0.987525
58328.259216 80.504448 3.855670 293.372131 -0.019398 0.151612 -0.015777 0.988124
58328.359216 80.774208 3.872345 294.271057 -0.020386 0.147939 -0.016514 0.988648
58328.459216 81.038742 3.901532 295.192200 -0.020420 0.144280 -0.016132 0.989195
58328.559216 81.301865 3.923886 296.112762 -0.020578 0.140175 -0.016284 0.989779
58328.659216 81.557869 3.944327 297.025482 -0.020599 0.136254 -0.016485 0.990323
58328.759216 81.808434 3.963086 297.955780 -0.021180 0.132387 -0.015902 0.990844
58328.859216 82.054359 3.989313 298.884369 -0.021606 0.128385 -0.015687 0.991365
58328.959216 82.297752 4.017742 299.824493 -0.022498 0.124449 -0.015308 0.991853
58329.059216 82.528229 4.044172 300.771820 -0.023095 0.120512 -0.015015 0.992330
58329.159216 82.754089 4.078272 301.705750 -0.024016 0.116754 -0.014994 0.992757
58329.259216 82.974068 4.114434 302.658325 -0.025821 0.112858 -0.014319 0.993172
58329.359216 83.187164 4.147854 303.610107 -0.027803 0.109320 -0.012511 0.993539
58329.459216 83.396240 4.179272 304.543945 -0.026663 0.105444 -0.011210 0.994005
58329.559216 83.591583 4.222914 305.498047 -0.025862 0.102079 -0.011715 0.994371
58329.659216 83.782234 4.260798 306.441437 -0.025010 0.098976 -0.011432 0.994710
58329.759216 83.974678 4.303081 307.396484 -0.025507 0.096317 -0.010337 0.994970
58329.859216 84.159607 4.344736 308.362396 -0.027511 0.094355 -0.009958 0.995109
58329.959216 84.339905 4.379139 309.318604 -0.029484 0.092387 -0.008825 0.995247
58330.059216 84.525787 4.424582 310.291077 -0.029747 0.090308 -0.008451 0.995434
58330.159216 84.696472 4.475320 311.262695 -0.029661 0.089073 -0.007107 0.995558
58330.259216 84.878609 4.515937 312.237396 -0.029541 0.087404 -0.005822 0.995718
58330.359216 85.055153 4.559193 313.219940 -0.028533 0.086292 -0.005731 0.995845
58330.459216 85.223030 4.589468 314.176025 -0.026585 0.085133 -0.003606 0.996008
58330.559216 85.400833 4.625949 315.170441 -0.024877 0.083825 -0.001514 0.996169
58330.659216 85.579735 4.664578 316.163177 -0.025213 0.083140 -0.000337 0.996219
58330.759216 85.747948 4.702139 317.144165 -0.025972 0.082375 0.001310 0.996262
58330.859216 85.915215 4.733377 318.116943 -0.025583 0.081710 0.002229 0.996325
58330.959216 86.088974 4.768530 319.095062 -0.024624 0.081449 0.004297 0.996364
58331.059216 86.260063 4.811542 320.094116 -0.024934 0.081516 0.005215 0.996346
58331.159216 86.420532 4.848367 321.076233 -0.025391 0.081692 0.005349 0.996320
58331.259216 86.594597 4.893003 322.080231 -0.025448 0.081587 0.006849 0.996318
58331.359216 86.761269 4.939511 323.083771 -0.027090 0.081703 0.007234 0.996262
58331.459216 86.938858 4.961580 324.050476 -0.027588 0.081818 0.007317 0.996239
58331.559216 87.106071 4.998613 325.041290 -0.025201 0.082196 0.006836 0.996274
58331.659216 87.278961 5.047267 326.044037 -0.023585 0.083016 0.007248 0.996243
58331.759216 87.458801 5.084527 327.034393 -0.024746 0.084145 0.007318 0.996119
58331.859216 87.638344 5.120416 328.045044 -0.023748 0.085793 0.007344 0.996003
58331.959216 87.820816 5.156658 329.035126 -0.023267 0.087495 0.008639 0.995856
58332.059216 88.007805 5.197402 330.038788 -0.024544 0.089817 0.008581 0.995619
58332.159216 88.199303 5.223493 331.019073 -0.024665 0.091812 0.008176 0.995437
58332.259216 88.393326 5.261887 332.007233 -0.023202 0.093711 0.007798 0.995299
58332.359216 88.604889 5.307890 333.000488 -0.022988 0.096010 0.009608 0.995069
58332.459216 88.805542 5.340393 334.002991 -0.024139 0.098923 0.009236 0.994760
58332.559216 89.013512 5.375823 334.991608 -0.024876 0.101638 0.009538 0.994465
58332.659216 89.238327 5.413863 335.989227 -0.023944 0.103628 0.010563 0.994272
58332.759216 89.469452 5.454707 336.978485 -0.022749 0.105662 0.011248 0.994078
58332.859216 89.691956 5.489069 337.985901 -0.021294 0.107961 0.010367 0.993873
58332.959216 89.917641 5.526140 338.980743 -0.020307 0.110065 0.009577 0.993671
58333.059216 90.152687 5.561345 339.968201 -0.021800 0.111756 0.009377 0.993452
58333.159216 90.399147 5.600356 340.982086 -0.023994 0.112873 0.010449 0.993265
58333.259216 90.633705 5.636544 341.985077 -0.024429 0.113859 0.010169 0.993144
58333.359216 90.870117 5.668182 342.978607 -0.023004 0.114649 0.010094 0.993088
58333.459216 91.103973 5.710073 343.979675 -0.021858 0.115199 0.010509 0.993046
58333.559216 91.360664 5.748462 344.991486 -0.022496 0.115070 0.010969 0.993042
58333.659216 91.593628 5.778860 345.989929 -0.022687 0.115188 0.010194 0.993032
58333.759216 91.830399 5.817423 346.997284 -0.022485 0.115007 0.009516 0.993065
58333.859216 92.062965 5.857091 347.990723 -0.023263 0.114982 0.010656 0.993038
58333.959216 92.298836 5.894287 348.988159 -0.024339 0.115046 0.010691 0.993004
58334.059216 92.541077 5.932586 349.996735 -0.023857 0.115363 0.011095 0.992975
58334.159216 92.772240 5.970357 350.987122 -0.023207 0.115685 0.010614 0.992958
58334.259216 93.013161 6.009756 351.995911 -0.023245 0.116147 0.010174 0.992908
58334.359216 93.261414 6.045769 353.006866 -0.023467 0.116499 0.010629 0.992857
58334.459216 93.499718 6.087355 354.004395 -0.022983 0.116899 0.010222 0.992825
58334.559216 93.736038 6.119782 355.016510 -0.022845 0.117471 0.010275 0.992760
58334.659216 93.994469 6.163247 356.048523 -0.023076 0.117642 0.009679 0.992741
58334.759216 94.225250 6.196186 357.049622 -0.023735 0.118150 0.009193 0.992670
58334.859216 94.489372 6.237709 358.087708 -0.023239 0.118428 0.010823 0.992632
58334.959216 94.745605 6.274162 359.112274 -0.021733 0.118757 0.012555 0.992606
58335.059216 94.995003 6.308334 360.122009 -0.022285 0.119190 0.010378 0.992567
58335.159216 95.247963 6.343202 361.147064 -0.023989 0.118990 0.011555 0.992538
58335.259216 95.508575 6.386710 362.181854 -0.024181 0.118707 0.011843 0.992564
58335.359216 95.761421 6.428397 363.215302 -0.022480 0.119059 0.011052 0.992571
58335.459216 96.006073 6.465207 364.240448 -0.020899 0.118849 0.009983 0.992642
58335.559216 96.255356 6.499053 365.265228 -0.020965 0.118451 0.010079 0.992687
58335.659216 96.513161 6.537401 366.300415 -0.022965 0.118234 0.010762 0.992662
58335.759216 96.766655 6.575191 367.333740 -0.024160 0.118048 0.010967 0.992653
58335.859216 97.020004 6.615095 368.361847 -0.024012 0.117796 0.011098 0.992685
58335.959216 97.267632 6.646189 369.385529 -0.023739 0.117720 0.010688 0.992706
58336.059216 97.523254 6.685781 370.429565 -0.024338 0.118034 0.010797 0.992653
58336.159216 97.789330 6.731542 371.478333 -0.025263 0.118433 0.011946 0.992569
58336.259216 98.043663 6.769186 372.523712 -0.023892 0.119014 0.012290 0.992529
58336.359216 98.308121 6.811191 373.575165 -0.022954 0.119338 0.012182 0.992514
58336.459216 98.576736 6.858207 374.628906 -0.022760 0.119516 0.012846 0.992488
58336.559216 98.844254 6.904723 375.688324 -0.022771 0.119732 0.012866 0.992462
58336.659216 99.108910 6.946476 376.745850 -0.023086 0.120174 0.013220 0.992396
58336.759216 99.379280 6.983282 377.800812 -0.023602 0.120222 0.013618 0.992373
58336.859216 99.642731 7.024047 378.867584 -0.023531 0.120537 0.013616 0.992337
58336.959216 99.914040 7.075146 379.933197 -0.023405 0.120555 0.014213 0.992329
58337.059216 100.181114 7.115783 380.991577 -0.023866 0.120478 0.015146 0.992314
58337.159216 100.443611 7.150961 382.054382 -0.023843 0.120393 0.014574 0.992333
58337.259216 100.717102 7.194993 383.117249 -0.023039 0.120264 0.015239 0.992358
58337.359216 100.984756 7.235006 384.185730 -0.022963 0.119957 0.014820 0.992403
58337.459216 101.253197 7.275085 385.251221 -0.023583 0.119949 0.015381 0.992381
58337.559216 101.524170 7.329477 386.336975 -0.024815 0.119957 0.015415 0.992349
58337.659216 101.788681 7.366182 387.413666 -0.025483 0.120026 0.015763 0.992318
58337.759216 102.063141 7.423193 388.499695 -0.024763 0.119944 0.016814 0.992329
58337.859216 102.333115 7.468014 389.574829 -0.024648 0.120248 0.017874 0.992277
58337.959216 102.606529 7.507578 390.656494 -0.024704 0.120303 0.018385 0.992260
58338.059216 102.876236 7.552540 391.739380 -0.021928 0.120150 0.016913 0.992369
58338.159216 103.144417 7.588535 392.820099 -0.018875 0.120078 0.015014 0.992471
58338.259216 103.400940 7.615972 393.885376 -0.020184 0.120081 0.015177 0.992443
58338.359216 103.677757 7.660694 394.988617 -0.023283 0.120278 0.014673 0.992359
58338.459216 103.944183 7.709415 396.073029 -0.024367 0.120231 0.013730 0.992352
58338.559216 104.222687 7.758142 397.178528 -0.024797 0.120188 0.015288 0.992324
58338.659216 104.497658 7.793443 398.271332 -0.025061 0.120149 0.015791 0.992314
58338.759216 104.771202 7.841550 399.369690 -0.024157 0.120338 0.016208 0.992307
58338.859216 105.043221 7.885860 400.467834 -0.024109 0.120124 0.015926 0.992338
58338.959216 105.317406 7.935681 401.568329 -0.023853 0.120199 0.015110 0.992348
58339.059216 105.585808 7.978647 402.664551 -0.023738 0.120199 0.015042 0.992352
58339.159216 105.852539 8.025135 403.755096 -0.024585 0.120124 0.013257 0.992366
58339.259216 106.125313 8.070425 404.864471 -0.025170 0.120075 0.012382 0.992368
58339.359216 106.399429 8.123394 405.966003 -0.024377 0.120214 0.012287 0.992373
58339.459216 106.673943 8.170064 407.061005 -0.024109 0.120227 0.011907 0.992382
58339.559216 106.950752 8.212916 408.180908 -0.023907 0.120203 0.012253 0.992386
58339.659216 107.223404 8.254807 409.281342 -0.023183 0.120083 0.012358 0.992416
58339.759216 107.491341 8.298416 410.377106 -0.023142 0.120398 0.012727 0.992374
58339.859216 107.770088 8.343344 411.488464 -0.024575 0.120390 0.013952 0.992324
58339.959216 108.046440 8.397160 412.604889 -0.025470 0.120747 0.015149 0.992241
58340.059216 108.320404 8.441249 413.708801 -0.025393 0.120818 0.015381 0.992231
58340.159216 108.603577 8.482876 414.811737 -0.024554 0.120630 0.015303 0.992276
58340.259216 108.897232 8.536202 415.948456 -0.023581 0.120723 0.015560 0.992284
58340.359216 109.175591 8.577303 417.055725 -0.023148 0.120741 0.015252 0.992297
58340.459216 109.460197 8.611907 418.160858 -0.023714 0.120563 0.015378 0.992303
58340.559216 109.741768 8.663653 419.288788 -0.024849 0.120525 0.015883 0.992272
58340.659216 110.017334 8.714858 420.394135 -0.025175 0.120532 0.016188 0.992258
58340.759216 110.296722 8.756353 421.504211 -0.025244 0.120600 0.015896 0.992253
58340.859216 110.576561 8.803093 422.615967 -0.025375 0.120376 0.016053 0.992274
58340.959216 110.857140 8.852095 423.726654 -0.025901 0.120406 0.016344 0.992252
58341.059216 111.136627 8.895615 424.838165 -0.025303 0.120542 0.016410 0.992250
58341.159216 111.416267 8.939793 425.955322 -0.023516 0.120763 0.015302 0.992285
58341.259216 111.696335 8.977286 427.055328 -0.022257 0.120577 0.014748 0.992345
58341.359216 111.987419 9.019962 428.180481 -0.022407 0.120261 0.014502 0.992383
58341.459216 112.271194 9.069226 429.306854 -0.023370 0.120269 0.014806 0.992356
58341.559216 112.556404 9.115400 430.425934 -0.024673 0.120284 0.015368 0.992314
58341.659216 112.838631 9.159426 431.541046 -0.025243 0.120274 0.015067 0.992305
58341.759216 113.104408 9.192012 432.636902 -0.025293 0.120493 0.015136 0.992276
58341.859216 113.388939 9.237888 433.750702 -0.024822 0.120366 0.014774 0.992309
58341.959216 113.667183 9.282303 434.871185 -0.024551 0.120485 0.014232 0.992310
58342.059216 113.942070 9.321511 435.982056 -0.023988 0.120476 0.012894 0.992343
58342.159216 114.227493 9.368353 437.115112 -0.023699 0.120357 0.012853 0.992365
58342.259216 114.521187 9.416018 438.250702 -0.024956 0.120606 0.012679 0.992306
58342.359216 114.810257 9.460316 439.379242 -0.024391 0.121058 0.012266 0.992270
58342.459216 115.104988 9.508067 440.521362 -0.022419 0.121365 0.013192 0.992267
58342.559216 115.390831 9.572049 441.661285 -0.024433 0.121624 0.012814 0.992193
58342.659216 115.681816 9.624722 442.809204 -0.028144 0.120992 0.012236 0.992179
58342.759216 115.954239 9.663516 443.927704 -0.028518 0.119843 0.010825 0.992324
58342.859216 116.246872 9.715280 445.089386 -0.025980 0.119186 0.008101 0.992499
58342.959216 116.512123 9.776554 446.199219 -0.023910 0.119401 0.004425 0.992548
58343.059216 116.793831 9.834092 447.341919 -0.023730 0.119320 0.005019 0.992559
58343.159216 117.081863 9.881568 448.473114 -0.025780 0.119180 0.006821 0.992514
58343.259216 117.368683 9.921539 449.581573 -0.025816 0.119350 0.008950 0.992476
58343.359216 117.643654 9.962582 450.675232 -0.026920 0.119631 0.010568 0.992397
58343.459216 117.926575 10.017093 451.802460 -0.028421 0.119781 0.011659 0.992325
58343.559216 118.204437 10.067554 452.912079 -0.028523 0.119994 0.011452 0.992299
58343.659216 118.474648 10.109556 454.005310 -0.027241 0.120042 0.010321 0.992341
58343.759216 118.743820 10.151656 455.109711 -0.026286 0.120268 0.009626 0.992347
58343.859216 119.013733 10.203000 456.214325 -0.027014 0.120278 0.010216 0.992320
58343.959216 119.295670 10.253723 457.317841 -0.028286 0.120437 0.010276 0.992265
58344.059216 119.577148 10.305851 458.426422 -0.027481 0.120373 0.009148 0.992306
58344.159216 119.843605 10.354782 459.495575 -0.026346 0.120413 0.009754 0.992326
58344.259216 120.120216 10.412314 460.592346 -0.026605 0.120730 0.009065 0.992287
58344.359216 120.377213 10.459284 461.664764 -0.027618 0.121422 0.009128 0.992175
58344.459216 120.657631 10.497617 462.756836 -0.028306 0.121342 0.009248 0.992164
58344.559216 120.931076 10.546618 463.848053 -0.026550 0.121875 0.011131 0.992128
58344.659216 121.217270 10.597244 464.932495 -0.025029 0.122276 0.014002 0.992082
58344.759216 121.488075 10.638516 465.999359 -0.025350 0.122835 0.012057 0.992030
58344.859216 121.762520 10.690441 467.072388 -0.023933 0.122947 0.012490 0.992046
58344.959216 122.047470 10.754647 468.161987 -0.023312 0.122729 0.011643 0.992098
58345.059216 122.328072 10.796681 469.247589 -0.024159 0.122768 0.009245 0.992098
58345.159216 122.594673 10.848599 470.328369 -0.026061 0.122980 0.008063 0.992034
58345.259216 122.873672 10.901214 471.413696 -0.028134 0.122608 0.008724 0.992018
58345.359216 123.155640 10.943432 472.484528 -0.028995 0.122465 0.008965 0.992009
58345.459216 123.431793 10.995547 473.552246 -0.027102 0.122314 0.010225 0.992069
58345.559216 123.716698 11.040094 474.632935 -0.026035 0.121893 0.011371 0.992137
58345.659216 123.985321 11.085744 475.694000 -0.024785 0.121799 0.011758 0.992176
58345.759216 124.250755 11.129593 476.748657 -0.024246 0.121510 0.012453 0.992216
58345.859216 124.517982 11.174438 477.807037 -0.024242 0.121327 0.013154 0.992229
58345.959216 124.786621 11.224034 478.866852 -0.024096 0.121092 0.012855 0.992266
58346.059216 125.050438 11.263869 479.922150 -0.023878 0.120928 0.013167 0.992287
58346.159216 125.324707 11.316120 480.990417 -0.024477 0.120603 0.012718 0.992318
58346.259216 125.584816 11.353237 482.034454 -0.025248 0.120320 0.012691 0.992333
58346.359216 125.849838 11.400798 483.092316 -0.025421 0.120137 0.012575 0.992352
58346.459216 126.108711 11.439471 484.136841 -0.025000 0.119938 0.012510 0.992388
58346.559216 126.376945 11.484608 485.207825 -0.024115 0.119731 0.012206 0.992438
58346.659216 126.633568 11.529366 486.250824 -0.023861 0.119475 0.011554 0.992483
58346.759216 126.896721 11.564075 487.303711 -0.024193 0.119175 0.011447 0.992512
58346.859216 127.151276 11.595234 488.338104 -0.024803 0.118930 0.011768 0.992523
58346.959216 127.413414 11.637446 489.384705 -0.024507 0.118504 0.011907 0.992580
58347.059216 127.669113 11.677880 490.432526 -0.024446 0.118300 0.012164 0.992602
58347.159216 127.916763 11.712223 491.456879 -0.023827 0.118269 0.011678 0.992627
58347.259216 128.180344 11.750313 492.497620 -0.023219 0.117935 0.010576 0.992693
58347.359216 128.430023 11.796181 493.528259 -0.023054 0.117748 0.008602 0.992739
58347.459216 128.691528 11.844901 494.573761 -0.025308 0.117671 0.010299 0.992677
58347.559216 128.951538 11.884200 495.608398 -0.027920 0.117543 0.010907 0.992615
58347.659216 129.196381 11.907145 496.622223 -0.027075 0.117663 0.011271 0.992620
58347.759216 129.435028 11.966055 497.639526 -0.025816 0.117497 0.008845 0.992698
58347.859216 129.682281 12.010562 498.657623 -0.027188 0.117094 0.007167 0.992723
58347.959216 129.929688 12.043960 499.674103 -0.027686 0.116601 0.006549 0.992771
58348.059216 130.173065 12.083910 500.688049 -0.026512 0.116947 0.006139 0.992765
58348.159216 130.427887 12.132170 501.716461 -0.025362 0.116889 0.006825 0.992798
58348.259216 130.671082 12.175587 502.720306 -0.025048 0.116865 0.007666 0.992802
58348.359216 130.910995 12.217462 503.733917 -0.025489 0.116939 0.007845 0.992781
58348.459216 131.177338 12.258514 504.766693 -0.025704 0.116443 0.009259 0.992822
58348.559216 131.426712 12.304498 505.795319 -0.025689 0.116463 0.009770 0.992815
58348.659216 131.679749 12.346998 506.817230 -0.025745 0.116465 0.010350 0.992807
58348.759216 131.927292 12.389607 507.837067 -0.026470 0.116483 0.010652 0.992783
58348.859216 132.175156 12.436215 508.850403 -0.026832 0.116526 0.010678 0.992768
58348.959216 132.426468 12.478597 509.858582 -0.027135 0.116442 0.011440 0.992761
58349.059216 132.658615 12.531732 510.853149 -0.026859 0.116755 0.010935 0.992737
58349.159216 132.901382 12.569246 511.839600 -0.026979 0.116811 0.011441 0.992722
58349.259216 133.139908 12.618002 512.836426 -0.026793 0.117168 0.010654 0.992693
58349.359216 133.383820 12.668667 513.828064 -0.026751 0.117640 0.010361 0.992642
58349.459216 133.625290 12.708288 514.807373 -0.026811 0.117881 0.010825 0.992607
58349.559216 133.859985 12.747556 515.775208 -0.026293 0.118469 0.010178 0.992557
58349.659216 134.101700 12.790476 516.750732 -0.025997 0.118719 0.009836 0.992539
58349.759216 134.337448 12.824498 517.715637 -0.026519 0.119329 0.009841 0.992452
58349.859216 134.578964 12.874557 518.679077 -0.026994 0.119636 0.009842 0.992402
58349.959216 134.814911 12.913813 519.635010 -0.027828 0.120267 0.010182 0.992299
58350.059216 135.060791 12.954391 520.584839 -0.027682 0.120598 0.011000 0.992254
58350.159216 135.300232 12.980837 521.520386 -0.026913 0.120692 0.011587 0.992257
58350.259216 135.524612 13.028696 522.444946 -0.026257 0.121278 0.011438 0.992205
58350.359216 135.742889 13.078299 523.381897 -0.025816 0.121791 0.011918 0.992148
58350.459216 135.982666 13.106778 524.310730 -0.026331 0.121701 0.011721 0.992148
58350.559216 136.211121 13.144502 525.217041 -0.025590 0.121853 0.011136 0.992156
58350.659216 136.437149 13.185136 526.130310 -0.024941 0.122497 0.012042 0.992082
58350.759216 136.668015 13.232055 527.014160 -0.024800 0.122191 0.012541 0.992117
58350.859216 136.895142 13.254868 527.887451 -0.025088 0.122399 0.013591 0.992071
58350.959216 137.109161 13.290360 528.768188 -0.025512 0.122725 0.014629 0.992005
58351.059216 137.335892 13.331067 529.643799 -0.024941 0.122850 0.014895 0.992000
58351.159216 137.558365 13.353598 530.495850 -0.024925 0.122968 0.016032 0.991968
58351.259216 137.779953 13.397903 531.353760 -0.024675 0.123341 0.015967 0.991929
58351.359216 137.980972 13.430799 532.195007 -0.026218 0.124227 0.014980 0.991794
58351.459216 138.199875 13.468128 533.050537 -0.026692 0.125101 0.016189 0.991653
58351.559216 138.428131 13.494135 533.888000 -0.025694 0.125537 0.016510 0.991619
58351.659216 138.648453 13.523900 534.713806 -0.024715 0.126286 0.016804 0.991544
58351.759216 138.858704 13.571730 535.564941 -0.023403 0.127258 0.017818 0.991434
