58391.203536 -0.000000 -0.000000 -0.000000 -0.000000 -0.000000 -0.000000 1.000000
58391.303536 -0.001552 -0.003490 0.728996 -0.001784 -0.000441 -0.001668 0.999997
58391.403536 -0.008257 -0.006834 1.463018 -0.002926 -0.000666 -0.002866 0.999991
58391.503536 -0.005000 -0.008916 2.206053 -0.003632 -0.001190 -0.003108 0.999988
58391.603536 -0.011494 -0.009704 2.954113 -0.003905 -0.001367 -0.004027 0.999983
58391.703536 -0.016298 -0.013393 3.678886 -0.004243 -0.001445 -0.005614 0.999974
58391.803536 -0.019762 -0.010843 4.491193 -0.004049 -0.001841 -0.006888 0.999966
58391.903536 -0.021623 -0.011473 5.272917 -0.004180 -0.002204 -0.008111 0.999956
58392.003536 -0.021036 -0.011388 6.072962 -0.004418 -0.002179 -0.008488 0.999952
58392.103536 -0.017804 -0.011416 6.882170 -0.004934 -0.002201 -0.008815 0.999947
58392.203536 -0.010466 -0.014708 7.694885 -0.005535 -0.002055 -0.009223 0.999940
58392.303536 -0.007113 -0.008283 8.525977 -0.005530 -0.001671 -0.008544 0.999947
58392.403536 0.000461 -0.010745 9.360005 -0.005509 -0.001539 -0.007276 0.999957
58392.503536 0.001615 -0.010025 10.203113 -0.004516 -0.001115 -0.006247 0.999970
58392.603536 0.006337 -0.002929 11.055644 -0.003646 -0.000915 -0.005563 0.999978
58392.703536 0.009974 -0.012194 11.903732 -0.004446 -0.001173 -0.005121 0.999976
58392.803536 0.011222 -0.007476 12.779599 -0.005860 -0.001696 -0.005032 0.999969
58392.903536 0.009593 -0.001544 13.668549 -0.006762 -0.002233 -0.004754 0.999963
58393.003536 0.007182 0.002675 14.553146 -0.006888 -0.003237 -0.005160 0.999958
58393.103536 -0.000836 0.006951 15.444860 -0.007147 -0.004122 -0.005206 0.999952
58393.203536 -0.007187 0.008993 16.350286 -0.007072 -0.004910 -0.004314 0.999954
58393.303536 -0.009638 0.014000 17.263512 -0.006562 -0.005886 -0.003494 0.999955
58393.403536 -0.012250 0.021740 18.196951 -0.005651 -0.006708 -0.000909 0.999961
58393.503536 -0.017726 0.028087 19.114067 -0.006308 -0.007709 0.000955 0.999950
58393.603536 -0.035957 0.037766 20.060720 -0.007145 -0.008804 0.001265 0.999935
58393.703536 -0.055302 0.034889 20.993296 -0.007499 -0.010414 0.000799 0.999917
58393.803536 -0.070728 0.031581 21.928495 -0.007191 -0.012105 0.001606 0.999900
58393.903536 -0.093452 0.036188 22.864649 -0.007181 -0.013529 0.002250 0.999880
58394.003536 -0.118482 0.039546 23.820051 -0.007089 -0.014601 0.002159 0.999866
58394.103536 -0.156929 0.042037 24.767815 -0.006902 -0.015873 0.001867 0.999849
58394.203536 -0.197670 0.050124 25.724810 -0.007576 -0.017242 0.003368 0.999817
58394.303536 -0.233371 0.048910 26.680319 -0.009107 -0.018259 0.003632 0.999785
58394.403536 -0.274615 0.058384 27.649611 -0.009593 -0.019216 0.003288 0.999764
58394.503536 -0.314773 0.065683 28.600792 -0.009035 -0.020674 0.001591 0.999744
58394.603536 -0.356618 0.069774 29.572172 -0.008286 -0.022247 -0.000319 0.999718
58394.703536 -0.413744 0.072251 30.542622 -0.008110 -0.023579 -0.002504 0.999686
58394.803536 -0.466499 0.076869 31.520103 -0.008748 -0.024626 -0.004088 0.999650
58394.903536 -0.518411 0.084535 32.496021 -0.009878 -0.025725 -0.005112 0.999607
58395.003536 -0.567665 0.093025 33.488865 -0.010758 -0.026933 -0.005895 0.999562
58395.103536 -0.627813 0.106566 34.472248 -0.009816 -0.027993 -0.008999 0.999519
58395.203536 -0.692449 0.111131 35.455849 -0.007095 -0.029144 -0.013949 0.999453
58395.303536 -0.755518 0.117197 36.448009 -0.006416 -0.030389 -0.013239 0.999430
58395.403536 -0.815084 0.129397 37.458500 -0.009945 -0.031177 -0.011623 0.999397
58395.503536 -0.885816 0.151111 38.454552 -0.013796 -0.031159 -0.013614 0.999327
58395.603536 -0.959242 0.175679 39.445610 -0.013282 -0.032038 -0.011944 0.999327
58395.703536 -1.022306 0.179911 40.428612 -0.011701 -0.033662 -0.011740 0.999296
58395.803536 -1.086292 0.191473 41.414032 -0.010203 -0.034514 -0.011460 0.999286
58395.903536 -1.160124 0.207979 42.406803 -0.009058 -0.035745 -0.011773 0.999251
58396.003536 -1.232094 0.216079 43.392715 -0.008798 -0.036669 -0.011450 0.999223
58396.103536 -1.304073 0.215345 44.382210 -0.008755 -0.037729 -0.011652 0.999182
58396.203536 -1.375060 0.221611 45.375351 -0.007402 -0.038838 -0.011565 0.999151
58396.303536 -1.455955 0.222249 46.373165 -0.005364 -0.039917 -0.012651 0.999109
58396.403536 -1.542551 0.219819 47.368095 -0.002791 -0.041133 -0.013758 0.999055
58396.503536 -1.635301 0.207769 48.365047 -0.001549 -0.042190 -0.015927 0.998981
58396.603536 -1.726065 0.199117 49.384682 -0.001297 -0.043248 -0.017311 0.998914
58396.703536 -1.820014 0.195478 50.405651 -0.002212 -0.044153 -0.017824 0.998863
58396.803536 -1.910282 0.186616 51.435680 -0.002864 -0.045017 -0.018190 0.998817
58396.903536 -2.005697 0.178345 52.457729 -0.001331 -0.045723 -0.019891 0.998755
58397.003536 -2.103512 0.171493 53.491901 0.000591 -0.046046 -0.020960 0.998719
58397.103536 -2.191769 0.162654 54.505478 0.000502 -0.046705 -0.021080 0.998686
58397.203536 -2.294251 0.153730 55.548367 -0.000639 -0.046850 -0.020750 0.998686
58397.303536 -2.386297 0.141312 56.580173 -0.000946 -0.047297 -0.020943 0.998661
58397.403536 -2.491073 0.134889 57.622746 -0.000679 -0.047744 -0.022437 0.998607
58397.503536 -2.584923 0.134057 58.662670 -0.001589 -0.048393 -0.021739 0.998591
58397.603536 -2.681287 0.127621 59.709705 -0.003845 -0.049034 -0.019731 0.998595
58397.703536 -2.785221 0.124470 60.742744 -0.005575 -0.048854 -0.018438 0.998620
58397.803536 -2.880873 0.122042 61.784447 -0.004773 -0.049478 -0.016528 0.998627
58397.903536 -2.990512 0.123727 62.833130 -0.002060 -0.050057 -0.016034 0.998616
58398.003536 -3.091718 0.120138 63.868378 0.000706 -0.050638 -0.015418 0.998598
58398.103536 -3.208043 0.112886 64.912041 0.000842 -0.051249 -0.015345 0.998568
58398.203536 -3.311944 0.102236 65.976311 -0.001279 -0.051787 -0.015723 0.998534
58398.303536 -3.421803 0.093670 67.039124 -0.001606 -0.052407 -0.017034 0.998479
58398.403536 -3.537773 0.086472 68.117081 -0.000118 -0.053040 -0.017561 0.998438
58398.503536 -3.653008 0.079809 69.196136 0.000440 -0.053649 -0.017681 0.998403
58398.603536 -3.762909 0.072555 70.284500 -0.000393 -0.053931 -0.018454 0.998374
58398.703536 -3.885405 0.066398 71.379288 -0.000966 -0.054269 -0.019149 0.998342
58398.803536 -3.998618 0.075412 72.486534 -0.000945 -0.055023 -0.019329 0.998298
58398.903536 -4.127877 0.066680 73.583122 -0.001009 -0.055187 -0.020033 0.998275
58399.003536 -4.243069 0.060642 74.711494 -0.001441 -0.056322 -0.019273 0.998226
58399.103536 -4.367871 0.060154 75.847000 -0.001985 -0.057763 -0.017840 0.998169
58399.203536 -4.494911 0.048701 76.992783 -0.001866 -0.059587 -0.017267 0.998072
58399.303536 -4.632963 0.043699 78.146973 -0.000433 -0.062107 -0.016023 0.997941
58399.403536 -4.789590 0.044491 79.316681 0.000830 -0.065067 -0.015735 0.997757
58399.503536 -4.944293 0.037999 80.480171 0.001173 -0.068916 -0.016521 0.997485
58399.603536 -5.124552 0.033004 81.662857 0.001012 -0.072466 -0.017471 0.997217
58399.703536 -5.313600 0.025072 82.856361 0.000456 -0.075971 -0.018978 0.996929
58399.803536 -5.510316 0.020715 84.064102 0.000035 -0.079508 -0.018786 0.996657
58399.903536 -5.710776 0.005813 85.274483 0.000224 -0.083149 -0.018849 0.996359
58400.003536 -5.930762 0.001663 86.492531 0.000961 -0.086506 -0.019313 0.996064
58400.103536 -6.140247 -0.003287 87.720337 0.000544 -0.089876 -0.017580 0.995798
58400.203536 -6.370170 -0.006922 88.954697 -0.000500 -0.092679 -0.017575 0.995541
58400.303536 -6.619415 -0.025286 90.205788 -0.000545 -0.095357 -0.017100 0.995296
58400.403536 -6.867537 -0.029773 91.472107 -0.000161 -0.098173 -0.016104 0.995039
58400.503536 -7.126817 -0.036765 92.733727 -0.000008 -0.100624 -0.016205 0.994793
58400.603536 -7.392345 -0.049223 93.989105 -0.000567 -0.103064 -0.017442 0.994522
58400.703536 -7.664477 -0.051283 95.268021 -0.000753 -0.105517 -0.016795 0.994275
58400.803536 -7.946792 -0.053179 96.555840 -0.000783 -0.107684 -0.016086 0.994055
58400.903536 -8.218561 -0.070223 97.808441 -0.000344 -0.109787 -0.016237 0.993822
58401.003536 -8.509455 -0.080511 99.102463 0.001330 -0.111812 -0.014485 0.993623
58401.103536 -8.792467 -0.089707 100.394814 0.001121 -0.113915 -0.013335 0.993400
58401.203536 -9.100728 -0.092381 101.710968 -0.001329 -0.116026 -0.014908 0.993133
58401.303536 -9.414985 -0.092696 102.997993 -0.002315 -0.118076 -0.016461 0.992865
58401.403536 -9.726704 -0.088466 104.309792 -0.001152 -0.120300 -0.017417 0.992584
58401.503536 -10.072357 -0.096540 105.651466 -0.000419 -0.122130 -0.018052 0.992350
58401.603536 -10.409239 -0.109665 106.963371 0.000442 -0.124102 -0.018461 0.992098
58401.703536 -10.733223 -0.123120 108.261055 0.000870 -0.126535 -0.019517 0.991770
58401.803536 -11.093073 -0.132837 109.576530 0.000411 -0.128425 -0.020408 0.991509
58401.903536 -11.450117 -0.139185 110.919563 0.000095 -0.130477 -0.021625 0.991215
58402.003536 -11.798850 -0.150850 112.221497 -0.000238 -0.132711 -0.021764 0.990916
58402.103536 -12.165756 -0.160762 113.536964 0.000171 -0.134966 -0.021129 0.990625
58402.203536 -12.523391 -0.171126 114.847282 0.000684 -0.137477 -0.020551 0.990292
58402.303536 -12.903625 -0.182709 116.167274 0.000183 -0.139744 -0.019797 0.989990
58402.403536 -13.291477 -0.187840 117.482910 -0.000526 -0.142002 -0.019754 0.989669
58402.503536 -13.684156 -0.197495 118.797089 -0.001573 -0.144226 -0.019073 0.989360
58402.603536 -14.065177 -0.203341 120.104782 -0.001849 -0.146818 -0.018227 0.988994
58402.703536 -14.470715 -0.203709 121.426323 -0.001302 -0.149132 -0.017312 0.988665
58402.803536 -14.874501 -0.205973 122.743660 -0.001355 -0.151545 -0.016265 0.988316
58402.903536 -15.295079 -0.208023 124.059326 -0.001123 -0.153830 -0.015904 0.987969
58403.003536 -15.721725 -0.205897 125.385696 -0.000884 -0.156246 -0.014550 0.987611
58403.103536 -16.157026 -0.212788 126.715317 -0.001192 -0.158609 -0.014079 0.987240
58403.203536 -16.597874 -0.218660 128.041855 -0.001393 -0.161236 -0.014468 0.986809
58403.303536 -17.052824 -0.221750 129.377304 -0.001341 -0.163827 -0.014449 0.986382
58403.403536 -17.513969 -0.232244 130.687759 -0.000906 -0.166189 -0.015399 0.985973
58403.503536 -17.958614 -0.239421 131.998489 -0.000812 -0.169082 -0.015892 0.985474
58403.603536 -18.430311 -0.244156 133.313385 -0.000953 -0.171682 -0.016349 0.985016
58403.703536 -18.905445 -0.260056 134.619827 -0.000950 -0.174185 -0.017160 0.984563
58403.803536 -19.383997 -0.269538 135.924240 -0.000402 -0.176931 -0.016651 0.984082
58403.903536 -19.872005 -0.269457 137.232605 0.000293 -0.179567 -0.017017 0.983599
58404.003536 -20.367199 -0.277653 138.530884 -0.000012 -0.182269 -0.017276 0.983097
58404.103536 -20.882164 -0.277742 139.851913 -0.000491 -0.185211 -0.016832 0.982554
58404.203536 -21.404690 -0.286683 141.166245 -0.001122 -0.188112 -0.017273 0.981995
58404.303536 -21.926071 -0.294245 142.474960 -0.001428 -0.191195 -0.017818 0.981389
58404.403536 -22.455105 -0.296559 143.777527 -0.001240 -0.194324 -0.017814 0.980775
58404.503536 -22.995356 -0.293868 145.072067 -0.001049 -0.197387 -0.018454 0.980151
58404.603536 -23.541204 -0.300813 146.349106 -0.001158 -0.200425 -0.018694 0.979530
58404.703536 -24.081156 -0.309440 147.611954 -0.000615 -0.204064 -0.018337 0.978786
58404.803536 -24.652498 -0.318421 148.885666 -0.000071 -0.207313 -0.018048 0.978108
58404.903536 -25.223770 -0.322299 150.140259 -0.000130 -0.210892 -0.017557 0.977352
58405.003536 -25.809626 -0.324504 151.405411 -0.000595 -0.214811 -0.017108 0.976506
58405.103536 -26.381943 -0.333464 152.647003 -0.000976 -0.219155 -0.016225 0.975555
58405.203536 -26.971603 -0.342908 153.884323 -0.000891 -0.223524 -0.014847 0.974585
58405.303536 -27.583052 -0.349934 155.122894 -0.000994 -0.227702 -0.014021 0.973630
58405.403536 -28.203453 -0.352969 156.350311 -0.001476 -0.231956 -0.013733 0.972628
58405.503536 -28.832834 -0.366700 157.563339 -0.001541 -0.236199 -0.012125 0.971628
58405.603536 -29.457172 -0.375982 158.761795 -0.002315 -0.240582 -0.011615 0.970557
58405.703536 -30.104141 -0.382324 159.976959 -0.003740 -0.244935 -0.011729 0.969461
58405.803536 -30.763729 -0.387083 161.165359 -0.002977 -0.249213 -0.011036 0.968381
58405.903536 -31.432255 -0.383898 162.356140 -0.002014 -0.253636 -0.009569 0.967251
58406.003536 -32.125420 -0.383031 163.560944 -0.001620 -0.258103 -0.009729 0.966067
58406.103536 -32.813408 -0.385219 164.745895 -0.002593 -0.262745 -0.008516 0.964824
58406.203536 -33.512802 -0.395702 165.920578 -0.003776 -0.267385 -0.008516 0.963545
58406.303536 -34.222694 -0.400692 167.082672 -0.004995 -0.271824 -0.008228 0.962299
58406.403536 -34.960491 -0.393734 168.246216 -0.006017 -0.276134 -0.008995 0.961058
58406.503536 -35.696987 -0.389658 169.413254 -0.005362 -0.280275 -0.008095 0.959871
58406.603536 -36.436089 -0.390798 170.559662 -0.004128 -0.283740 -0.007192 0.958865
58406.703536 -37.189472 -0.381010 171.720230 -0.004588 -0.287696 -0.006275 0.957690
58406.803536 -37.952164 -0.377038 172.860779 -0.005381 -0.291107 -0.006214 0.956655
58406.903536 -38.717056 -0.375888 174.003799 -0.006024 -0.294435 -0.006122 0.955633
58407.003536 -39.490227 -0.379303 175.136566 -0.006351 -0.297745 -0.007233 0.954597
58407.103536 -40.295361 -0.366050 176.283936 -0.005865 -0.300659 -0.008221 0.953678
58407.203536 -41.078197 -0.370247 177.408325 -0.006527 -0.303205 -0.007468 0.952874
58407.303536 -41.881424 -0.368161 178.537628 -0.006951 -0.305053 -0.006112 0.952290
58407.403536 -42.688911 -0.362221 179.679993 -0.007108 -0.306753 -0.004228 0.951753
58407.503536 -43.490688 -0.357647 180.814835 -0.007399 -0.308294 -0.002922 0.951258
58407.603536 -44.296707 -0.358057 181.937805 -0.007399 -0.309615 -0.001824 0.950831
58407.703536 -45.100742 -0.355385 183.053436 -0.007051 -0.310742 -0.000698 0.950468
58407.803536 -45.909485 -0.362516 184.158279 -0.008078 -0.312063 -0.000372 0.950027
58407.903536 -46.730812 -0.362140 185.278366 -0.009027 -0.313399 0.000203 0.949579
58408.003536 -47.551350 -0.361094 186.390656 -0.008867 -0.314805 -0.000300 0.949115
58408.103536 -48.369331 -0.358959 187.496628 -0.008078 -0.316096 0.000577 0.948693
58408.203536 -49.196163 -0.354838 188.609573 -0.008878 -0.317291 0.000994 0.948286
58408.303536 -50.037167 -0.356073 189.728241 -0.010351 -0.318139 0.001121 0.947987
58408.403536 -50.873333 -0.344976 190.835876 -0.011060 -0.318482 0.002292 0.947862
58408.503536 -51.694710 -0.337391 191.942413 -0.011233 -0.318893 0.003718 0.947717
58408.603536 -52.530045 -0.322366 193.056427 -0.011271 -0.319211 0.003751 0.947609
58408.703536 -53.366821 -0.305602 194.164993 -0.012414 -0.319590 0.002257 0.947472
58408.803536 -54.216206 -0.283427 195.283508 -0.012855 -0.319773 0.000496 0.947407
58408.903536 -55.052490 -0.285456 196.361954 -0.012054 -0.319721 -0.000808 0.947435
58409.003536 -55.901199 -0.267597 197.466644 -0.010338 -0.319909 -0.000884 0.947392
58409.103536 -56.737804 -0.253614 198.572479 -0.009586 -0.320092 -0.000678 0.947338
58409.203536 -57.572166 -0.239212 199.679535 -0.009232 -0.320433 -0.000820 0.947226
58409.303536 -58.400745 -0.240535 200.785492 -0.008430 -0.320959 -0.000681 0.947055
58409.403536 -59.260185 -0.222302 201.903549 -0.009580 -0.320827 0.000787 0.947089
58409.503536 -60.113274 -0.212633 203.031372 -0.010869 -0.321094 0.001941 0.946983
58409.603536 -60.954220 -0.210824 204.142197 -0.011082 -0.321416 0.002879 0.946869
58409.703536 -61.798374 -0.205197 205.274887 -0.010434 -0.322003 0.003518 0.946674
58409.803536 -62.653580 -0.198941 206.400879 -0.009994 -0.322199 0.003034 0.946614
58409.903536 -63.505466 -0.196754 207.509705 -0.009904 -0.322479 0.002884 0.946521
58410.003536 -64.365036 -0.199143 208.612839 -0.008620 -0.322334 0.001703 0.946585
58410.103536 -65.213257 -0.203824 209.723831 -0.008868 -0.322805 0.001058 0.946423
58410.203536 -66.050362 -0.203586 210.815216 -0.010150 -0.322978 0.000182 0.946352
58410.303536 -66.887161 -0.203835 211.911392 -0.011189 -0.323182 -0.000274 0.946270
58410.403536 -67.735298 -0.193163 213.020325 -0.010755 -0.323400 0.000676 0.946201
58410.503536 -68.563614 -0.196648 214.112122 -0.010536 -0.323604 0.002367 0.946131
58410.603536 -69.385132 -0.188236 215.191498 -0.011164 -0.323834 0.003177 0.946043
58410.703536 -70.203384 -0.179924 216.248367 -0.012827 -0.323924 0.003898 0.945988
58410.803536 -71.025749 -0.160114 217.313385 -0.012416 -0.323904 0.004739 0.945996
58410.903536 -71.835052 -0.166817 218.364197 -0.011654 -0.323962 0.005449 0.945983
58411.003536 -72.645020 -0.164502 219.409439 -0.011504 -0.323882 0.005921 0.946009
58411.103536 -73.461624 -0.156333 220.459229 -0.011650 -0.323667 0.005860 0.946081
58411.203536 -74.260483 -0.156934 221.507935 -0.012063 -0.323459 0.006280 0.946144
58411.303536 -75.060738 -0.145219 222.555511 -0.012185 -0.323167 0.006150 0.946243
58411.403536 -75.860748 -0.137800 223.590332 -0.011848 -0.322871 0.005683 0.946352
58411.503536 -76.644821 -0.133956 224.622955 -0.012092 -0.322837 0.005007 0.946364
58411.603536 -77.448380 -0.119717 225.664246 -0.012193 -0.322641 0.003629 0.946436
58411.703536 -78.256805 -0.117759 226.701324 -0.011978 -0.322423 0.002886 0.946516
58411.803536 -79.050064 -0.104985 227.734497 -0.010541 -0.322545 0.002307 0.946493
58411.903536 -79.837204 -0.103086 228.771896 -0.008823 -0.322749 0.001818 0.946442
58412.003536 -80.618942 -0.102933 229.802780 -0.008282 -0.323112 0.001514 0.946323
58412.103536 -81.407349 -0.102484 230.823730 -0.009189 -0.323051 0.000815 0.946337
58412.203536 -82.189995 -0.104980 231.847809 -0.010308 -0.323039 0.000021 0.946330
58412.303536 -82.961472 -0.102698 232.857468 -0.011104 -0.322940 -0.000119 0.946354
58412.403536 -83.744370 -0.089214 233.879929 -0.011872 -0.322996 -0.000171 0.946326
58412.503536 -84.523071 -0.080881 234.890228 -0.012210 -0.322876 -0.000745 0.946362
58412.603536 -85.289711 -0.074585 235.877335 -0.011637 -0.322628 -0.000780 0.946454
58412.703536 -86.058357 -0.057818 236.878220 -0.011219 -0.322487 -0.000357 0.946507
58412.803536 -86.795753 -0.056943 237.855103 -0.012555 -0.322581 0.000275 0.946459
58412.903536 -87.546547 -0.053177 238.836487 -0.013844 -0.322303 0.000378 0.946535
58413.003536 -88.277367 -0.046641 239.797699 -0.014047 -0.322044 0.001805 0.946619
58413.103536 -88.997414 -0.043231 240.747360 -0.013975 -0.321707 0.003007 0.946731
58413.203536 -89.715630 -0.033651 241.689987 -0.015009 -0.321078 0.004355 0.946924
58413.303536 -90.428040 -0.018428 242.627625 -0.016566 -0.320600 0.003887 0.947062
58413.403536 -91.122841 -0.006884 243.544449 -0.017573 -0.320132 0.003745 0.947203
58413.503536 -91.819519 0.001209 244.466858 -0.016745 -0.319997 0.004184 0.947261
58413.603536 -92.493561 0.007616 245.364090 -0.015361 -0.320033 0.003567 0.947275
58413.703536 -93.184830 0.024683 246.274704 -0.013294 -0.320126 0.004450 0.947271
58413.803536 -93.879234 0.039318 247.189362 -0.010307 -0.320013 0.004456 0.947347
58413.903536 -94.551826 0.041738 248.072769 -0.009245 -0.319992 0.003685 0.947368
58414.003536 -95.235123 0.045676 248.973541 -0.010185 -0.320289 0.002007 0.947263
58414.103536 -95.920029 0.064602 249.871857 -0.011158 -0.320153 0.000541 0.947300
58414.203536 -96.604065 0.071493 250.763214 -0.011549 -0.320056 -0.000485 0.947328
58414.303536 -97.290352 0.078928 251.662659 -0.010930 -0.320095 -0.001684 0.947321
58414.403536 -97.962425 0.086487 252.547546 -0.010329 -0.320172 -0.002003 0.947301
58414.503536 -98.642929 0.094500 253.450470 -0.010062 -0.320453 -0.002912 0.947206
58414.603536 -99.335617 0.103215 254.349121 -0.009145 -0.320222 -0.002835 0.947294
58414.703536 -100.013245 0.094702 255.248230 -0.008001 -0.320461 -0.002326 0.947225
58414.803536 -100.697449 0.104607 256.140961 -0.006587 -0.320445 -0.003779 0.947237
58414.903536 -101.385742 0.117172 257.040344 -0.006726 -0.320600 -0.003414 0.947185
58415.003536 -102.066269 0.120623 257.936707 -0.007156 -0.320801 -0.003596 0.947113
58415.103536 -102.762054 0.117980 258.847900 -0.008528 -0.320588 -0.002988 0.947176
58415.203536 -103.449112 0.122793 259.752350 -0.009218 -0.320951 -0.002952 0.947046
58415.303536 -104.145294 0.135771 260.661133 -0.009064 -0.321114 -0.002623 0.946994
58415.403536 -104.837845 0.140790 261.578674 -0.008967 -0.321124 -0.001593 0.946993
58415.503536 -105.525642 0.148843 262.487213 -0.008278 -0.321101 -0.001006 0.947008
58415.603536 -106.214409 0.155571 263.399994 -0.007351 -0.320834 0.000174 0.947107
58415.703536 -106.902473 0.152920 264.318909 -0.006824 -0.320684 0.000834 0.947161
58415.803536 -107.613472 0.146552 265.244629 -0.006061 -0.320182 0.001626 0.947335
58415.903536 -108.311852 0.138181 266.171051 -0.004117 -0.319833 0.002969 0.947460
58416.003536 -109.016045 0.133441 267.097015 -0.002249 -0.319505 0.002413 0.947579
58416.103536 -109.724632 0.129092 268.034821 -0.000825 -0.319167 0.002628 0.947694
58416.203536 -110.422157 0.110219 268.956543 -0.000271 -0.318915 0.001976 0.947781
58416.303536 -111.128677 0.099152 269.883057 0.001258 -0.318412 0.000297 0.947952
58416.403536 -111.840240 0.080811 270.821289 0.003214 -0.318194 0.000172 0.948020
58416.503536 -112.552094 0.052929 271.764557 0.006213 -0.318020 0.000123 0.948064
58416.603536 -113.257019 0.023987 272.700226 0.009997 -0.317699 0.000223 0.948139
58416.703536 -113.969589 0.004238 273.638519 0.011951 -0.317653 -0.000553 0.948132
58416.803536 -114.682327 -0.026917 274.593933 0.010925 -0.317719 -0.001687 0.948120
58416.903536 -115.398079 -0.060353 275.542908 0.010344 -0.317702 -0.002905 0.948130
58417.003536 -116.114319 -0.100832 276.498291 0.011477 -0.317787 -0.003375 0.948087
58417.103536 -116.816124 -0.133953 277.435425 0.011642 -0.317892 -0.003209 0.948050
58417.203536 -117.537415 -0.153561 278.386139 0.009275 -0.317755 -0.004964 0.948115
58417.303536 -118.258255 -0.179834 279.347015 0.005361 -0.317809 -0.007156 0.948113
58417.403536 -118.980072 -0.190479 280.304108 0.002956 -0.317832 -0.008601 0.948103
58417.503536 -119.706429 -0.194433 281.270172 0.001828 -0.317954 -0.010387 0.948047
58417.603536 -120.425949 -0.202676 282.222748 0.001203 -0.318099 -0.011174 0.947991
58417.703536 -121.153221 -0.202474 283.197510 0.000637 -0.318270 -0.009986 0.947947
58417.803536 -121.878365 -0.210046 284.156250 -0.000714 -0.318129 -0.009624 0.947998
58417.903536 -122.604980 -0.208889 285.119843 -0.002339 -0.317973 -0.009842 0.948046
58418.003536 -123.329773 -0.207894 286.090881 -0.004273 -0.317672 -0.007874 0.948158
58418.103536 -124.051018 -0.210409 287.069885 -0.004738 -0.317552 -0.006097 0.948209
58418.203536 -124.774193 -0.210402 288.038452 -0.004978 -0.317210 -0.004650 0.948331
58418.303536 -125.504585 -0.207555 289.022064 -0.005645 -0.317216 -0.003991 0.948328
58418.403536 -126.229782 -0.198469 290.000305 -0.006896 -0.317365 -0.003456 0.948272
58418.503536 -126.957474 -0.199799 290.968994 -0.007162 -0.317291 -0.003610 0.948294
58418.603536 -127.689529 -0.194203 291.948181 -0.006934 -0.317153 -0.003535 0.948342
58418.703536 -128.427063 -0.195068 292.923035 -0.007289 -0.317270 -0.003024 0.948303
58418.803536 -129.152908 -0.186197 293.902527 -0.007730 -0.317979 -0.002110 0.948064
58418.903536 -129.878830 -0.181004 294.867188 -0.008503 -0.318452 -0.002197 0.947898
58419.003536 -130.607025 -0.176618 295.821381 -0.009336 -0.318653 -0.001728 0.947824
58419.103536 -131.336365 -0.177471 296.798035 -0.009496 -0.319078 -0.001397 0.947680
58419.203536 -132.069901 -0.169918 297.760925 -0.009556 -0.319316 -0.000969 0.947600
58419.303536 -132.803543 -0.167562 298.739532 -0.009539 -0.319828 -0.001103 0.947427
58419.403536 -133.542938 -0.161750 299.712799 -0.009592 -0.320122 -0.001437 0.947327
58419.503536 -134.279419 -0.161500 300.682678 -0.010167 -0.320423 -0.001694 0.947219
58419.603536 -135.017731 -0.160758 301.643982 -0.009938 -0.320672 -0.002240 0.947136
58419.703536 -135.750061 -0.162763 302.605621 -0.009615 -0.320949 -0.002453 0.947045
58419.803536 -136.487305 -0.152213 303.559570 -0.009804 -0.321098 -0.003314 0.946989
58419.903536 -137.222885 -0.145807 304.502319 -0.010333 -0.321213 -0.004415 0.946940
58420.003536 -137.967010 -0.136278 305.472046 -0.010621 -0.321196 -0.004979 0.946940
58420.103536 -138.700439 -0.122149 306.436829 -0.010732 -0.321080 -0.005618 0.946975
58420.203536 -139.429901 -0.108037 307.388611 -0.011031 -0.320721 -0.006060 0.947090
58420.303536 -140.166229 -0.094402 308.357849 -0.011538 -0.320551 -0.005891 0.947143
58420.403536 -140.903107 -0.088092 309.316589 -0.011454 -0.320138 -0.005578 0.947285
58420.503536 -141.617096 -0.074865 310.281464 -0.010484 -0.320087 -0.004732 0.947318
58420.603536 -142.334229 -0.060673 311.237183 -0.009756 -0.320037 -0.004663 0.947344
58420.703536 -143.074051 -0.047698 312.198792 -0.009804 -0.319728 -0.004811 0.947447
58420.803536 -143.794403 -0.045650 313.144257 -0.009867 -0.319487 -0.004391 0.947529
58420.903536 -144.522903 -0.027975 314.114532 -0.009497 -0.319116 -0.004555 0.947657
58421.003536 -145.231796 -0.024899 315.072632 -0.010110 -0.318817 -0.005012 0.947749
58421.103536 -145.945389 -0.021121 316.028137 -0.010839 -0.318412 -0.005117 0.947877
58421.203536 -146.658401 -0.005483 316.974213 -0.010780 -0.317988 -0.004812 0.948021
58421.303536 -147.361984 0.003550 317.927582 -0.010468 -0.317752 -0.004551 0.948105
58421.403536 -148.062378 0.021232 318.864807 -0.009593 -0.317288 -0.004379 0.948270
58421.503536 -148.770996 0.032384 319.818390 -0.009153 -0.317223 -0.004568 0.948296
58421.603536 -149.467087 0.047281 320.753540 -0.008651 -0.317081 -0.005105 0.948345
58421.703536 -150.167755 0.051708 321.690491 -0.008665 -0.316920 -0.005288 0.948398
58421.803536 -150.863998 0.059976 322.624847 -0.008524 -0.316615 -0.005656 0.948499
58421.903536 -151.554337 0.063493 323.562836 -0.008393 -0.316397 -0.005776 0.948572
58422.003536 -152.248413 0.067102 324.508728 -0.008062 -0.316244 -0.004483 0.948633
58422.103536 -152.933960 0.074727 325.456238 -0.007866 -0.316200 -0.003815 0.948652
58422.203536 -153.622437 0.077569 326.386658 -0.008673 -0.315801 -0.004511 0.948775
58422.303536 -154.302460 0.085196 327.310120 -0.009150 -0.315716 -0.004431 0.948799
58422.403536 -154.990128 0.084154 328.230347 -0.009251 -0.315643 -0.004410 0.948823
58422.503536 -155.675369 0.098174 329.150574 -0.008977 -0.315473 -0.004844 0.948880
58422.603536 -156.361755 0.107602 330.070953 -0.008996 -0.315461 -0.004681 0.948884
58422.703536 -157.030396 0.112881 330.979950 -0.008839 -0.315730 -0.005035 0.948795
58422.803536 -157.715683 0.122431 331.894714 -0.008910 -0.315781 -0.005002 0.948777
58422.903536 -158.388641 0.127762 332.795685 -0.009181 -0.315866 -0.005205 0.948745
58423.003536 -159.061432 0.131981 333.690247 -0.008693 -0.315898 -0.005183 0.948739
58423.103536 -159.720184 0.134575 334.568207 -0.007890 -0.316066 -0.004375 0.948694
58423.203536 -160.375061 0.131725 335.452301 -0.007673 -0.316279 -0.004350 0.948625
58423.303536 -161.033493 0.140795 336.335510 -0.007669 -0.316321 -0.004213 0.948612
58423.403536 -161.682495 0.142071 337.207672 -0.008169 -0.316727 -0.003939 0.948474
58423.503536 -162.330063 0.140546 338.079529 -0.008042 -0.317227 -0.003624 0.948309
58423.603536 -162.965805 0.142519 338.936615 -0.007524 -0.317789 -0.003321 0.948126
58423.703536 -163.595413 0.147596 339.785614 -0.006992 -0.318451 -0.002588 0.947910
58423.803536 -164.218994 0.152121 340.614349 -0.006957 -0.319075 -0.002278 0.947701
58423.903536 -164.838150 0.152396 341.440094 -0.007274 -0.319813 -0.002005 0.947451
58424.003536 -165.447052 0.157574 342.249420 -0.007572 -0.320638 -0.001191 0.947171
58424.103536 -166.054520 0.159002 343.045349 -0.007982 -0.321626 -0.001268 0.946832
58424.203536 -166.664612 0.159324 343.841492 -0.008364 -0.322765 -0.001138 0.946441
58424.303536 -167.262024 0.153797 344.613892 -0.008433 -0.324110 -0.000764 0.945982
58424.403536 -167.863876 0.154790 345.384796 -0.007611 -0.325406 -0.000254 0.945544
58424.503536 -168.462906 0.154631 346.147064 -0.006744 -0.326814 0.000126 0.945065
58424.603536 -169.050980 0.156173 346.887573 -0.006142 -0.328057 0.000642 0.944638
58424.703536 -169.622681 0.147310 347.611481 -0.006004 -0.329458 0.000786 0.944151
58424.803536 -170.191681 0.143824 348.324768 -0.005624 -0.330831 0.000959 0.943673
58424.903536 -170.755981 0.141011 349.032715 -0.005505 -0.332165 0.001296 0.943204
58425.003536 -171.314377 0.133294 349.727966 -0.005406 -0.333542 0.000784 0.942719
58425.103536 -171.866653 0.129869 350.414154 -0.005808 -0.335066 0.000928 0.942176
58425.203536 -172.418777 0.128629 351.084076 -0.005421 -0.336384 0.000233 0.941709
58425.303536 -172.956909 0.122068 351.727966 -0.004999 -0.337641 -0.000431 0.941262
58425.403536 -173.482849 0.114976 352.363586 -0.004219 -0.339087 -0.001323 0.940745
58425.503536 -174.003815 0.103666 352.979675 -0.003284 -0.340404 -0.002553 0.940270
58425.603536 -174.520462 0.101535 353.594055 -0.002256 -0.341695 -0.003015 0.939803
58425.703536 -175.022141 0.091842 354.185852 -0.001294 -0.342960 -0.002906 0.939345
58425.803536 -175.515350 0.087597 354.767456 -0.000587 -0.344254 -0.002673 0.938873
58425.903536 -176.000198 0.075122 355.338165 -0.000015 -0.345439 -0.003706 0.938434
58426.003536 -176.482666 0.066388 355.889465 -0.000029 -0.346561 -0.004956 0.938014
58426.103536 -176.961594 0.062440 356.445190 -0.000023 -0.347878 -0.005730 0.937523
58426.203536 -177.430115 0.053829 356.981750 -0.000016 -0.349222 -0.006323 0.937019
58426.303536 -177.889297 0.047038 357.500946 -0.000108 -0.350231 -0.006699 0.936639
58426.403536 -178.324677 0.030889 358.002136 -0.000093 -0.351565 -0.006819 0.936139
58426.503536 -178.753510 0.024036 358.495178 0.001039 -0.352622 -0.007957 0.935732
58426.603536 -179.175629 0.010791 358.965973 0.001357 -0.353655 -0.009141 0.935330
58426.703536 -179.594131 0.005008 359.420563 0.001955 -0.354570 -0.009748 0.934977
58426.803536 -179.992584 -0.002139 359.864716 0.002389 -0.355816 -0.010259 0.934497
58426.903536 -180.379333 -0.008066 360.294128 0.002480 -0.356632 -0.010736 0.934180
58427.003536 -180.784180 -0.017969 360.726807 0.002943 -0.357125 -0.012610 0.933967
58427.103536 -181.126816 -0.022497 361.120300 0.002924 -0.357423 -0.013673 0.933838
58427.203536 -181.458572 -0.028303 361.479309 0.003268 -0.357939 -0.015495 0.933611
58427.303536 -181.812653 -0.029665 361.881195 0.002645 -0.358481 -0.014602 0.933419
58427.403536 -182.139069 -0.044291 362.263214 0.003182 -0.358460 -0.015432 0.933412
58427.503536 -182.442551 -0.051268 362.584656 0.003399 -0.358460 -0.016461 0.933394
58427.603536 -182.714081 -0.068408 362.902954 0.003158 -0.358745 -0.016461 0.933285
58427.703536 -183.052979 -0.060445 363.288239 0.004302 -0.358450 -0.016764 0.933389
58427.803536 -183.317322 -0.075167 363.558533 0.004839 -0.357706 -0.018621 0.933636
58427.903536 -183.577576 -0.099939 363.875031 0.004949 -0.358136 -0.019117 0.933461
58428.003536 -183.849609 -0.090444 364.161896 0.005785 -0.356997 -0.018668 0.933901
58428.103536 -184.075912 -0.075148 364.399933 0.007417 -0.357030 -0.019181 0.933867
58428.203536 -184.267303 -0.113157 364.596527 0.004997 -0.355824 -0.017817 0.934370
58428.303536 -184.439041 -0.116614 364.688110 0.008745 -0.355942 -0.021573 0.934218
58428.403536 -184.465820 -0.130134 364.715393 0.009134 -0.354680 -0.020030 0.934729
58428.503536 -184.434570 -0.130588 364.655457 0.010082 -0.352751 -0.023103 0.935377
58428.603536 -184.329712 -0.119838 364.865723 0.008171 -0.359975 -0.016553 0.932779
58428.703536 -185.415619 -0.130335 365.915771 0.011113 -0.353219 -0.019204 0.935277
58428.803536 -185.614151 -0.133113 366.145996 0.011888 -0.352648 -0.019083 0.935486
58428.903536 -185.824402 -0.146492 366.388855 0.010748 -0.351900 -0.017340 0.935815
58429.003536 -186.035370 -0.136269 366.656616 0.012616 -0.351648 -0.019102 0.935852
58429.103536 -186.280304 -0.154306 366.910736 0.012249 -0.349996 -0.019687 0.936464
58429.203536 -186.502838 -0.165209 367.159698 0.012270 -0.348887 -0.019974 0.936872
58429.303536 -186.714310 -0.189728 367.413177 0.011513 -0.349188 -0.019563 0.936778
58429.403536 -186.966888 -0.157449 367.671570 0.013422 -0.346963 -0.019637 0.937577
58429.503536 -187.149414 -0.184900 367.938263 0.013124 -0.346675 -0.020006 0.937680
58429.603536 -187.361298 -0.191812 368.182526 0.013337 -0.345772 -0.020418 0.938001
58429.703536 -187.609024 -0.203795 368.468689 0.012376 -0.344818 -0.019701 0.938381
58429.803536 -187.781998 -0.189372 368.733704 0.012394 -0.343977 -0.020360 0.938676
58429.903536 -188.054245 -0.207480 369.028381 0.011782 -0.342848 -0.020133 0.939101
58430.003536 -188.291245 -0.210281 369.287598 0.012108 -0.341396 -0.020557 0.939617
58430.103536 -188.484833 -0.235276 369.564331 0.011575 -0.341207 -0.019569 0.939713
58430.203536 -188.723007 -0.230024 369.840790 0.012199 -0.339741 -0.020156 0.940224
58430.303536 -188.945084 -0.236942 370.109680 0.012432 -0.338662 -0.020182 0.940610
58430.403536 -189.190002 -0.245636 370.412445 0.012851 -0.337773 -0.020319 0.940921
58430.503536 -189.394440 -0.253525 370.657684 0.012564 -0.336869 -0.019837 0.941259
58430.603536 -189.607651 -0.259789 370.935120 0.012332 -0.336333 -0.019285 0.941465
58430.703536 -189.831421 -0.264341 371.197571 0.012275 -0.335114 -0.019522 0.941895
58430.803536 -190.076355 -0.281056 371.495911 0.012115 -0.334413 -0.018777 0.942162
58430.903536 -190.313644 -0.287130 371.796783 0.011508 -0.333856 -0.018545 0.942372
58431.003536 -190.522797 -0.293247 372.070221 0.011713 -0.333310 -0.019348 0.942546
58431.103536 -190.757507 -0.301792 372.348511 0.011950 -0.332598 -0.019738 0.942787
58431.203536 -190.965759 -0.314380 372.617035 0.011530 -0.332197 -0.019642 0.942935
58431.303536 -191.201477 -0.319192 372.906250 0.012009 -0.331601 -0.019841 0.943135
58431.403536 -191.425659 -0.332801 373.190216 0.011992 -0.330719 -0.019437 0.943453
58431.503536 -191.655563 -0.343288 373.479889 0.011990 -0.330069 -0.019430 0.943681
58431.603536 -191.881348 -0.351468 373.767517 0.012480 -0.329493 -0.019107 0.943882
58431.703536 -192.124481 -0.364731 374.074371 0.013364 -0.328734 -0.019301 0.944131
58431.803536 -192.360413 -0.374933 374.372864 0.013760 -0.327962 -0.018951 0.944401
58431.903536 -192.607544 -0.377302 374.693634 0.014757 -0.327278 -0.018749 0.944627
58432.003536 -192.850861 -0.381162 374.999451 0.015450 -0.326320 -0.018838 0.944945
58432.103536 -193.098877 -0.389269 375.322968 0.015936 -0.325582 -0.018974 0.945189
58432.203536 -193.375275 -0.397134 375.705658 0.016884 -0.325048 -0.018824 0.945359
58432.303536 -193.644135 -0.417579 376.028473 0.017112 -0.323878 -0.018455 0.945764
58432.403536 -193.945160 -0.423012 376.419739 0.017555 -0.323154 -0.018169 0.946009
58432.503536 -194.229355 -0.439513 376.792877 0.018139 -0.322217 -0.018432 0.946313
58432.603536 -194.506775 -0.468231 377.150543 0.018351 -0.321080 -0.018443 0.946695
58432.703536 -194.803421 -0.478655 377.549530 0.019008 -0.319997 -0.017982 0.947057
58432.803536 -195.108734 -0.498738 377.992096 0.019381 -0.319146 -0.018570 0.947325
58432.903536 -195.475403 -0.506238 378.465393 0.020010 -0.317578 -0.018730 0.947836
58433.003536 -195.833725 -0.508545 378.937561 0.020245 -0.316215 -0.019079 0.948280
58433.103536 -196.190247 -0.530187 379.438904 0.019876 -0.314790 -0.019002 0.948763
58433.203536 -196.561005 -0.552191 379.957214 0.019727 -0.313381 -0.019635 0.949220
58433.303536 -196.932846 -0.569967 380.448242 0.019268 -0.311108 -0.019335 0.949983
58433.403536 -197.339905 -0.590340 380.996460 0.019094 -0.309088 -0.019575 0.950640
58433.503536 -197.733398 -0.607279 381.574219 0.018946 -0.307356 -0.019343 0.951209
58433.603536 -198.144958 -0.626257 382.163544 0.019198 -0.305644 -0.019238 0.951758
58433.703536 -198.566910 -0.648958 382.767334 0.018638 -0.303770 -0.019011 0.952374
58433.803536 -198.979385 -0.665969 383.364410 0.018184 -0.301710 -0.018776 0.953042
58433.903536 -199.421143 -0.684145 384.003510 0.018419 -0.299799 -0.018643 0.953642
58434.003536 -199.856476 -0.715857 384.631775 0.018662 -0.297841 -0.018375 0.954256
58434.103536 -200.295929 -0.740481 385.284546 0.019899 -0.295963 -0.017593 0.954830
58434.203536 -200.739090 -0.769288 385.945679 0.020075 -0.293895 -0.014145 0.955522
58434.303536 -201.182663 -0.798443 386.626587 0.019101 -0.292437 -0.011143 0.956029
58434.403536 -201.627625 -0.823373 387.315735 0.017108 -0.291006 -0.009385 0.956522
58434.503536 -202.085602 -0.854288 388.008820 0.015484 -0.289754 -0.008872 0.956935
58434.603536 -202.547409 -0.886577 388.713776 0.015739 -0.288972 -0.007729 0.957177
58434.703536 -202.994690 -0.922700 389.389801 0.017446 -0.288112 -0.006617 0.957415
58434.803536 -203.459854 -0.944517 390.110046 0.019123 -0.287559 -0.006457 0.957550
58434.903536 -203.926254 -0.973515 390.816589 0.019680 -0.287000 -0.007477 0.957699
58435.003536 -204.401428 -1.001774 391.531860 0.019726 -0.286904 -0.008927 0.957715
58435.103536 -204.869934 -1.041677 392.241119 0.019549 -0.287116 -0.009490 0.957649
58435.203536 -205.352249 -1.060501 392.978821 0.019883 -0.287106 -0.011616 0.957622
58435.303536 -205.846375 -1.105443 393.712677 0.019285 -0.287243 -0.012422 0.957583
58435.403536 -206.341766 -1.134759 394.471863 0.018671 -0.287787 -0.012557 0.957430
58435.503536 -206.843674 -1.164554 395.240356 0.018626 -0.287989 -0.012505 0.957371
58435.603536 -207.346283 -1.195697 396.002441 0.018549 -0.288449 -0.011839 0.957243
58435.703536 -207.848190 -1.235389 396.763794 0.020287 -0.289322 -0.012427 0.956936
58435.803536 -208.377289 -1.257212 397.539337 0.022089 -0.290052 -0.013938 0.956654
58435.903536 -208.912994 -1.287033 398.326111 0.021262 -0.291435 -0.013792 0.956255
58436.003536 -209.450195 -1.322351 399.116791 0.019249 -0.293067 -0.014897 0.955782
58436.103536 -209.992172 -1.359483 399.894958 0.018274 -0.294366 -0.015507 0.955392
58436.203536 -210.541168 -1.396339 400.692322 0.019112 -0.296577 -0.015534 0.954691
58436.303536 -211.081863 -1.437914 401.474121 0.020488 -0.299008 -0.013875 0.953930
58436.403536 -211.641632 -1.472626 402.282593 0.021277 -0.301334 -0.011272 0.953215
58436.503536 -212.212524 -1.502928 403.093567 0.020267 -0.303048 -0.011091 0.952695
58436.603536 -212.799179 -1.540150 403.916931 0.017977 -0.305013 -0.011605 0.952108
58436.703536 -213.398224 -1.568675 404.745026 0.016833 -0.307410 -0.011929 0.951353
58436.803536 -213.998734 -1.610293 405.576111 0.017337 -0.309716 -0.010113 0.950617
58436.903536 -214.595306 -1.641176 406.396973 0.019171 -0.311927 -0.007294 0.949884
58437.003536 -215.214401 -1.676024 407.237427 0.020560 -0.313613 -0.005568 0.949312
58437.103536 -215.835678 -1.710341 408.081451 0.019817 -0.315647 -0.004083 0.948661
58437.203536 -216.447388 -1.759800 408.911682 0.018488 -0.317298 -0.003404 0.948139
58437.303536 -217.085892 -1.804337 409.757843 0.016000 -0.318463 -0.001780 0.947799
58437.403536 -217.730911 -1.841049 410.611542 0.014513 -0.319502 -0.001187 0.947474
58437.503536 -218.379242 -1.890965 411.475067 0.013294 -0.320811 0.000422 0.947050
58437.603536 -219.031082 -1.921937 412.337708 0.013454 -0.322130 0.002016 0.946598
58437.703536 -219.683884 -1.958598 413.190125 0.012921 -0.323267 0.002665 0.946216
58437.803536 -220.336227 -2.003976 414.025757 0.011978 -0.324687 0.003189 0.945740
58437.903536 -220.998840 -2.033092 414.888306 0.011734 -0.326098 0.003467 0.945257
58438.003536 -221.668762 -2.070340 415.745972 0.011224 -0.327588 0.003598 0.944747
58438.103536 -222.337448 -2.110886 416.591736 0.011110 -0.328755 0.002679 0.944346
58438.203536 -223.007996 -2.151101 417.453583 0.010118 -0.330476 0.003173 0.943755
58438.303536 -223.695724 -2.193020 418.316772 0.009346 -0.331752 0.003680 0.943313
58438.403536 -224.396011 -2.246144 419.178772 0.009315 -0.332941 0.004467 0.942891
58438.503536 -225.098999 -2.264372 420.057098 0.010064 -0.334291 0.004987 0.942403
58438.603536 -225.804535 -2.293751 420.935303 0.010279 -0.335799 0.004728 0.941866
58438.703536 -226.527405 -2.326299 421.811401 0.010965 -0.337059 0.004884 0.941407
58438.803536 -227.229050 -2.362182 422.670959 0.012324 -0.338553 0.005111 0.940853
58438.903536 -227.946976 -2.409257 423.530792 0.012721 -0.340010 0.004589 0.940325
58439.003536 -228.673859 -2.438189 424.412537 0.012216 -0.341830 0.004130 0.939673
58439.103536 -229.398819 -2.478800 425.255707 0.011008 -0.343516 0.003377 0.939076
58439.203536 -230.137589 -2.503957 426.148865 0.010589 -0.345518 0.002330 0.938350
58439.303536 -230.884018 -2.539344 427.012360 0.010743 -0.347247 0.002427 0.937709
58439.403536 -231.636658 -2.560392 427.871185 0.012157 -0.349277 0.002829 0.936936
58439.503536 -232.388519 -2.594680 428.724731 0.013380 -0.351188 0.002379 0.936206
58439.603536 -233.134155 -2.632226 429.565002 0.014004 -0.353304 0.001979 0.935401
58439.703536 -233.885010 -2.660094 430.419586 0.014068 -0.355317 0.001025 0.934639
58439.803536 -234.637115 -2.703723 431.262573 0.013512 -0.357218 0.000378 0.933923
58439.903536 -235.408722 -2.743092 432.120056 0.014350 -0.358932 -0.000547 0.933253
58440.003536 -236.163513 -2.786135 432.960266 0.014986 -0.360922 -0.000973 0.932475
58440.103536 -236.934158 -2.833324 433.794647 0.015189 -0.362438 -0.001966 0.931882
58440.203536 -237.715912 -2.880734 434.630005 0.015811 -0.363667 -0.003912 0.931387
58440.303536 -238.489380 -2.928217 435.458862 0.015991 -0.364847 -0.005028 0.930917
58440.403536 -239.282959 -2.967912 436.292633 0.016635 -0.365612 -0.007357 0.930590
58440.503536 -240.088272 -3.007565 437.146667 0.017434 -0.366203 -0.009184 0.930326
58440.603536 -240.883392 -3.043769 437.986481 0.018179 -0.366846 -0.010929 0.930040
58440.703536 -241.690140 -3.080029 438.835144 0.019420 -0.366798 -0.012197 0.930018
58440.803536 -242.485687 -3.118332 439.680969 0.021266 -0.366644 -0.012941 0.930028
58440.903536 -243.289917 -3.167851 440.527039 0.022308 -0.366454 -0.013278 0.930074
58441.003536 -244.074799 -3.224643 441.392639 0.022535 -0.366770 -0.013709 0.929938
58441.103536 -244.905258 -3.280468 442.262451 0.022775 -0.366683 -0.012883 0.929978
58441.203536 -245.716980 -3.332129 443.137054 0.022900 -0.366705 -0.012794 0.929967
58441.303536 -246.527863 -3.391366 444.002960 0.022555 -0.366867 -0.012688 0.929913
58441.403536 -247.349945 -3.445002 444.886993 0.021463 -0.367616 -0.012464 0.929646
58441.503536 -248.171951 -3.503067 445.763855 0.021125 -0.368289 -0.012737 0.929384
58441.603536 -249.020020 -3.543384 446.640747 0.022231 -0.368593 -0.012847 0.929236
58441.703536 -249.838882 -3.607609 447.520020 0.022448 -0.369543 -0.012466 0.928859
58441.803536 -250.678436 -3.664829 448.406708 0.021919 -0.370812 -0.011567 0.928377
58441.903536 -251.523514 -3.717034 449.282990 0.021609 -0.372296 -0.012099 0.927784
58442.003536 -252.378662 -3.768787 450.180481 0.020137 -0.374286 -0.013688 0.926994
58442.103536 -253.261276 -3.806990 451.089020 0.019054 -0.376270 -0.014888 0.926194
58442.203536 -254.133606 -3.842083 451.970520 0.019082 -0.378349 -0.016456 0.925320
58442.303536 -255.013885 -3.879259 452.847382 0.020015 -0.380861 -0.017027 0.924259
58442.403536 -255.892029 -3.913741 453.720398 0.021091 -0.383515 -0.017296 0.923132
58442.503536 -256.771545 -3.958490 454.592651 0.020631 -0.386222 -0.017843 0.922002
58442.603536 -257.664673 -4.009581 455.462402 0.019947 -0.388746 -0.018688 0.920939
58442.703536 -258.565582 -4.046944 456.324585 0.018869 -0.391281 -0.019256 0.919876
58442.803536 -259.472412 -4.083840 457.183838 0.017121 -0.393882 -0.019719 0.918790
58442.903536 -260.395142 -4.122777 458.046173 0.016168 -0.396300 -0.020480 0.917750
58443.003536 -261.286621 -4.162404 458.879486 0.015117 -0.398988 -0.019864 0.916617
58443.103536 -262.196960 -4.188686 459.723328 0.014691 -0.401932 -0.019505 0.915344
58443.203536 -263.125061 -4.227467 460.573425 0.014166 -0.405288 -0.018882 0.913884
58443.303536 -264.030029 -4.260516 461.394104 0.013213 -0.408840 -0.018423 0.912325
58443.403536 -264.973358 -4.284838 462.208313 0.012350 -0.411942 -0.017841 0.910952
58443.503536 -265.904144 -4.304780 463.018005 0.012688 -0.415393 -0.016923 0.909396
58443.603536 -266.830811 -4.333755 463.811707 0.012271 -0.418753 -0.016555 0.907866
58443.703536 -267.761719 -4.361827 464.607605 0.010357 -0.422255 -0.016858 0.906261
58443.803536 -268.731110 -4.376529 465.412018 0.008961 -0.425567 -0.017383 0.904716
58443.903536 -269.684814 -4.403826 466.188782 0.008469 -0.428956 -0.017627 0.903113
58444.003536 -270.640076 -4.408848 466.940125 0.008756 -0.432098 -0.017528 0.901614
58444.103536 -271.601868 -4.421932 467.716553 0.008423 -0.435716 -0.017766 0.899869
58444.203536 -272.569489 -4.432565 468.477295 0.007939 -0.438943 -0.017834 0.898303
58444.303536 -273.553650 -4.448551 469.228088 0.008393 -0.442511 -0.017512 0.896553
58444.403536 -274.537292 -4.463605 469.970276 0.008684 -0.446261 -0.017317 0.894693
58444.503536 -275.533630 -4.463679 470.707916 0.007817 -0.449881 -0.017215 0.892888
58444.603536 -276.521057 -4.474063 471.432983 0.006570 -0.453573 -0.017558 0.891022
58444.703536 -277.506897 -4.484683 472.145447 0.005820 -0.457281 -0.017803 0.889125
58444.803536 -278.511841 -4.494678 472.851196 0.004564 -0.460963 -0.018090 0.887223
58444.903536 -279.510193 -4.505882 473.542969 0.003031 -0.464613 -0.020191 0.885278
58445.003536 -280.548157 -4.499187 474.233276 0.001929 -0.468170 -0.021322 0.883379
58445.103536 -281.554688 -4.484797 474.903320 0.002612 -0.471612 -0.022032 0.881527
58445.203536 -282.570251 -4.493797 475.561768 0.003477 -0.475180 -0.021053 0.879630
58445.303536 -283.606903 -4.488336 476.219360 0.004437 -0.478699 -0.019627 0.877748
58445.403536 -284.614471 -4.493109 476.859711 0.005311 -0.482362 -0.021581 0.875690
58445.503536 -285.657410 -4.492793 477.496338 0.003829 -0.485892 -0.022482 0.873721
58445.603536 -286.707367 -4.490183 478.136841 0.001550 -0.489298 -0.023880 0.871788
58445.703536 -287.761810 -4.464804 478.747284 -0.000043 -0.492314 -0.030217 0.869893
58445.803536 -288.807281 -4.448212 479.374512 -0.002997 -0.496192 -0.029163 0.867718
58445.903536 -289.830811 -4.436317 479.971619 -0.000007 -0.499850 -0.023618 0.865790
58446.003536 -290.854980 -4.425846 480.557861 0.003842 -0.502980 -0.019700 0.864065
58446.103536 -291.892395 -4.412246 481.136139 0.002410 -0.506357 -0.018480 0.862123
58446.203536 -292.926208 -4.419087 481.710571 -0.000124 -0.509805 -0.020008 0.860057
58446.303536 -293.956421 -4.413546 482.272858 -0.000725 -0.512955 -0.021007 0.858158
58446.403536 -294.975891 -4.402810 482.817291 -0.000709 -0.516355 -0.022077 0.856090
58446.503536 -296.025208 -4.394607 483.351227 -0.002022 -0.519546 -0.023150 0.854126
58446.603536 -297.043091 -4.393375 483.860504 -0.003351 -0.522605 -0.024596 0.852213
58446.703536 -298.070190 -4.381326 484.382660 -0.002796 -0.525995 -0.024581 0.850128
58446.803536 -299.103271 -4.364346 484.882507 -0.001849 -0.529087 -0.023935 0.848228
58446.903536 -300.124512 -4.355265 485.372864 -0.001058 -0.532296 -0.024524 0.846203
58447.003536 -301.153076 -4.342781 485.856018 -0.001877 -0.535300 -0.024225 0.844312
58447.103536 -302.173462 -4.322226 486.313110 -0.002998 -0.538078 -0.025286 0.842510
58447.203536 -303.205261 -4.305351 486.775574 -0.004046 -0.540932 -0.026570 0.840637
58447.303536 -304.221588 -4.284555 487.217194 -0.003594 -0.543659 -0.027753 0.838839
58447.403536 -305.231140 -4.251539 487.662079 -0.003488 -0.546674 -0.027482 0.836887
58447.503536 -306.242371 -4.226479 488.103180 -0.004071 -0.549658 -0.028551 0.834892
58447.603536 -307.269562 -4.193518 488.529999 -0.004624 -0.552346 -0.030015 0.833062
58447.703536 -308.279480 -4.166246 488.949585 -0.004481 -0.555300 -0.030099 0.831093
58447.803536 -309.291138 -4.132427 489.364288 -0.003665 -0.558033 -0.029217 0.829296
58447.903536 -310.294403 -4.099808 489.768402 -0.003897 -0.560730 -0.028426 0.827502
58448.003536 -311.313110 -4.065586 490.173065 -0.003548 -0.563334 -0.029008 0.825712
58448.103536 -312.314514 -4.040569 490.562561 -0.004074 -0.565843 -0.029577 0.823972
58448.203536 -313.322632 -4.014217 490.945770 -0.005199 -0.568380 -0.030059 0.822200
58448.303536 -314.324097 -3.992685 491.313782 -0.005988 -0.570520 -0.030128 0.820709
58448.403536 -315.333710 -3.957388 491.681030 -0.005859 -0.572865 -0.029617 0.819094
58448.503536 -316.372437 -3.922863 492.054199 -0.005916 -0.575303 -0.029147 0.817399
58448.603536 -317.375610 -3.888561 492.404327 -0.006452 -0.577582 -0.028722 0.815801
58448.703536 -318.389038 -3.857887 492.752930 -0.007516 -0.580299 -0.028831 0.813858
58448.803536 -319.409729 -3.817123 493.090088 -0.007773 -0.583350 -0.029846 0.811635
58448.903536 -320.425995 -3.785782 493.422302 -0.007997 -0.586806 -0.030167 0.809126
58449.003536 -321.424316 -3.755861 493.736206 -0.007732 -0.590345 -0.029655 0.806569
58449.103536 -322.425293 -3.720589 494.050446 -0.008138 -0.593716 -0.027757 0.804155
58449.203536 -323.441589 -3.682198 494.343567 -0.007690 -0.596863 -0.029139 0.801777
58449.303536 -324.455688 -3.638783 494.638336 -0.009482 -0.599816 -0.031543 0.799460
58449.403536 -325.446472 -3.595121 494.920441 -0.011448 -0.602948 -0.033681 0.796987
58449.503536 -326.447601 -3.563566 495.180786 -0.011543 -0.605468 -0.033574 0.795077
58449.603536 -327.446625 -3.514622 495.456177 -0.010165 -0.608357 -0.032610 0.792928
58449.703536 -328.412689 -3.481686 495.693970 -0.010420 -0.610888 -0.031686 0.791014
58449.803536 -329.417297 -3.433138 495.948334 -0.010547 -0.613548 -0.031049 0.788976
58449.903536 -330.415253 -3.394365 496.193115 -0.010767 -0.615632 -0.030350 0.787375
58450.003536 -331.421844 -3.348751 496.428925 -0.010417 -0.617315 -0.030948 0.786038
58450.103536 -332.413574 -3.301825 496.668152 -0.010415 -0.618781 -0.030829 0.784889
58450.203536 -333.396484 -3.270815 496.908051 -0.010693 -0.620210 -0.031125 0.783745
58450.303536 -334.403931 -3.224600 497.144165 -0.011309 -0.621057 -0.031150 0.783064
58450.403536 -335.391205 -3.186493 497.381775 -0.011947 -0.621887 -0.031120 0.782397
58450.503536 -336.390930 -3.146076 497.614655 -0.012209 -0.622538 -0.031910 0.781843
58450.603536 -337.371429 -3.100138 497.841736 -0.012946 -0.623064 -0.031307 0.781437
58450.703536 -338.351379 -3.054878 498.069397 -0.013716 -0.623468 -0.031061 0.781111
58450.803536 -339.352997 -3.003511 498.300995 -0.013575 -0.623941 -0.030649 0.780752
58450.903536 -340.331451 -2.965889 498.528656 -0.013028 -0.624013 -0.030324 0.780717
58451.003536 -341.316010 -2.918070 498.762970 -0.012429 -0.623082 -0.029560 0.781499
58451.103536 -342.292480 -2.873344 498.996490 -0.012252 -0.621239 -0.030038 0.782950
58451.203536 -343.285461 -2.827021 499.248322 -0.013361 -0.619051 -0.029895 0.784668
58451.303536 -344.282227 -2.785402 499.506989 -0.013286 -0.616690 -0.030824 0.786491
58451.403536 -345.264709 -2.745209 499.767822 -0.013239 -0.613689 -0.030858 0.788833
58451.503536 -346.263245 -2.698782 500.040619 -0.011857 -0.610679 -0.031025 0.791182
58451.603536 -347.266510 -2.650681 500.317963 -0.010717 -0.607245 -0.030742 0.793847
58451.703536 -348.236633 -2.606127 500.596649 -0.010016 -0.604156 -0.030415 0.796223
58451.803536 -349.210327 -2.571808 500.898773 -0.010483 -0.600854 -0.029521 0.798744
58451.903536 -350.173248 -2.534256 501.189148 -0.010129 -0.597406 -0.029802 0.801321
58452.003536 -351.144562 -2.498400 501.485260 -0.009331 -0.594009 -0.029547 0.803862
58452.103536 -352.117371 -2.465546 501.795654 -0.010299 -0.590691 -0.029043 0.806309
58452.203536 -353.088226 -2.420834 502.116486 -0.012620 -0.587165 -0.032518 0.808715
58452.303536 -354.071991 -2.367214 502.456757 -0.013794 -0.583967 -0.033872 0.810953
58452.403536 -355.053436 -2.322165 502.805969 -0.010954 -0.581137 -0.029365 0.813202
58452.503536 -356.001099 -2.285248 503.145813 -0.003724 -0.578588 -0.025777 0.815204
58452.603536 -356.936188 -2.259508 503.483124 0.000485 -0.576326 -0.024045 0.816866
58452.703536 -357.908722 -2.244277 503.836060 -0.000043 -0.574215 -0.023736 0.818361
58452.803536 -358.866577 -2.230042 504.207062 -0.003487 -0.571878 -0.024566 0.819963
58452.903536 -359.859131 -2.194603 504.579132 -0.005494 -0.569378 -0.025581 0.821659
58453.003536 -360.835419 -2.167860 504.959259 -0.004064 -0.568004 -0.025202 0.822630
58453.103536 -361.807068 -2.138036 505.334381 -0.000180 -0.567216 -0.022688 0.823256
58453.203536 -362.785156 -2.127741 505.713409 0.003778 -0.566149 -0.021606 0.824011
58453.303536 -363.778137 -2.119005 506.087067 0.005125 -0.565184 -0.022445 0.824643
58453.403536 -364.781860 -2.103952 506.484680 0.000785 -0.564313 -0.021757 0.825274
58453.503536 -365.776886 -2.092943 506.894318 -0.004399 -0.563794 -0.021796 0.825616
58453.603536 -366.785034 -2.066866 507.288483 -0.002833 -0.563565 -0.021838 0.825778
58453.703536 -367.777527 -2.051101 507.681671 0.001928 -0.565249 -0.020227 0.824670
58453.803536 -368.784485 -2.030437 508.067200 0.003279 -0.567159 -0.019141 0.823379
58453.903536 -369.813477 -2.010771 508.447144 0.001001 -0.568609 -0.022669 0.822295
58454.003536 -370.861328 -1.991780 508.833130 -0.001792 -0.571015 -0.025393 0.820545
58454.103536 -371.875549 -1.973446 509.196198 -0.002764 -0.574053 -0.025312 0.818422
58454.203536 -372.891113 -1.958474 509.566315 -0.004099 -0.577079 -0.022189 0.816376
58454.303536 -373.950806 -1.921894 509.936920 -0.004645 -0.579610 -0.020564 0.814621
58454.403536 -375.012146 -1.899863 510.295624 -0.006252 -0.582410 -0.020209 0.812620
58454.503536 -376.102966 -1.860510 510.651855 -0.007600 -0.585474 -0.022419 0.810345
58454.603536 -377.183807 -1.833153 510.995819 -0.007322 -0.588675 -0.025323 0.807940
58454.703536 -378.274292 -1.816324 511.336945 -0.004960 -0.592353 -0.025168 0.805270
58454.803536 -379.377075 -1.778875 511.669006 -0.002721 -0.595703 -0.024187 0.802836
58454.903536 -380.480438 -1.742915 511.996094 -0.002036 -0.598845 -0.024614 0.800484
58455.003536 -381.605408 -1.717155 512.317993 -0.004155 -0.602492 -0.025308 0.797713
58455.103536 -382.742676 -1.679150 512.632568 -0.007366 -0.605955 -0.026912 0.795010
58455.203536 -383.865936 -1.633747 512.936279 -0.010170 -0.609836 -0.027124 0.791998
58455.303536 -384.999908 -1.586493 513.220947 -0.010928 -0.613963 -0.027509 0.788780
58455.403536 -386.148987 -1.529667 513.486694 -0.011493 -0.618074 -0.029702 0.785474
58455.503536 -387.299103 -1.473429 513.743774 -0.012142 -0.622179 -0.030880 0.782171
58455.603536 -388.429108 -1.433111 513.997375 -0.012257 -0.626545 -0.029716 0.778722
58455.703536 -389.590729 -1.372370 514.240295 -0.011937 -0.630759 -0.027709 0.775392
58455.803536 -390.759888 -1.327356 514.476807 -0.012942 -0.634913 -0.026921 0.772006
58455.903536 -391.930908 -1.273628 514.698792 -0.013692 -0.639026 -0.027394 0.768575
58456.003536 -393.086670 -1.218462 514.899597 -0.014617 -0.642665 -0.027827 0.765502
58456.103536 -394.248779 -1.168972 515.102051 -0.015342 -0.646080 -0.028419 0.762586
58456.203536 -395.408722 -1.118893 515.286987 -0.015513 -0.648908 -0.029340 0.760143
58456.303536 -396.570770 -1.067863 515.458801 -0.015642 -0.651028 -0.029530 0.758317
58456.403536 -397.758728 -1.005613 515.638306 -0.015371 -0.652798 -0.029991 0.756782
58456.503536 -398.947449 -0.943417 515.812134 -0.015311 -0.654154 -0.030308 0.755598
58456.603536 -400.140228 -0.888708 515.984863 -0.015588 -0.655312 -0.030859 0.754567
58456.703536 -401.330994 -0.831629 516.154663 -0.015379 -0.656214 -0.031381 0.753765
58456.803536 -402.511292 -0.772722 516.324707 -0.015596 -0.656968 -0.030808 0.753128
58456.903536 -403.701569 -0.707449 516.493408 -0.015492 -0.657669 -0.030569 0.752527
58457.003536 -404.876587 -0.648260 516.660034 -0.015860 -0.658297 -0.030733 0.751964
58457.103536 -406.028595 -0.586447 516.813721 -0.016585 -0.658890 -0.030878 0.751423
58457.203536 -407.194366 -0.519461 516.965942 -0.017045 -0.659287 -0.032106 0.751012
58457.303536 -408.355499 -0.451982 517.117004 -0.017156 -0.659642 -0.033913 0.750619
58457.403536 -409.505951 -0.379827 517.267212 -0.017185 -0.660311 -0.033995 0.750026
58457.503536 -410.650909 -0.317226 517.410339 -0.018333 -0.660657 -0.034596 0.749666
58457.603536 -411.784973 -0.242859 517.571777 -0.018806 -0.661141 -0.034590 0.749228
58457.703536 -412.940247 -0.175079 517.718750 -0.018511 -0.661597 -0.034520 0.748836
58457.803536 -414.088196 -0.129356 517.855164 -0.017201 -0.661690 -0.034015 0.748808
58457.903536 -415.227783 -0.081408 517.997192 -0.015373 -0.661865 -0.032063 0.748779
58458.003536 -416.376312 -0.015701 518.132446 -0.010795 -0.662076 -0.031974 0.748676
58458.103536 -417.496246 0.015917 518.268799 -0.010202 -0.662342 -0.032683 0.748419
58458.203536 -418.647644 0.066961 518.406250 -0.011109 -0.662439 -0.035146 0.748209
58458.303536 -419.809113 0.123823 518.556641 -0.012397 -0.662373 -0.036802 0.748167
58458.403536 -420.975769 0.192373 518.699036 -0.012100 -0.662440 -0.037310 0.748087
58458.503536 -422.116608 0.247843 518.842163 -0.011542 -0.662734 -0.036468 0.747877
58458.603536 -423.254669 0.310186 518.975098 -0.009707 -0.662900 -0.038334 0.747663
58458.703536 -424.398041 0.371040 519.115845 -0.009764 -0.663161 -0.039076 0.747393
58458.803536 -425.529877 0.417990 519.261963 -0.008281 -0.663515 -0.037433 0.747180
58458.903536 -426.672760 0.463835 519.409851 -0.006832 -0.663778 -0.034169 0.747118
58459.003536 -427.829742 0.518969 519.555969 -0.007028 -0.664045 -0.032215 0.746965
58459.103536 -428.987335 0.567373 519.703491 -0.009121 -0.664088 -0.031881 0.746918
58459.203536 -430.117096 0.613821 519.839844 -0.011636 -0.664022 -0.031392 0.746963
58459.303536 -431.258759 0.667730 519.986694 -0.013087 -0.664102 -0.030401 0.746909
58459.403536 -432.384460 0.708916 520.123840 -0.013542 -0.664063 -0.030498 0.746932
58459.503536 -433.528015 0.772182 520.274231 -0.014326 -0.664331 -0.029085 0.746735
58459.603536 -434.669159 0.827631 520.412720 -0.015250 -0.664398 -0.027442 0.746720
58459.703536 -435.796906 0.878939 520.554443 -0.015092 -0.664282 -0.026118 0.746873
58459.803536 -436.929016 0.929874 520.701294 -0.014764 -0.664426 -0.025479 0.746774
58459.903536 -438.047211 0.977091 520.841125 -0.014257 -0.664143 -0.024991 0.747052
58460.003536 -439.158508 1.022055 520.983887 -0.015446 -0.663390 -0.023851 0.747735
58460.103536 -440.262482 1.056984 521.125671 -0.015632 -0.661847 -0.021892 0.749156
58460.203536 -441.381165 1.099518 521.287964 -0.015069 -0.660460 -0.018420 0.750484
58460.303536 -442.451111 1.142262 521.426147 -0.014796 -0.658745 -0.017565 0.752016
58460.403536 -443.537872 1.180193 521.585205 -0.016544 -0.656906 -0.018778 0.753557
58460.503536 -444.643799 1.223385 521.748291 -0.017153 -0.654822 -0.019748 0.755331
58460.603536 -445.743469 1.269030 521.920288 -0.016713 -0.652744 -0.020167 0.757126
58460.703536 -446.840881 1.313456 522.096497 -0.015261 -0.650483 -0.020906 0.759079
58460.803536 -447.936035 1.359268 522.279541 -0.013850 -0.648084 -0.021100 0.761151
58460.903536 -449.024658 1.397154 522.473755 -0.012864 -0.645238 -0.021009 0.763584
58461.003536 -450.116516 1.434721 522.679321 -0.011989 -0.641660 -0.021027 0.766607
58461.103536 -451.181274 1.472618 522.879517 -0.010451 -0.637789 -0.021783 0.769832
58461.203536 -452.280304 1.501505 523.112061 -0.009143 -0.634012 -0.021974 0.772957
58461.303536 -453.389771 1.534437 523.361694 -0.007303 -0.630255 -0.021163 0.776066
58461.403536 -454.454163 1.556776 523.603027 -0.004914 -0.626419 -0.020359 0.779205
58461.503536 -455.514984 1.581296 523.847900 -0.003031 -0.622402 -0.020002 0.782437
58461.603536 -456.585999 1.597870 524.110352 -0.002264 -0.618493 -0.020880 0.785510
58461.703536 -457.640015 1.612324 524.379456 -0.002571 -0.614348 -0.021291 0.788744
58461.803536 -458.710632 1.631297 524.677002 -0.002534 -0.610405 -0.021502 0.791793
58461.903536 -459.769714 1.648936 524.971191 -0.002475 -0.606301 -0.021839 0.794932
58462.003536 -460.823425 1.668941 525.281372 -0.003098 -0.602207 -0.022294 0.798023
58462.103536 -461.861267 1.684330 525.586670 -0.003829 -0.597836 -0.023495 0.801265
58462.203536 -462.907257 1.711140 525.927368 -0.003676 -0.593324 -0.024535 0.804581
58462.303536 -463.943115 1.731672 526.268433 -0.003040 -0.588584 -0.025284 0.808035
58462.403536 -464.979553 1.749130 526.622192 -0.002585 -0.583577 -0.024937 0.811671
58462.503536 -465.987427 1.771929 526.994507 -0.001765 -0.578730 -0.024158 0.815159
58462.603536 -466.995270 1.792306 527.377441 -0.001045 -0.573554 -0.023699 0.818824
58462.703536 -467.998230 1.814283 527.761597 -0.000784 -0.568404 -0.023980 0.822400
58462.803536 -468.974182 1.824126 528.160217 -0.001715 -0.563295 -0.023375 0.825923
58462.903536 -469.963440 1.831388 528.570251 -0.002161 -0.558039 -0.022903 0.829495
58463.003536 -470.934418 1.845016 528.994141 -0.002084 -0.552812 -0.021396 0.833028
58463.103536 -471.888184 1.851601 529.418701 -0.001279 -0.547560 -0.020481 0.836515
58463.203536 -472.840088 1.866007 529.860596 -0.000062 -0.542343 -0.019375 0.839934
58463.303536 -473.768341 1.871734 530.302002 0.000595 -0.537206 -0.018947 0.843238
58463.403536 -474.673035 1.874090 530.751099 -0.000125 -0.532141 -0.018197 0.846460
58463.503536 -475.557861 1.866473 531.200195 -0.001100 -0.527020 -0.018488 0.849651
58463.603536 -476.441284 1.871037 531.666626 -0.002340 -0.522149 -0.018147 0.852658
58463.703536 -477.298584 1.872221 532.126221 -0.003452 -0.517097 -0.018039 0.855730
58463.803536 -478.144897 1.881148 532.597534 -0.004311 -0.512095 -0.017659 0.858736
58463.903536 -478.959412 1.886326 533.065430 -0.005432 -0.507211 -0.017149 0.861634
58464.003536 -479.761597 1.891816 533.538208 -0.006517 -0.502427 -0.016559 0.864437
58464.103536 -480.541595 1.897141 534.006226 -0.006712 -0.497513 -0.016049 0.867282
58464.203536 -481.317230 1.906303 534.482666 -0.005928 -0.492836 -0.015643 0.869962
58464.303536 -482.067078 1.919646 534.954163 -0.006070 -0.488254 -0.015227 0.872548
58464.403536 -482.788086 1.929948 535.420166 -0.006699 -0.483735 -0.015668 0.875049
58464.503536 -483.497101 1.944309 535.885742 -0.007324 -0.479087 -0.016814 0.877576
58464.603536 -484.181580 1.953618 536.347046 -0.007495 -0.474719 -0.017469 0.879932
58464.703536 -484.846313 1.960201 536.807190 -0.008020 -0.470364 -0.017405 0.882264
58464.803536 -485.481201 1.967412 537.261841 -0.007603 -0.466115 -0.017443 0.884520
58464.903536 -486.117554 1.978459 537.716187 -0.007177 -0.462007 -0.016932 0.886685
58465.003536 -486.718567 1.984010 538.161133 -0.007195 -0.458144 -0.016460 0.888697
58465.103536 -487.314026 1.994061 538.603333 -0.007520 -0.454491 -0.015897 0.890578
58465.203536 -487.880432 1.998504 539.035095 -0.008163 -0.451074 -0.015505 0.892314
58465.303536 -488.435638 2.005221 539.463501 -0.008593 -0.447523 -0.015371 0.894099
58465.403536 -488.977661 2.012026 539.886230 -0.009133 -0.444444 -0.015465 0.895626
58465.503536 -489.497803 2.017259 540.292480 -0.009664 -0.441721 -0.015192 0.896972
58465.603536 -490.003052 2.021141 540.696655 -0.009776 -0.439382 -0.014456 0.898131
58465.703536 -490.499725 2.027564 541.096436 -0.009143 -0.436814 -0.014582 0.899387
58465.803536 -490.980042 2.035988 541.487915 -0.008840 -0.434397 -0.014953 0.900554
58465.903536 -491.426971 2.047312 541.850464 -0.008293 -0.432027 -0.015412 0.901691
58466.003536 -491.885864 2.055693 542.228638 -0.008313 -0.429889 -0.014897 0.902721
58466.103536 -492.316711 2.063614 542.600403 -0.007999 -0.427627 -0.014342 0.903806
58466.203536 -492.756378 2.069911 542.971558 -0.007683 -0.425210 -0.013867 0.904956
58466.303536 -493.185547 2.073849 543.342773 -0.007161 -0.423059 -0.013728 0.905970
58466.403536 -493.619293 2.085518 543.714966 -0.006835 -0.420962 -0.013653 0.906950
58466.503536 -494.028229 2.087958 544.076233 -0.006926 -0.418642 -0.013682 0.908022
58466.603536 -494.446136 2.088725 544.445557 -0.007237 -0.416535 -0.013624 0.908989
58466.703536 -494.854218 2.093628 544.808960 -0.007142 -0.414397 -0.013089 0.909974
58466.803536 -495.262482 2.102754 545.177673 -0.007191 -0.412423 -0.013022 0.910871
58466.903536 -495.639343 2.100653 545.524719 -0.007600 -0.410633 -0.012719 0.911680
58467.003536 -496.018890 2.100152 545.872864 -0.007872 -0.409308 -0.012284 0.912280
58467.103536 -496.390106 2.112871 546.214844 -0.007803 -0.407706 -0.011794 0.913004
58467.203536 -496.755096 2.104970 546.546692 -0.007705 -0.406044 -0.011829 0.913744
58467.303536 -497.087494 2.114432 546.861694 -0.007603 -0.404475 -0.011038 0.914451
58467.403536 -497.423401 2.114991 547.179932 -0.007356 -0.403110 -0.011120 0.915054
58467.503536 -497.770233 2.123261 547.504639 -0.007174 -0.401674 -0.010820 0.915691
58467.603536 -498.091705 2.130533 547.816284 -0.007252 -0.400658 -0.010162 0.916143
58467.703536 -498.417633 2.126739 548.120972 -0.007031 -0.399403 -0.010942 0.916683
58467.803536 -498.733307 2.131603 548.413513 -0.007451 -0.398150 -0.011378 0.917220
58467.903536 -499.047974 2.137791 548.716797 -0.007804 -0.397087 -0.011606 0.917674
58468.003536 -499.360199 2.142804 549.024719 -0.008052 -0.395926 -0.011661 0.918173
58468.103536 -499.668793 2.149063 549.330444 -0.008223 -0.394541 -0.011734 0.918767
58468.203536 -499.965027 2.155292 549.629700 -0.007924 -0.393398 -0.011679 0.919260
58468.303536 -500.238831 2.136806 549.898438 -0.008036 -0.391983 -0.012749 0.919849
58468.403536 -500.545776 2.161979 550.186707 -0.008331 -0.390244 -0.011523 0.920602
58468.503536 -500.835938 2.172598 550.482239 -0.008401 -0.389353 -0.011423 0.920980
58468.603536 -501.071289 2.153454 550.702393 -0.009688 -0.388286 -0.011654 0.921414
58468.703536 -501.354279 2.170369 550.993408 -0.009124 -0.387726 -0.011955 0.921652
58468.803536 -501.595184 2.171805 551.228149 -0.009358 -0.387038 -0.011611 0.921943
58468.903536 -501.824097 2.171279 551.471863 -0.009448 -0.386630 -0.011618 0.922114
58469.003536 -502.042236 2.178057 551.692017 -0.009469 -0.385761 -0.011346 0.922480
58469.103536 -502.247650 2.185893 551.899414 -0.008832 -0.385539 -0.010948 0.922584
58469.203536 -502.447418 2.189940 552.095093 -0.008674 -0.385396 -0.010982 0.922645
58469.303536 -502.643402 2.204063 552.289368 -0.007842 -0.385549 -0.010572 0.922594
58469.403536 -502.782684 2.165918 552.426025 -0.008780 -0.385467 -0.011401 0.922609
58469.503536 -502.951660 2.181260 552.596069 -0.008111 -0.385099 -0.011531 0.922768
58469.603536 -503.092834 2.186538 552.757202 -0.007540 -0.384992 -0.011667 0.922815
58469.703536 -503.222809 2.194512 552.878601 -0.007294 -0.384519 -0.010962 0.923023
58469.803536 -503.348785 2.184275 553.015137 -0.007461 -0.384446 -0.011349 0.923048
58469.903536 -503.479401 2.211584 553.158142 -0.007156 -0.384406 -0.010268 0.923079
58470.003536 -503.609985 2.201081 553.272583 -0.007223 -0.383978 -0.010556 0.923253
58470.103536 -503.733612 2.202440 553.389343 -0.006880 -0.383980 -0.010632 0.923254
58470.203536 -503.847504 2.202266 553.505493 -0.006872 -0.384233 -0.009972 0.923157
58470.303536 -503.963776 2.205580 553.610962 -0.006349 -0.384226 -0.009892 0.923164
58470.403536 -504.068909 2.202173 553.717590 -0.005788 -0.384541 -0.010534 0.923030
58470.503536 -504.165283 2.198807 553.820312 -0.005679 -0.384881 -0.010466 0.922890
58470.603537 -504.296814 2.208669 553.932556 -0.005414 -0.384957 -0.010796 0.922855
58470.703536 -504.395142 2.204539 554.045959 -0.005614 -0.385625 -0.010963 0.922573
58470.803536 -504.506561 2.204878 554.161621 -0.005866 -0.386265 -0.010592 0.922308
58470.903536 -504.612000 2.202476 554.265808 -0.005860 -0.386435 -0.010337 0.922240
58471.003536 -504.728851 2.203554 554.382080 -0.005158 -0.386691 -0.010644 0.922134
58471.103536 -504.858704 2.212565 554.510742 -0.005805 -0.387425 -0.010611 0.921822
58471.203536 -505.015869 2.217765 554.615601 -0.004573 -0.386428 -0.012086 0.922229
58471.303536 -505.134247 2.216994 554.758728 -0.005185 -0.387488 -0.010845 0.921796
58471.403536 -505.228821 2.220933 554.869629 -0.004942 -0.388003 -0.010741 0.921582
58471.503536 -505.364410 2.224437 555.013916 -0.004667 -0.388436 -0.011093 0.921397
58471.603536 -505.475647 2.218287 555.109192 -0.004859 -0.388617 -0.011619 0.921314
58471.703536 -505.605927 2.228364 555.215210 -0.004774 -0.388587 -0.011265 0.921331
58471.803536 -505.717834 2.208354 555.317993 -0.005167 -0.388790 -0.011685 0.921238
58471.903536 -505.864014 2.223699 555.477051 -0.005284 -0.388657 -0.010747 0.921305
58472.003536 -506.027924 2.221070 555.639465 -0.004858 -0.388756 -0.012216 0.921247
58472.103536 -506.138733 2.219721 555.756592 -0.004668 -0.389092 -0.012548 0.921102
58472.203536 -506.289520 2.229479 555.895386 -0.003994 -0.388813 -0.012064 0.921229
58472.303536 -506.417297 2.234578 556.071228 -0.003394 -0.389591 -0.012137 0.920902
58472.403536 -506.551239 2.218756 556.154541 -0.003949 -0.388431 -0.011777 0.921394
58472.503536 -506.758972 2.228610 556.364136 -0.002769 -0.388800 -0.013556 0.921218
58472.603536 -506.890259 2.233256 556.504761 -0.003049 -0.389209 -0.011464 0.921073
58472.703536 -507.064545 2.232351 556.676636 -0.002952 -0.389179 -0.011765 0.921082
58472.803536 -507.221954 2.232277 556.828064 -0.002727 -0.389230 -0.010825 0.921073
58472.903536 -507.424622 2.240793 557.030579 -0.002564 -0.389113 -0.010553 0.921126
58473.003536 -507.603149 2.232553 557.210815 -0.002383 -0.388667 -0.010709 0.921313
58473.103536 -507.811035 2.241234 557.416321 -0.002348 -0.388603 -0.011370 0.921332
58473.203536 -508.011200 2.234690 557.603821 -0.002150 -0.388268 -0.011611 0.921471
58473.303536 -508.245178 2.236204 557.834473 -0.002308 -0.388256 -0.011728 0.921474
58473.403536 -508.465332 2.244743 558.055298 -0.001749 -0.388016 -0.011481 0.921579
58473.503536 -508.696930 2.246627 558.285217 -0.001420 -0.387853 -0.011404 0.921649
58473.603536 -508.928284 2.248639 558.522705 -0.001363 -0.388032 -0.011103 0.921578
58473.703536 -509.184326 2.247277 558.772705 -0.001902 -0.387831 -0.011033 0.921662
58473.803536 -509.441833 2.260743 559.030396 -0.001361 -0.387605 -0.010357 0.921767
58473.903536 -509.705994 2.255157 559.294312 -0.002042 -0.387247 -0.009588 0.921924
58474.003536 -509.977448 2.259946 559.571045 -0.001711 -0.386913 -0.009988 0.922061
58474.103536 -510.268585 2.264333 559.847534 -0.001117 -0.386230 -0.010281 0.922344
58474.203536 -510.564789 2.268023 560.140259 -0.001214 -0.385839 -0.010508 0.922505
58474.303536 -510.872498 2.265753 560.439880 -0.001250 -0.385396 -0.010875 0.922687
58474.403536 -511.192444 2.263019 560.762817 -0.001368 -0.385236 -0.010426 0.922758
58474.503536 -511.502411 2.255431 561.083130 -0.001118 -0.384726 -0.010082 0.922975
58474.603537 -511.839905 2.257652 561.421021 -0.001510 -0.384552 -0.009147 0.923057
58474.703536 -512.171509 2.255842 561.766235 -0.001000 -0.384269 -0.009114 0.923176
58474.803536 -512.535706 2.260610 562.130371 -0.000069 -0.384155 -0.009351 0.923221
58474.903536 -512.904541 2.255374 562.499390 -0.000183 -0.383887 -0.008841 0.923338
58475.003536 -513.283447 2.258063 562.879761 -0.000282 -0.383575 -0.009346 0.923462
58475.103536 -513.681213 2.267273 563.279236 0.000026 -0.383289 -0.009571 0.923579
58475.203536 -514.086853 2.273690 563.681274 -0.000351 -0.383273 -0.009379 0.923587
58475.303536 -514.485474 2.264050 564.090454 -0.001034 -0.382918 -0.009499 0.923733
58475.403536 -514.897461 2.268477 564.503540 -0.001206 -0.382830 -0.009761 0.923766
58475.503536 -515.336792 2.266453 564.937561 -0.001768 -0.382736 -0.009620 0.923806
58475.603536 -515.760315 2.268636 565.376465 -0.002251 -0.382811 -0.009064 0.923779
58475.703536 -516.192261 2.263954 565.810608 -0.002543 -0.382605 -0.009565 0.923859
58475.803536 -516.637512 2.267599 566.255310 -0.002792 -0.382468 -0.009509 0.923916
58475.903536 -517.057312 2.260773 566.659912 -0.002959 -0.382022 -0.009846 0.924096
