58502.800248 -0.000000 -0.000000 -0.000000 -0.000000 -0.000000 -0.000000 1.000000
58502.900248 -0.000000 -0.000000 -0.000000 -0.000000 -0.000000 -0.000000 1.000000
58503.000248 0.114580 -1.148374 0.606091 -0.095339 -0.007339 0.041877 0.994537
58503.100248 0.114580 -1.148374 0.606091 -0.095339 -0.007339 0.041877 0.994537
58503.200248 0.129783 -1.096375 1.029758 -0.094424 -0.005940 0.041105 0.994665
58503.300248 0.129783 -1.096375 1.029758 -0.094424 -0.005940 0.041105 0.994665
58503.400248 0.129783 -1.096375 1.029758 -0.094424 -0.005940 0.041105 0.994665
58503.500248 0.131898 -0.966782 1.793000 -0.095768 -0.003913 0.042174 0.994502
58503.600248 0.131898 -0.966782 1.793000 -0.095768 -0.003913 0.042174 0.994502
58503.700248 0.115452 -0.845887 2.514155 -0.094583 -0.001723 0.042414 0.994612
58503.800248 0.115452 -0.845887 2.514155 -0.094583 -0.001723 0.042414 0.994612
58503.900248 0.093502 -0.866601 2.521553 -0.096873 0.004692 0.048701 0.994093
58504.000248 0.093502 -0.866601 2.521553 -0.096873 0.004692 0.048701 0.994093
58504.100248 -0.042328 -0.860731 2.566429 -0.096290 0.011735 0.045216 0.994257
58504.200248 -0.042328 -0.860731 2.566429 -0.096290 0.011735 0.045216 0.994257
58504.300248 0.024807 -0.855500 2.626080 -0.097285 0.016536 0.043487 0.994169
58504.400248 0.162882 -0.818186 2.918149 -0.095783 0.004936 0.044060 0.994414
58504.500248 0.119318 -0.812960 3.116374 -0.095882 0.012589 0.040748 0.994479
58504.600248 0.170004 -0.166215 6.128565 -0.094184 0.012424 0.040734 0.994644
58504.700248 0.205025 -0.171106 6.342675 -0.096674 0.013850 0.040598 0.994391
58504.800248 0.204540 -0.156533 6.665300 -0.097695 0.020605 0.036384 0.994338
58504.900248 0.251476 0.136267 7.715066 -0.095423 0.022267 0.040002 0.994384
58505.000248 0.271649 0.211513 8.186223 -0.095960 0.026483 0.041095 0.994184
58505.100248 0.327685 0.354792 8.852130 -0.095686 0.030825 0.039602 0.994146
58505.200248 0.361874 0.484662 9.441321 -0.096267 0.035278 0.038204 0.993996
58505.300248 0.427675 0.603356 10.084289 -0.097480 0.039257 0.037658 0.993750
58505.400248 0.485860 0.719739 10.703319 -0.098076 0.043686 0.037457 0.993514
58505.500248 0.555539 0.851831 11.353678 -0.097987 0.048361 0.037752 0.993295
58505.600248 0.634563 0.979547 12.003369 -0.097462 0.052957 0.037165 0.993134
58505.700248 0.709452 1.105747 12.638042 -0.097060 0.057964 0.036376 0.992923
58505.800248 0.797220 1.239660 13.306730 -0.097137 0.062858 0.035881 0.992636
58505.900248 0.905479 1.374735 13.996174 -0.097312 0.067617 0.035655 0.992314
58506.000248 1.014826 1.511477 14.687027 -0.097342 0.072696 0.036169 0.991933
58506.100248 1.132168 1.651281 15.380180 -0.097388 0.077616 0.036006 0.991562
58506.200248 1.263935 1.798991 16.102736 -0.096825 0.082538 0.035737 0.991229
58506.300248 1.392087 1.945410 16.840071 -0.096370 0.087146 0.035163 0.990900
58506.400248 1.539528 2.098966 17.584135 -0.095943 0.091117 0.034743 0.990599
58506.500248 1.696468 2.249190 18.333214 -0.096285 0.094718 0.034793 0.990226
58506.600248 1.859420 2.405115 19.112011 -0.096475 0.098115 0.034575 0.989884
58506.700248 2.032391 2.554122 19.878782 -0.096000 0.100907 0.034156 0.989664
58506.800248 2.192054 2.708771 20.669575 -0.096259 0.103621 0.033931 0.989366
58506.900248 2.373604 2.869877 21.465912 -0.096846 0.105738 0.034724 0.989057
58507.000248 2.558530 3.039462 22.285044 -0.098319 0.107617 0.036223 0.988656
58507.100248 2.741763 3.197903 23.105753 -0.098954 0.109222 0.035843 0.988430
58507.200248 2.931233 3.357317 23.948120 -0.098591 0.110878 0.035383 0.988298
58507.300248 3.123719 3.520062 24.777098 -0.096404 0.112143 0.035832 0.988355
58507.400248 3.319155 3.682112 25.610542 -0.094831 0.113333 0.036316 0.988354
58507.500248 3.526304 3.854367 26.469574 -0.095446 0.114632 0.036567 0.988136
58507.600248 3.733680 4.023520 27.341610 -0.097795 0.115055 0.036725 0.987851
58507.700248 3.943367 4.200138 28.231869 -0.099333 0.115234 0.036138 0.987698
58507.800248 4.151691 4.383844 29.126753 -0.099898 0.114919 0.036552 0.987663
58507.900248 4.363190 4.567221 30.016901 -0.099921 0.113864 0.036295 0.987792
58508.000248 4.570125 4.755199 30.927240 -0.099339 0.112729 0.035653 0.988005
58508.100248 4.769416 4.940280 31.825460 -0.097218 0.111362 0.035383 0.988380
58508.200248 4.978229 5.127694 32.756840 -0.094665 0.109834 0.034975 0.988813
58508.300248 5.193518 5.323394 33.719807 -0.092002 0.108377 0.032936 0.989295
58508.400248 5.404860 5.521873 34.697926 -0.090633 0.106154 0.031694 0.989703
58508.500248 5.593339 5.698748 35.648926 -0.090862 0.104371 0.032604 0.989842
58508.600248 5.811426 5.872432 36.598450 -0.091537 0.102878 0.034669 0.989866
58508.700248 6.004481 6.028202 37.525059 -0.090533 0.101118 0.033169 0.990191
58508.800248 6.180566 6.207643 38.498672 -0.088717 0.098796 0.032067 0.990626
58508.900248 6.377934 6.378960 39.469536 -0.087266 0.095126 0.035256 0.991006
58509.000248 6.544461 6.543729 40.451584 -0.085931 0.091299 0.034746 0.991500
58509.100248 6.708625 6.704321 41.446419 -0.083452 0.086704 0.036792 0.992051
58509.200248 6.872388 6.882232 42.460022 -0.082257 0.080334 0.037239 0.992670
58509.300248 7.009022 7.063028 43.486172 -0.082265 0.074206 0.036014 0.993191
58509.400248 7.138752 7.234886 44.499104 -0.083412 0.067537 0.037284 0.993525
58509.500248 7.244724 7.420668 45.539589 -0.085751 0.060854 0.038690 0.993704
58509.600248 7.347643 7.619017 46.589611 -0.087665 0.054152 0.040058 0.993870
58509.700248 7.428138 7.792816 47.623089 -0.087816 0.046866 0.040013 0.994229
58509.800248 7.503160 7.977262 48.692539 -0.088088 0.039641 0.040204 0.994511
58509.900248 7.547980 8.166855 49.739353 -0.089773 0.032280 0.039266 0.994664
58510.000248 7.581322 8.357395 50.814678 -0.091716 0.024881 0.037653 0.994762
58510.100248 7.609773 8.555712 51.901196 -0.092384 0.017102 0.036815 0.994896
58510.200248 7.613240 8.741819 52.970161 -0.091939 0.009841 0.035335 0.995089
58510.300248 7.607965 8.930040 54.040855 -0.090840 0.003484 0.035307 0.995233
58510.400248 7.589485 9.112735 55.097092 -0.090913 -0.002874 0.035117 0.995235
58510.500248 7.562131 9.301330 56.175705 -0.091823 -0.009731 0.035774 0.995085
58510.600248 7.513166 9.489514 57.244793 -0.092503 -0.016592 0.034187 0.994987
58510.700248 7.452999 9.664984 58.306973 -0.091801 -0.022683 0.032738 0.994981
58510.800248 7.375377 9.846231 59.370747 -0.090353 -0.028212 0.031214 0.995021
58510.900248 7.289731 10.024985 60.434151 -0.090377 -0.033519 0.031835 0.994834
58511.000248 7.199565 10.207414 61.494476 -0.090417 -0.038080 0.032900 0.994632
58511.100248 7.101671 10.384420 62.548813 -0.090707 -0.042126 0.032582 0.994453
58511.200248 6.994433 10.573174 63.608383 -0.091262 -0.045724 0.033248 0.994221
58511.300248 6.885018 10.749969 64.661667 -0.091916 -0.048874 0.035053 0.993949
58511.400248 6.770955 10.926781 65.703377 -0.092023 -0.051732 0.036083 0.993757
58511.500248 6.643794 11.110657 66.748550 -0.092565 -0.054538 0.035475 0.993579
58511.600248 6.503571 11.297865 67.810471 -0.093913 -0.056640 0.034440 0.993371
58511.700248 6.367559 11.478273 68.859283 -0.094072 -0.058224 0.033882 0.993284
58511.800248 6.231848 11.663937 69.910736 -0.093242 -0.059081 0.034026 0.993306
58511.900248 6.094203 11.850243 70.969345 -0.092569 -0.060226 0.033845 0.993307
58512.000248 5.961213 12.027972 72.018555 -0.093172 -0.061157 0.033355 0.993210
58512.100248 5.824758 12.226480 73.111549 -0.093996 -0.062178 0.034632 0.993025
58512.200248 5.688410 12.410495 74.167068 -0.094340 -0.062738 0.034668 0.992956
58512.300248 5.550775 12.600006 75.231079 -0.094008 -0.063366 0.035698 0.992911
58512.400248 5.402626 12.785748 76.303406 -0.092799 -0.064200 0.036138 0.992956
58512.500248 5.255203 12.976091 77.380463 -0.092071 -0.064519 0.036455 0.992991
58512.600248 5.113175 13.165454 78.468773 -0.093443 -0.065191 0.038100 0.992757
58512.700248 4.957502 13.352395 79.550369 -0.093805 -0.065431 0.038746 0.992682
58512.800248 4.806065 13.551903 80.644997 -0.093005 -0.065525 0.038266 0.992770
58512.900248 4.647408 13.744592 81.735672 -0.092278 -0.065887 0.037163 0.992856
58513.000248 4.490415 13.924084 82.821106 -0.092050 -0.065980 0.037584 0.992855
58513.100248 4.332402 14.120287 83.937828 -0.092415 -0.066189 0.038385 0.992777
58513.200248 4.185422 14.304632 85.039452 -0.093442 -0.066226 0.040187 0.992607
58513.300248 4.030438 14.495010 86.122421 -0.093904 -0.066292 0.040161 0.992559
58513.400248 3.884200 14.679335 87.218857 -0.094172 -0.066484 0.041071 0.992484
58513.500248 3.739924 14.867702 88.312279 -0.093881 -0.066933 0.041256 0.992474
58513.600248 3.591457 15.057248 89.378204 -0.093674 -0.066501 0.042972 0.992450
58513.700248 3.441669 15.245424 90.467552 -0.094372 -0.066334 0.043789 0.992359
58513.800248 3.302596 15.438403 91.548332 -0.094759 -0.065966 0.045643 0.992263
58513.900248 3.155795 15.624405 92.651138 -0.094767 -0.066183 0.046615 0.992203
58514.000248 3.005209 15.814215 93.742188 -0.093822 -0.065617 0.048589 0.992235
58514.100248 2.846179 16.005531 94.849052 -0.092265 -0.065139 0.048898 0.992398
58514.200248 2.711454 16.193501 95.940643 -0.090273 -0.065082 0.048107 0.992623
58514.300248 2.559077 16.375254 97.038383 -0.089153 -0.065206 0.048067 0.992718
58514.400248 2.412680 16.554047 98.139458 -0.088717 -0.065407 0.047700 0.992762
58514.500248 2.270115 16.741087 99.239830 -0.090287 -0.065481 0.047407 0.992629
58514.600248 2.120802 16.929222 100.350441 -0.093269 -0.065807 0.046483 0.992376
58514.700248 1.968705 17.127619 101.475853 -0.096263 -0.065739 0.047294 0.992056
58514.800248 1.809429 17.326571 102.595337 -0.097784 -0.065452 0.047565 0.991913
58514.900248 1.658346 17.543062 103.716431 -0.097670 -0.065524 0.048299 0.991884
58515.000248 1.498603 17.751915 104.844635 -0.096883 -0.065346 0.048146 0.991981
58515.100248 1.343433 17.954210 105.980293 -0.096232 -0.065119 0.048339 0.992050
58515.200248 1.184000 18.158825 107.112740 -0.095662 -0.064957 0.048553 0.992105
58515.300248 1.026138 18.362190 108.262184 -0.095479 -0.064650 0.048501 0.992145
58515.400248 0.873046 18.557409 109.420799 -0.096373 -0.064672 0.049729 0.991996
58515.500248 0.712272 18.774170 110.593353 -0.097322 -0.064372 0.050109 0.991904
58515.600248 0.555861 18.981430 111.757935 -0.097253 -0.064301 0.050636 0.991889
58515.700248 0.396764 19.189291 112.915886 -0.096213 -0.063861 0.051781 0.991960
58515.800248 0.230622 19.396536 114.077751 -0.095486 -0.063261 0.051849 0.992065
58515.900248 0.070995 19.610573 115.243011 -0.094482 -0.062926 0.051854 0.992182
58516.000248 -0.080703 19.808365 116.405228 -0.093749 -0.062828 0.052755 0.992210
58516.100248 -0.247745 20.011066 117.588791 -0.093629 -0.062492 0.052703 0.992245
58516.200248 -0.397264 20.216133 118.772682 -0.094979 -0.062378 0.053067 0.992105
58516.300248 -0.534816 20.421099 119.934692 -0.096196 -0.062510 0.053524 0.991955
58516.400248 -0.695329 20.620798 121.100159 -0.095287 -0.062248 0.053349 0.992068
58516.500248 -0.847974 20.824223 122.270729 -0.093831 -0.062287 0.053048 0.992221
58516.600248 -1.002783 21.038090 123.430069 -0.093773 -0.062296 0.053517 0.992200
58516.700248 -1.163565 21.230110 124.591835 -0.094146 -0.062390 0.053491 0.992161
58516.800248 -1.330405 21.438421 125.775223 -0.094146 -0.063111 0.052476 0.992169
58516.900248 -1.489330 21.638235 126.945618 -0.094755 -0.063685 0.052087 0.992095
58517.000248 -1.654512 21.837734 128.109848 -0.095810 -0.064200 0.050136 0.992061
58517.100248 -1.808966 22.047541 129.267990 -0.097557 -0.064293 0.050655 0.991858
58517.200248 -1.970193 22.265530 130.439743 -0.099246 -0.063963 0.050448 0.991723
58517.300248 -2.124972 22.475956 131.597580 -0.098826 -0.063566 0.050559 0.991785
58517.400248 -2.273809 22.677633 132.736069 -0.096889 -0.063474 0.050857 0.991966
58517.500248 -2.436960 22.893513 133.896057 -0.095849 -0.063242 0.051267 0.992061
58517.600248 -2.586950 23.088755 135.034515 -0.096146 -0.063322 0.051909 0.991994
58517.700248 -2.733239 23.281094 136.155426 -0.096071 -0.063548 0.052242 0.991969
58517.800248 -2.874826 23.466114 137.285248 -0.095489 -0.063730 0.052430 0.992004
58517.900248 -3.027975 23.662266 138.411362 -0.095256 -0.063867 0.052680 0.992004
58518.000248 -3.176486 23.855768 139.538376 -0.095832 -0.064075 0.052897 0.991924
58518.100248 -3.329134 24.049923 140.663498 -0.096182 -0.064266 0.052900 0.991877
58518.200248 -3.481152 24.247513 141.789139 -0.096284 -0.064637 0.052846 0.991846
58518.300248 -3.636132 24.434757 142.902344 -0.096456 -0.064947 0.053035 0.991799
58518.400248 -3.784517 24.630089 144.011047 -0.096523 -0.065283 0.053237 0.991760
58518.500248 -3.930891 24.824686 145.120895 -0.096668 -0.065585 0.053483 0.991713
58518.600248 -4.087224 25.012310 146.225052 -0.096858 -0.065683 0.053727 0.991674
58518.700248 -4.233665 25.208933 147.331467 -0.096848 -0.065939 0.053975 0.991645
58518.800248 -4.388598 25.397093 148.438202 -0.095838 -0.066223 0.053737 0.991737
58518.900248 -4.539071 25.580404 149.524399 -0.095050 -0.066399 0.053748 0.991800
58519.000248 -4.701978 25.772373 150.633392 -0.096669 -0.066634 0.053607 0.991636
58519.100248 -4.866948 25.977234 151.749634 -0.098395 -0.066743 0.053446 0.991467
58519.200248 -5.014704 26.184774 152.837860 -0.098831 -0.067063 0.054172 0.991363
58519.300248 -5.171479 26.363995 153.925537 -0.098806 -0.067031 0.054247 0.991364
58519.400248 -5.325459 26.568913 155.037964 -0.098146 -0.067480 0.054279 0.991397
58519.500248 -5.488754 26.761032 156.126236 -0.097648 -0.067505 0.054413 0.991437
58519.600248 -5.649580 26.965771 157.238922 -0.097733 -0.067598 0.054384 0.991424
58519.700248 -5.808761 27.162901 158.342484 -0.098175 -0.067654 0.054380 0.991377
58519.800248 -5.965111 27.352880 159.437363 -0.098049 -0.067883 0.054299 0.991378
58519.900248 -6.125794 27.539967 160.545288 -0.097193 -0.067975 0.053614 0.991493
58520.000248 -6.289819 27.733669 161.640518 -0.096547 -0.068194 0.052932 0.991578
58520.100248 -6.437326 27.940546 162.739853 -0.096480 -0.068692 0.052947 0.991549
58520.200248 -6.600213 28.129757 163.833740 -0.096567 -0.068737 0.052533 0.991560
58520.300248 -6.759283 28.327789 164.944092 -0.095984 -0.068855 0.052739 0.991597
58520.400248 -6.917359 28.521757 166.037827 -0.095707 -0.068906 0.052856 0.991614
58520.500248 -7.069204 28.713526 167.133240 -0.095981 -0.069108 0.053456 0.991541
58520.600248 -7.214183 28.887476 168.199081 -0.095786 -0.069105 0.053577 0.991554
58520.700248 -7.374654 29.084583 169.293045 -0.095313 -0.069103 0.053110 0.991625
58520.800248 -7.528181 29.264980 170.364883 -0.096103 -0.069171 0.053107 0.991544
58520.900248 -7.687561 29.457874 171.433517 -0.096432 -0.069138 0.052716 0.991535
58521.000248 -7.840659 29.643570 172.503143 -0.096324 -0.069160 0.052964 0.991531
58521.100248 -7.992417 29.833120 173.573120 -0.096556 -0.069326 0.053089 0.991490
58521.200248 -8.152314 30.014446 174.651672 -0.098108 -0.069402 0.053740 0.991297
58521.300248 -8.309406 30.208170 175.725098 -0.098679 -0.069450 0.053423 0.991254
58521.400248 -8.462637 30.392689 176.793182 -0.097763 -0.069677 0.053584 0.991320
58521.500248 -8.622660 30.590830 177.873932 -0.095305 -0.069740 0.052957 0.991589
58521.600248 -8.790846 30.788076 178.963165 -0.094528 -0.069556 0.053021 0.991673
58521.700248 -8.954823 30.983273 180.053131 -0.095046 -0.069568 0.052764 0.991636
58521.800248 -9.105276 31.161713 181.119400 -0.094968 -0.069709 0.053100 0.991616
58521.900248 -9.268225 31.351810 182.200424 -0.093827 -0.069724 0.053116 0.991723
58522.000248 -9.427210 31.535948 183.275696 -0.093280 -0.069729 0.053015 0.991779
58522.100248 -9.584403 31.725243 184.356262 -0.093199 -0.069916 0.052338 0.991810
58522.200248 -9.746193 31.900377 185.407303 -0.093459 -0.070107 0.051721 0.991804
58522.300248 -9.902961 32.087688 186.477325 -0.092959 -0.070252 0.051494 0.991853
58522.400248 -10.059565 32.273155 187.534103 -0.092446 -0.070380 0.051050 0.991914
58522.500248 -10.226349 32.451527 188.617340 -0.092353 -0.070589 0.050604 0.991931
58522.600248 -10.383262 32.636600 189.683044 -0.092285 -0.070751 0.050821 0.991915
58522.700248 -10.545356 32.810158 190.739792 -0.092205 -0.071055 0.050598 0.991912
58522.800248 -10.704968 32.983917 191.805130 -0.091917 -0.071313 0.050524 0.991924
58522.900248 -10.861972 33.166634 192.872711 -0.091412 -0.071682 0.050831 0.991928
58523.000248 -11.028521 33.338928 193.917496 -0.090529 -0.071674 0.050606 0.992021
58523.100248 -11.181120 33.513931 194.956787 -0.089141 -0.072207 0.050964 0.992090
58523.200248 -11.336894 33.691833 195.999237 -0.089384 -0.072482 0.051905 0.991999
58523.300248 -11.506186 33.869862 197.065582 -0.091686 -0.072582 0.052622 0.991744
58523.400248 -11.657780 34.037083 198.102509 -0.092684 -0.072712 0.053383 0.991601
58523.500248 -11.815113 34.204826 199.143600 -0.091110 -0.072954 0.053743 0.991710
58523.600248 -11.975616 34.384075 200.178955 -0.089468 -0.073237 0.053420 0.991856
58523.700248 -12.132021 34.563068 201.218750 -0.089538 -0.073726 0.053026 0.991835
58523.800248 -12.294818 34.725735 202.249527 -0.090063 -0.074016 0.052522 0.991792
58523.900248 -12.454164 34.897911 203.283829 -0.090071 -0.074382 0.052559 0.991762
58524.000248 -12.616045 35.062912 204.314209 -0.090461 -0.074710 0.051531 0.991756
58524.100248 -12.780911 35.235924 205.344910 -0.091204 -0.074989 0.051372 0.991675
58524.200248 -12.946648 35.401447 206.366592 -0.091442 -0.075528 0.051175 0.991622
58524.300248 -13.098369 35.570629 207.393982 -0.090487 -0.075735 0.050541 0.991727
58524.400248 -13.272282 35.722805 208.404266 -0.089033 -0.075624 0.050294 0.991879
58524.500248 -13.433080 35.897808 209.425217 -0.087818 -0.075593 0.051315 0.991938
58524.600248 -13.589957 36.069767 210.443283 -0.087124 -0.075429 0.050945 0.992031
58524.700248 -13.738765 36.230282 211.459534 -0.086708 -0.075162 0.051584 0.992054
58524.800248 -13.901636 36.409538 212.520844 -0.086036 -0.075139 0.052697 0.992056
58524.900248 -14.067043 36.546841 213.516983 -0.085496 -0.074457 0.052876 0.992144
58525.000248 -14.221532 36.711258 214.551056 -0.085427 -0.074524 0.052905 0.992144
58525.100248 -14.392432 36.877319 215.598801 -0.085781 -0.073854 0.053059 0.992155
58525.200248 -14.550934 37.036674 216.661789 -0.086137 -0.073667 0.053463 0.992117
58525.300248 -14.714502 37.205215 217.706711 -0.086315 -0.073537 0.053056 0.992133
58525.400248 -14.861999 37.392139 218.778275 -0.086904 -0.073206 0.054151 0.992046
58525.500248 -15.019917 37.566269 219.886902 -0.086549 -0.072929 0.054704 0.992068
58525.600248 -15.188995 37.735744 220.954788 -0.086406 -0.072482 0.054574 0.992120
58525.700248 -15.351518 37.918999 222.049927 -0.087808 -0.072596 0.054714 0.991981
58525.800248 -15.520693 38.090916 223.136520 -0.089728 -0.072476 0.053984 0.991858
58525.900248 -15.693262 38.272942 224.226425 -0.090457 -0.072035 0.053626 0.991843
58526.000248 -15.853178 38.458031 225.310181 -0.090090 -0.071915 0.053599 0.991887
58526.100248 -16.016068 38.645027 226.390839 -0.089245 -0.071679 0.053532 0.991984
58526.200248 -16.177765 38.821293 227.472992 -0.089110 -0.071338 0.053489 0.992023
58526.300248 -16.325153 38.996887 228.532135 -0.089917 -0.071596 0.053650 0.991923
58526.400248 -16.493866 39.171364 229.603027 -0.091346 -0.071401 0.053346 0.991823
58526.500248 -16.658371 39.358418 230.683640 -0.092457 -0.071377 0.053240 0.991727
58526.600248 -16.813972 39.532703 231.736801 -0.092433 -0.071254 0.053442 0.991727
58526.700248 -16.978464 39.712627 232.784271 -0.091654 -0.071040 0.052988 0.991839
58526.800248 -17.131744 39.888638 233.825500 -0.091892 -0.071047 0.053550 0.991787
58526.900248 -17.286386 40.069866 234.902649 -0.091936 -0.071305 0.053033 0.991792
58527.000248 -17.441557 40.243855 235.942734 -0.090195 -0.071625 0.053055 0.991927
58527.100248 -17.605125 40.409786 236.971527 -0.089718 -0.072509 0.052461 0.991938
58527.200248 -17.764973 40.577900 237.990814 -0.089903 -0.073184 0.051530 0.991920
58527.300248 -17.929102 40.753864 239.019608 -0.090888 -0.073655 0.050730 0.991837
58527.400248 -18.083612 40.934319 240.052887 -0.091781 -0.073944 0.051215 0.991708
58527.500248 -18.239162 41.091801 241.066925 -0.090999 -0.074123 0.051512 0.991752
58527.600248 -18.389179 41.256229 242.083923 -0.089373 -0.074364 0.051748 0.991869
58527.700248 -18.568233 41.442936 243.136688 -0.088525 -0.074470 0.051931 0.991928
58527.800248 -18.734402 41.612030 244.179184 -0.088749 -0.074646 0.052148 0.991883
58527.900248 -18.896923 41.773052 245.215973 -0.089181 -0.075003 0.051997 0.991825
58528.000248 -19.070454 41.929970 246.272217 -0.089588 -0.075067 0.051129 0.991829
58528.100248 -19.246286 42.090679 247.334900 -0.089552 -0.075267 0.050818 0.991833
58528.200248 -19.415344 42.269855 248.400879 -0.088990 -0.075458 0.050790 0.991871
58528.300248 -19.584133 42.445580 249.465607 -0.088810 -0.075554 0.050479 0.991895
58528.400248 -19.745111 42.616291 250.510880 -0.089181 -0.075796 0.049892 0.991873
58528.500248 -19.918812 42.785202 251.587708 -0.089344 -0.075743 0.050371 0.991838
58528.600248 -20.086735 42.959869 252.663177 -0.089587 -0.075787 0.050501 0.991807
58528.700248 -20.267267 43.141201 253.757324 -0.089927 -0.075657 0.050732 0.991774
58528.800248 -20.427221 43.311718 254.828873 -0.089892 -0.075883 0.051164 0.991738
58528.900248 -20.595879 43.481308 255.884506 -0.089328 -0.075642 0.051611 0.991784
58529.000248 -20.767136 43.667778 256.979095 -0.088808 -0.075294 0.051009 0.991888
58529.100248 -20.934004 43.836769 258.039551 -0.089460 -0.074976 0.050705 0.991869
58529.200248 -21.103098 44.021858 259.126495 -0.090192 -0.074890 0.050484 0.991821
58529.300248 -21.277918 44.203148 260.210602 -0.090020 -0.074103 0.050644 0.991887
58529.400248 -21.436237 44.386799 261.289185 -0.090011 -0.074012 0.050496 0.991902
58529.500248 -21.605932 44.557331 262.354858 -0.091124 -0.073441 0.051042 0.991815
58529.600248 -21.772015 44.730198 263.420441 -0.091158 -0.072830 0.051203 0.991849
58529.700248 -21.929352 44.905396 264.504791 -0.090029 -0.072493 0.050534 0.992011
58529.800248 -22.092703 45.094627 265.587708 -0.088864 -0.071964 0.050378 0.992163
58529.900248 -22.251925 45.271626 266.665833 -0.089398 -0.071471 0.050226 0.992158
58530.000248 -22.415396 45.452137 267.739136 -0.090301 -0.070586 0.049514 0.992175
58530.100248 -22.562485 45.638454 268.825439 -0.090809 -0.070063 0.049666 0.992158
58530.200248 -22.718792 45.815105 269.893433 -0.090711 -0.068821 0.049645 0.992255
58530.300248 -22.870396 45.998852 270.986359 -0.090435 -0.067490 0.049459 0.992381
58530.400248 -23.013256 46.180363 272.068176 -0.090397 -0.066151 0.049454 0.992475
58530.500248 -23.164425 46.349255 273.137421 -0.090956 -0.064094 0.049680 0.992548
58530.600248 -23.308586 46.533211 274.219391 -0.091131 -0.062153 0.049356 0.992671
58530.700248 -23.439308 46.710354 275.300537 -0.091189 -0.060478 0.049733 0.992751
58530.800248 -23.572674 46.887775 276.362305 -0.091477 -0.058479 0.050014 0.992830
58530.900248 -23.701077 47.068829 277.432800 -0.092008 -0.056726 0.049600 0.992903
58531.000248 -23.818708 47.245880 278.492859 -0.092241 -0.054693 0.050014 0.992975
58531.100248 -23.934399 47.425491 279.553467 -0.091582 -0.052882 0.049457 0.993162
58531.200248 -24.046532 47.603626 280.606689 -0.090710 -0.050975 0.049224 0.993353
58531.300248 -24.155010 47.786156 281.659180 -0.090225 -0.049142 0.048888 0.993506
58531.400248 -24.255100 47.962440 282.705322 -0.090552 -0.047411 0.048514 0.993579
58531.500248 -24.354872 48.136784 283.754974 -0.091092 -0.045866 0.048325 0.993611
58531.600248 -24.453932 48.304184 284.780334 -0.091613 -0.044208 0.048583 0.993626
58531.700248 -24.541340 48.476833 285.821899 -0.091519 -0.042845 0.048656 0.993691
58531.800248 -24.632189 48.658195 286.857758 -0.090639 -0.041323 0.048403 0.993848
58531.900248 -24.719648 48.839222 287.899933 -0.089623 -0.039763 0.047968 0.994025
58532.000248 -24.804085 49.017624 288.928772 -0.089022 -0.038182 0.047902 0.994144
58532.100248 -24.881729 49.191952 289.961395 -0.089188 -0.036723 0.048071 0.994176
58532.200248 -24.956736 49.363850 290.995056 -0.089289 -0.035408 0.047685 0.994233
58532.300248 -25.033117 49.532490 292.021179 -0.089339 -0.033953 0.047455 0.994291
58532.400248 -25.106871 49.707123 293.047638 -0.089486 -0.032666 0.047118 0.994337
58532.500248 -25.176498 49.877411 294.082306 -0.090264 -0.031452 0.046620 0.994329
58532.600248 -25.233402 50.041092 295.091095 -0.090424 -0.030333 0.046561 0.994352
58532.700248 -25.294325 50.209515 296.119873 -0.089628 -0.029053 0.046404 0.994469
58532.800248 -25.350138 50.393921 297.152161 -0.088807 -0.028090 0.046168 0.994582
58532.900248 -25.410610 50.567616 298.188507 -0.088817 -0.027330 0.046517 0.994586
58533.000248 -25.464668 50.749199 299.222900 -0.088924 -0.026919 0.046881 0.994570
58533.100248 -25.525972 50.926785 300.270264 -0.089408 -0.026390 0.046556 0.994556
58533.200248 -25.581308 51.118809 301.321320 -0.089950 -0.026079 0.046205 0.994532
58533.300248 -25.637102 51.304375 302.385223 -0.090967 -0.025759 0.046707 0.994424
58533.400248 -25.699284 51.472958 303.442596 -0.091394 -0.025052 0.047245 0.994378
58533.500248 -25.750353 51.653679 304.512756 -0.089962 -0.024455 0.047763 0.994499
58533.600248 -25.809374 51.834167 305.592651 -0.088761 -0.023829 0.048058 0.994608
58533.700248 -25.863964 52.023510 306.667023 -0.089492 -0.023167 0.048213 0.994550
58533.800248 -25.913538 52.208607 307.765076 -0.090660 -0.022797 0.048523 0.994438
58533.900248 -25.967281 52.387619 308.846924 -0.090886 -0.022219 0.048898 0.994412
58534.000248 -26.019936 52.578236 309.923492 -0.090714 -0.021748 0.048240 0.994470
58534.100248 -26.072763 52.758289 311.006592 -0.090711 -0.021146 0.047782 0.994506
58534.200248 -26.122662 52.938515 312.073730 -0.090626 -0.020647 0.047676 0.994529
58534.300248 -26.161507 53.115276 313.145325 -0.091054 -0.020134 0.046747 0.994544
58534.400248 -26.200191 53.299030 314.206482 -0.091771 -0.019654 0.046292 0.994509
58534.500248 -26.242460 53.470310 315.245239 -0.092621 -0.019203 0.045799 0.994462
58534.600248 -26.281712 53.640804 316.298981 -0.091854 -0.018662 0.045582 0.994554
58534.700248 -26.319691 53.824249 317.352661 -0.090338 -0.018173 0.046048 0.994680
58534.800248 -26.360369 54.016167 318.407684 -0.090875 -0.017397 0.046897 0.994605
58534.900248 -26.393394 54.203026 319.469910 -0.092819 -0.016795 0.047843 0.994391
58535.000248 -26.426767 54.387959 320.515472 -0.093293 -0.016083 0.048660 0.994319
58535.100248 -26.456066 54.571537 321.566345 -0.093440 -0.015369 0.049779 0.994261
58535.200248 -26.494062 54.755596 322.613953 -0.093246 -0.014560 0.050390 0.994260
58535.300248 -26.522863 54.933826 323.666718 -0.092439 -0.013925 0.050269 0.994351
58535.400248 -26.552994 55.120457 324.707611 -0.091493 -0.013444 0.050531 0.994432
58535.500248 -26.586979 55.304298 325.749847 -0.091324 -0.012764 0.050109 0.994478
58535.600248 -26.610767 55.479637 326.791443 -0.091734 -0.012452 0.049475 0.994476
58535.700248 -26.641768 55.655422 327.833588 -0.091631 -0.011819 0.049073 0.994513
58535.800248 -26.667824 55.836849 328.873444 -0.091734 -0.011451 0.049129 0.994505
58535.900248 -26.699028 56.019917 329.916931 -0.092646 -0.010806 0.048246 0.994471
58536.000248 -26.729633 56.197758 330.953949 -0.094121 -0.010168 0.048325 0.994335
58536.100248 -26.745981 56.378502 331.994415 -0.094315 -0.009908 0.048658 0.994303
58536.200248 -26.768124 56.548496 333.027069 -0.092886 -0.009141 0.048602 0.994448
58536.300248 -26.785820 56.728027 334.039703 -0.090519 -0.008817 0.048250 0.994686
58536.400248 -26.804346 56.910728 335.071136 -0.090202 -0.008180 0.048600 0.994703
58536.500248 -26.831085 57.087009 336.099945 -0.092021 -0.007552 0.048097 0.994566
58536.600248 -26.847511 57.272652 337.122131 -0.094269 -0.007208 0.046855 0.994417
58536.700248 -26.867832 57.435532 338.116455 -0.094517 -0.006567 0.046459 0.994417
58536.800248 -26.888296 57.608505 339.110046 -0.092324 -0.005308 0.045118 0.994692
58536.900248 -26.898027 57.793037 340.127869 -0.090895 -0.004035 0.044492 0.994858
58537.000248 -26.909786 57.966690 341.124146 -0.091544 -0.002846 0.043865 0.994830
58537.100248 -26.913677 58.134754 342.132355 -0.092122 -0.001632 0.044193 0.994765
58537.200248 -26.917528 58.313324 343.127258 -0.092144 -0.000308 0.044025 0.994772
58537.300248 -26.913088 58.480789 344.126923 -0.092351 0.000639 0.043887 0.994759
58537.400248 -26.914154 58.650852 345.102814 -0.092114 0.001895 0.045428 0.994710
58537.500248 -26.906239 58.825172 346.078766 -0.091236 0.002969 0.046898 0.994720
58537.600248 -26.890776 58.989735 347.045624 -0.091957 0.003584 0.048950 0.994553
58537.700248 -26.885063 59.157993 348.001740 -0.092283 0.003819 0.050227 0.994458
58537.800248 -26.878981 59.326958 348.964569 -0.091544 0.003932 0.050430 0.994516
58537.900248 -26.873934 59.500118 349.937775 -0.090488 0.003623 0.051071 0.994581
58538.000248 -26.876862 59.656849 350.879211 -0.091028 0.002712 0.051684 0.994503
58538.100248 -26.880959 59.826191 351.832611 -0.092169 0.001828 0.051301 0.994419
58538.200248 -26.894844 59.986435 352.786407 -0.092776 0.001248 0.050683 0.994395
58538.300248 -26.903301 60.146225 353.715393 -0.092273 0.000882 0.050624 0.994446
58538.400248 -26.897503 60.315258 354.658203 -0.091599 0.000672 0.051595 0.994458
58538.500248 -26.896774 60.477901 355.592346 -0.091270 0.000377 0.052556 0.994438
58538.600248 -26.889889 60.640366 356.513824 -0.091134 0.000333 0.054530 0.994344
58538.700248 -26.890707 60.795113 357.410797 -0.091109 0.000416 0.055092 0.994316
58538.800248 -26.898874 60.940472 358.300873 -0.091089 0.000633 0.054664 0.994341
58538.900248 -26.901749 61.090885 359.181366 -0.090987 0.000414 0.054324 0.994369
58539.000248 -26.906858 61.233997 360.055939 -0.091132 0.000390 0.054008 0.994373
58539.100248 -26.911142 61.379223 360.912079 -0.091704 0.000238 0.053253 0.994361
58539.200248 -26.913258 61.527077 361.757263 -0.092177 0.000404 0.052813 0.994341
58539.300248 -26.918413 61.667370 362.596588 -0.092361 0.000571 0.052038 0.994365
58539.400248 -26.919891 61.801289 363.407928 -0.092354 0.001018 0.051531 0.994391
58539.500248 -26.920492 61.940968 364.222870 -0.092122 0.001329 0.050968 0.994442
58539.600248 -26.920019 62.073490 365.031158 -0.092166 0.001657 0.051068 0.994432
58539.700248 -26.920151 62.209255 365.829529 -0.092652 0.002047 0.050850 0.994397
58539.800248 -26.916222 62.350403 366.631531 -0.093105 0.002417 0.050447 0.994375
58539.900248 -26.911018 62.488216 367.417389 -0.093212 0.002788 0.050412 0.994365
58540.000248 -26.906221 62.622440 368.194366 -0.093141 0.003050 0.050576 0.994363
58540.100248 -26.906656 62.755829 368.961060 -0.093006 0.003255 0.050781 0.994364
58540.200248 -26.904297 62.889996 369.714172 -0.092368 0.003104 0.050755 0.994426
58540.300248 -26.906776 63.017830 370.460205 -0.092093 0.002825 0.050405 0.994470
58540.400248 -26.906919 63.141617 371.191376 -0.091837 0.002828 0.049915 0.994518
58540.500248 -26.907883 63.266167 371.923676 -0.092327 0.002517 0.049146 0.994512
58540.600248 -26.908461 63.385464 372.625488 -0.093353 0.002388 0.049171 0.994415
58540.700248 -26.908360 63.507977 373.321899 -0.093579 0.002174 0.048692 0.994418
58540.800248 -26.910471 63.623138 373.989410 -0.093907 0.002073 0.047990 0.994422
58540.900248 -26.917908 63.741238 374.644318 -0.093786 0.001987 0.047062 0.994478
58541.000248 -26.914928 63.849705 375.279602 -0.093683 0.001865 0.046859 0.994497
58541.100248 -26.919933 63.954784 375.891724 -0.093506 0.001750 0.046507 0.994530
58541.200248 -26.913042 64.054123 376.490082 -0.093333 0.001556 0.047261 0.994511
58541.300248 -26.917234 64.160019 377.087372 -0.092580 0.001488 0.046717 0.994608
58541.400248 -26.925606 64.263023 377.670593 -0.092279 0.001698 0.046191 0.994660
58541.500248 -26.925241 64.362259 378.253021 -0.092642 0.001562 0.046035 0.994633
58541.600248 -26.928017 64.460159 378.818726 -0.092969 0.001638 0.046271 0.994592
58541.700248 -26.931122 64.558426 379.392303 -0.093076 0.001751 0.046333 0.994579
58541.800248 -26.924540 64.654747 379.947296 -0.092637 0.001925 0.045927 0.994638
58541.900248 -26.923159 64.748962 380.500916 -0.092237 0.001740 0.045817 0.994681
58542.000248 -26.923985 64.849350 381.055481 -0.091950 0.001913 0.046048 0.994696
58542.100248 -26.929226 64.942078 381.596832 -0.092209 0.002073 0.046007 0.994674
58542.200248 -26.926306 65.043571 382.147064 -0.092172 0.002128 0.046327 0.994663
58542.300248 -26.927700 65.137794 382.693146 -0.092216 0.002314 0.046052 0.994671
58542.400248 -26.923615 65.229568 383.216705 -0.092296 0.002365 0.046297 0.994652
58542.500248 -26.923315 65.314583 383.736694 -0.092576 0.002276 0.046400 0.994621
58542.600248 -26.923464 65.404160 384.250977 -0.092635 0.002478 0.046349 0.994618
58542.700248 -26.923954 65.487381 384.752686 -0.092508 0.002314 0.046675 0.994615
58542.800248 -26.927820 65.574303 385.247040 -0.092343 0.001865 0.046428 0.994642
58542.900248 -26.929829 65.657852 385.743011 -0.092441 0.001552 0.046258 0.994642
58543.000248 -26.933163 65.738480 386.230865 -0.092223 0.001412 0.046132 0.994668
58543.100248 -26.933535 65.816444 386.709869 -0.091754 0.001439 0.045834 0.994725
58543.200248 -26.937258 65.902908 387.193268 -0.091565 0.001459 0.045805 0.994744
58543.300248 -26.936293 65.980278 387.675171 -0.091576 0.001220 0.046246 0.994723
58543.400248 -26.948757 66.057098 388.142242 -0.091455 0.001888 0.046325 0.994729
