37061.240096 -0.000000 -0.000000 -0.000000 -0.000000 -0.000000 -0.000000 1.000000
37061.340096 0.024902 -0.004714 0.480599 -0.000756 0.008718 -0.000479 0.999962
37061.440096 0.061008 -0.010570 0.970721 -0.001489 0.016035 -0.000182 0.999870
37062.340096 0.460576 -0.051229 5.267982 -0.002417 0.049813 0.000963 0.998755
37062.440096 0.521841 -0.055007 5.763266 -0.001859 0.051450 0.001774 0.998672
37062.540096 0.582503 -0.057909 6.261398 -0.001894 0.053427 0.002334 0.998567
37062.640096 0.642906 -0.056193 6.776524 -0.002512 0.055074 0.003062 0.998474
37062.740096 0.699217 -0.054870 7.284148 -0.002200 0.056381 0.003561 0.998401
37062.840096 0.762499 -0.058961 7.799501 -0.001767 0.057391 0.003942 0.998342
37063.040096 0.894846 -0.069766 8.812722 -0.003049 0.057892 0.006583 0.998296
37063.740096 1.343342 -0.083459 12.493936 -0.001317 0.056575 0.011324 0.998333
37063.840096 1.406257 -0.089388 13.020996 -0.000891 0.056345 0.012290 0.998335
37064.040096 1.528754 -0.090096 14.105852 -0.003124 0.055897 0.011531 0.998365
37064.140096 1.584335 -0.093110 14.652945 -0.003981 0.055432 0.011108 0.998393
37064.240096 1.643696 -0.093892 15.193084 -0.003909 0.054718 0.011947 0.998423
37064.440096 1.767668 -0.104038 16.283358 -0.003812 0.053303 0.012735 0.998490
37064.540096 1.819957 -0.101472 16.826035 -0.003214 0.052574 0.011811 0.998542
37064.640096 1.876189 -0.100448 17.366251 -0.003033 0.051764 0.012940 0.998571
37064.840096 1.986615 -0.096006 18.455755 -0.004313 0.050290 0.012155 0.998651
37064.940096 2.034513 -0.096125 18.996489 -0.005198 0.049564 0.011588 0.998690
37065.140096 2.139142 -0.095792 20.064526 -0.006398 0.048000 0.012195 0.998752
37065.240096 2.188595 -0.096339 20.598677 -0.005779 0.047540 0.011583 0.998785
37065.340096 2.234439 -0.097076 21.117567 -0.004741 0.047390 0.011377 0.998800
37065.540096 2.324613 -0.099164 22.164360 -0.003321 0.046548 0.010217 0.998858
37065.640096 2.367426 -0.105038 22.685001 -0.002898 0.046375 0.010396 0.998866
37065.840096 2.461215 -0.104657 23.731802 -0.003032 0.045958 0.010044 0.998888
37065.940096 2.504506 -0.108748 24.253199 -0.003008 0.046036 0.009577 0.998889
37066.040096 2.551788 -0.113166 24.774302 -0.002765 0.045979 0.009830 0.998890
37066.240096 2.650911 -0.106857 25.829962 -0.003142 0.046191 0.010335 0.998874
37066.340096 2.700819 -0.116507 26.358286 -0.003172 0.046521 0.009842 0.998864
37066.440096 2.750827 -0.117015 26.888025 -0.003228 0.046589 0.009507 0.998864
37066.540096 2.795568 -0.122034 27.416409 -0.003191 0.046846 0.010050 0.998846
37066.640096 2.845913 -0.126633 27.949625 -0.002726 0.047197 0.009613 0.998836
37066.840096 2.944158 -0.126666 29.014566 -0.001881 0.048031 0.009930 0.998795
37066.940096 2.998852 -0.128183 29.557301 -0.002012 0.048420 0.010421 0.998771
37067.040096 3.050222 -0.127637 30.097681 -0.002725 0.048763 0.011169 0.998744
37067.140096 3.099338 -0.130031 30.642006 -0.003125 0.049242 0.011199 0.998719
37067.240096 3.153034 -0.131062 31.188946 -0.003027 0.049301 0.011399 0.998714
37067.340096 3.203977 -0.131482 31.738279 -0.003504 0.049045 0.011509 0.998724
37067.540096 3.307282 -0.134451 32.833893 -0.002723 0.048910 0.012507 0.998721
37067.640096 3.363493 -0.134656 33.391613 -0.002516 0.048868 0.012745 0.998721
37068.040096 3.578840 -0.146559 35.624901 -0.002640 0.049168 0.013338 0.998698
37068.140096 3.629228 -0.149151 36.191216 -0.003088 0.049339 0.013362 0.998688
37068.240096 3.691593 -0.152169 36.748055 -0.003744 0.049144 0.013894 0.998688
37068.440096 3.814460 -0.150354 37.876217 -0.004129 0.049203 0.014825 0.998670
37068.540096 3.872412 -0.152658 38.439674 -0.004030 0.049252 0.014774 0.998669
37068.740096 3.984561 -0.150774 39.567234 -0.003451 0.048892 0.015154 0.998683
37068.840096 4.032323 -0.149195 40.140305 -0.003217 0.048679 0.014822 0.998699
37068.940096 4.096413 -0.155325 40.697750 -0.003618 0.048029 0.014560 0.998733
37069.040096 4.150524 -0.160855 41.268501 -0.003408 0.047726 0.014275 0.998753
37069.140096 4.201584 -0.161432 41.832325 -0.002983 0.047484 0.013661 0.998774
37069.240096 4.258229 -0.161825 42.409798 -0.001622 0.047035 0.014568 0.998786
37069.340096 4.313184 -0.166294 42.978382 -0.000510 0.046797 0.016479 0.998768
37069.440096 4.358366 -0.168031 43.534389 -0.000944 0.047107 0.016405 0.998755
37069.640096 4.448218 -0.170314 44.679287 -0.003369 0.047102 0.014630 0.998777
37069.740096 4.503803 -0.175972 45.262386 -0.004546 0.046347 0.014880 0.998804
37069.840096 4.549052 -0.183233 45.821808 -0.004726 0.045942 0.015903 0.998806
37069.940096 4.598335 -0.186665 46.388126 -0.003870 0.045986 0.015048 0.998821
37070.040096 4.633196 -0.187993 46.939159 -0.002123 0.045928 0.012453 0.998865
37070.140096 4.680441 -0.185072 47.499474 -0.001902 0.045076 0.012309 0.998906
37070.340096 4.765150 -0.186114 48.534763 -0.004863 0.044806 0.011899 0.998913
37070.440096 4.813490 -0.190816 49.165722 -0.005692 0.044715 0.011274 0.998920
37070.540096 4.843564 -0.205218 49.704571 -0.006080 0.044850 0.010855 0.998916
37070.640096 4.890136 -0.203780 50.249298 -0.004816 0.044183 0.011137 0.998950
37070.740096 4.936383 -0.206284 50.787632 -0.004033 0.044078 0.011229 0.998957
37070.840096 4.979170 -0.206728 51.330364 -0.004049 0.044280 0.010202 0.998959
37071.040096 5.067277 -0.206115 52.406788 -0.003708 0.043476 0.009778 0.999000
37071.140096 5.107892 -0.213517 52.937214 -0.003865 0.043482 0.009319 0.999003
37071.240096 5.154733 -0.214427 53.467392 -0.003523 0.043017 0.009775 0.999020
37071.340096 5.194345 -0.211540 53.998680 -0.003254 0.043287 0.010159 0.999006
37071.440096 5.239167 -0.205926 54.533859 -0.003106 0.043415 0.010198 0.999000
37071.540096 5.293539 -0.211042 55.065483 -0.002958 0.043365 0.009993 0.999005
37071.740096 5.390157 -0.216744 56.126724 -0.003476 0.043569 0.010802 0.998986
37071.840096 5.438211 -0.214329 56.663094 -0.003289 0.043793 0.011387 0.998970
37071.940096 5.484724 -0.210536 57.217663 -0.003588 0.044288 0.012610 0.998933
37072.040096 5.531567 -0.211777 57.739933 -0.003922 0.044410 0.013060 0.998920
37072.140096 5.576419 -0.213709 58.289410 -0.004477 0.044863 0.012607 0.998904
37072.240096 5.627697 -0.215463 58.830601 -0.005225 0.044717 0.012513 0.998908
37072.340096 5.671389 -0.221970 59.357296 -0.005598 0.044791 0.012500 0.998903
37072.540096 5.776524 -0.221235 60.452511 -0.005095 0.044359 0.012928 0.998919
37072.640096 5.826558 -0.227858 61.002991 -0.004342 0.044484 0.013185 0.998914
37072.740096 5.876170 -0.224240 61.547066 -0.003343 0.044118 0.012677 0.998940
37072.840096 5.925984 -0.225236 62.103371 -0.003049 0.044039 0.013295 0.998937
37072.940096 5.979576 -0.226269 62.661526 -0.002515 0.043977 0.013600 0.998937
37073.040096 6.015729 -0.230169 63.194645 -0.002449 0.044344 0.013655 0.998920
37073.140096 6.055350 -0.234583 63.749695 -0.003362 0.044427 0.012872 0.998924
37073.340096 6.153754 -0.240363 64.872414 -0.003659 0.043979 0.013076 0.998940
37073.440096 6.201789 -0.245887 65.435326 -0.002793 0.043920 0.014459 0.998927
37073.540096 6.252679 -0.245248 65.997177 -0.001777 0.044398 0.015453 0.998893
37073.640096 6.306862 -0.249440 66.561279 -0.001021 0.044465 0.015198 0.998895
37073.740096 6.349406 -0.249962 67.127739 -0.001450 0.044584 0.013416 0.998915
37073.840096 6.394445 -0.239768 67.702019 -0.002847 0.044376 0.013216 0.998923
37074.040096 6.498890 -0.248593 68.848450 -0.004919 0.043945 0.014942 0.998910
37074.340096 6.644083 -0.243725 70.577293 -0.004298 0.043991 0.013168 0.998936
37074.440096 6.691726 -0.240881 71.159996 -0.004652 0.043837 0.012780 0.998946
37074.640096 6.786664 -0.243744 72.334015 -0.005498 0.044384 0.011689 0.998931
37074.740096 6.838310 -0.243279 72.912422 -0.005171 0.044680 0.011346 0.998924
37074.940096 6.939822 -0.243204 74.085419 -0.004384 0.045755 0.010869 0.998884
37075.040096 6.999277 -0.247341 74.670059 -0.004398 0.046022 0.010928 0.998871
37075.140096 7.048456 -0.245505 75.256042 -0.004667 0.046724 0.011259 0.998834
37075.240096 7.107158 -0.245411 75.840988 -0.005166 0.047351 0.011713 0.998796
37075.340096 7.169282 -0.244175 76.443550 -0.005815 0.048146 0.011785 0.998754
37075.440096 7.228567 -0.243655 77.031136 -0.006601 0.048971 0.011677 0.998710
37075.540096 7.289182 -0.238910 77.632690 -0.006934 0.049941 0.011635 0.998660
37075.640096 7.355289 -0.235352 78.226295 -0.006577 0.050629 0.012624 0.998616
37075.840096 7.482285 -0.230566 79.412682 -0.005345 0.053070 0.012645 0.998496
37075.940096 7.550193 -0.230312 80.012825 -0.004316 0.054601 0.012810 0.998417
37076.040096 7.621828 -0.226905 80.610321 -0.003273 0.056200 0.013769 0.998319
37076.140096 7.694757 -0.230636 81.215271 -0.003095 0.058022 0.014933 0.998199
37076.240096 7.770039 -0.225513 81.826340 -0.003173 0.060026 0.014992 0.998079
37076.340096 7.848539 -0.224993 82.428200 -0.004262 0.061775 0.014331 0.997978
37076.440096 7.921825 -0.219759 83.036148 -0.005574 0.063275 0.014027 0.997882
37076.671106 8.081165 -0.221146 84.258514 -0.006834 0.066526 0.014635 0.997654
37076.740096 8.170021 -0.216760 84.850899 -0.006335 0.067927 0.014818 0.997560
37076.840096 8.260961 -0.214425 85.447189 -0.005517 0.069654 0.015193 0.997440
37076.940096 8.347755 -0.211797 86.054756 -0.004934 0.071267 0.014984 0.997333
37077.040096 8.443577 -0.219878 86.642838 -0.004775 0.072766 0.015622 0.997215
37077.140096 8.540088 -0.216848 87.245369 -0.004807 0.074122 0.016233 0.997105
37077.340096 8.735780 -0.212844 88.447914 -0.004808 0.076619 0.018038 0.996886
37077.440096 8.835054 -0.212876 89.044792 -0.004988 0.077735 0.018568 0.996789
37077.540096 8.934184 -0.208539 89.642929 -0.004982 0.078792 0.018985 0.996698
37077.640096 9.032735 -0.206639 90.235062 -0.004967 0.079633 0.019402 0.996623
37077.740096 9.131671 -0.206614 90.825539 -0.005356 0.080413 0.019937 0.996548
37077.840096 9.233532 -0.199014 91.420883 -0.005281 0.080917 0.020074 0.996505
37077.940096 9.334846 -0.202649 92.013931 -0.005175 0.081317 0.020735 0.996459
37078.040096 9.427616 -0.197890 92.607162 -0.005336 0.081714 0.021536 0.996409
37078.240096 9.616686 -0.195808 93.781319 -0.004612 0.081508 0.021863 0.996422
37078.340096 9.707838 -0.196566 94.364143 -0.004591 0.081487 0.022021 0.996421
37078.440096 9.805550 -0.191911 94.955521 -0.004114 0.081277 0.022281 0.996434
37078.540096 9.902768 -0.194047 95.538612 -0.003620 0.080769 0.023234 0.996455
37078.640096 9.990988 -0.194100 96.125504 -0.003482 0.080681 0.023691 0.996452
37078.740096 10.081232 -0.187511 96.701813 -0.003300 0.080353 0.023689 0.996480
37078.840096 10.184191 -0.200034 97.289932 -0.003656 0.079770 0.024220 0.996512
37078.940096 10.292789 -0.181897 97.896255 -0.003462 0.079202 0.024406 0.996554
37079.040096 10.389856 -0.176754 98.489586 -0.003542 0.078627 0.024869 0.996588
37079.140096 10.481033 -0.179905 99.071510 -0.003502 0.078261 0.024941 0.996615
37079.340096 10.661821 -0.183234 100.239609 -0.003252 0.076876 0.025090 0.996720
37079.440096 10.751674 -0.185096 100.824509 -0.003451 0.076046 0.024787 0.996790
37079.540096 10.832982 -0.187697 101.407455 -0.003618 0.075281 0.025183 0.996838
37079.640096 10.925831 -0.188440 101.989609 -0.003954 0.074277 0.025637 0.996900
37079.740097 11.009134 -0.184829 102.589333 -0.004464 0.073803 0.025381 0.996940
37079.840096 11.091230 -0.185120 103.178871 -0.004734 0.072940 0.024813 0.997016
37079.940096 11.166708 -0.192488 103.752983 -0.005319 0.072296 0.024636 0.997065
37080.040096 11.247786 -0.191724 104.341553 -0.005269 0.071564 0.024677 0.997117
37080.240096 11.402394 -0.187919 105.513016 -0.004810 0.070226 0.024024 0.997230
37080.340096 11.475075 -0.187154 106.095123 -0.004956 0.069494 0.023154 0.997301
37080.640096 11.705976 -0.188135 107.842934 -0.005300 0.066898 0.023454 0.997470
37080.840096 11.852081 -0.187737 109.009453 -0.005047 0.065546 0.022593 0.997581
37080.940096 11.924550 -0.187782 109.588036 -0.004877 0.064722 0.022638 0.997635
37081.140096 12.062554 -0.194390 110.722694 -0.003485 0.063064 0.023380 0.997730
37081.240096 12.129726 -0.194381 111.286606 -0.003060 0.062333 0.023736 0.997768
37081.340096 12.200064 -0.194848 111.841225 -0.003115 0.061472 0.023945 0.997817
37081.440096 12.264497 -0.198231 112.398224 -0.003165 0.060738 0.024600 0.997846
37081.540096 12.327324 -0.199433 112.943420 -0.003496 0.060072 0.024743 0.997881
37081.640096 12.394988 -0.197870 113.493240 -0.004368 0.059163 0.025201 0.997921
37081.740096 12.455610 -0.205544 114.025169 -0.005798 0.058545 0.025647 0.997938
37081.840096 12.512857 -0.203412 114.556290 -0.006008 0.058003 0.025577 0.997971
37081.940096 12.572089 -0.202534 115.069458 -0.006250 0.057134 0.025719 0.998016
37082.140096 12.677446 -0.204980 116.063080 -0.007491 0.055876 0.025483 0.998084
37082.240096 12.728055 -0.209862 116.559326 -0.007442 0.055216 0.024967 0.998135
37082.340096 12.777366 -0.210093 117.034775 -0.007332 0.054488 0.024936 0.998176
37082.440096 12.826603 -0.213417 117.495201 -0.007857 0.053766 0.024564 0.998221
37082.540096 12.870980 -0.210669 117.960938 -0.007711 0.053369 0.024727 0.998239
37082.640096 12.913647 -0.211248 118.411606 -0.007737 0.052806 0.024376 0.998277
37082.740096 12.958548 -0.208409 118.858643 -0.007993 0.052374 0.024360 0.998298
37082.840096 13.003229 -0.212510 119.290344 -0.008457 0.052011 0.024058 0.998321
37082.940096 13.044428 -0.211830 119.713585 -0.008014 0.051665 0.024048 0.998343
37083.040096 13.086057 -0.211935 120.134483 -0.007704 0.051552 0.024129 0.998349
37083.140096 13.131164 -0.212140 120.551414 -0.007337 0.051438 0.024150 0.998357
37083.240096 13.167183 -0.207021 120.955589 -0.006461 0.051518 0.024666 0.998347
