37090.448784 -0.000000 -0.000000 -0.000000 -0.000000 -0.000000 -0.000000 1.000000
37090.548784 0.002386 -0.000607 0.554241 -0.000052 -0.000367 0.000430 1.000000
37090.648784 -0.006134 0.006093 1.124256 -0.000375 -0.000294 -0.000323 1.000000
37091.548784 -0.029384 -0.010536 6.678418 -0.004640 -0.003693 -0.000272 0.999982
37091.648784 -0.031443 -0.011569 7.338776 -0.005545 -0.004117 0.000534 0.999976
37091.848784 -0.043699 -0.008870 8.653658 -0.006501 -0.004350 0.000130 0.999969
37091.948784 -0.051218 -0.005275 9.314954 -0.006822 -0.004768 -0.000234 0.999965
37092.048785 -0.055010 0.008818 9.991887 -0.006688 -0.005082 -0.000696 0.999964
37092.148784 -0.058234 0.011746 10.659152 -0.006888 -0.005393 -0.000133 0.999962
37092.248784 -0.067164 0.012385 11.317101 -0.006723 -0.005247 -0.000929 0.999963
37092.948784 -0.160294 0.007788 15.985590 -0.005641 -0.003894 0.000018 0.999977
37093.048784 -0.175422 0.004804 16.644861 -0.005806 -0.003805 -0.000259 0.999976
37093.348784 -0.193831 0.021297 18.651819 -0.006778 -0.003917 -0.000338 0.999969
37093.448784 -0.200982 0.024975 19.327822 -0.007427 -0.004033 -0.000731 0.999964
37093.648784 -0.224642 0.034551 20.639585 -0.008490 -0.003814 -0.003034 0.999952
37093.748784 -0.235376 0.034275 21.284428 -0.008381 -0.003965 -0.003239 0.999952
37093.848784 -0.244545 0.031079 21.943357 -0.007955 -0.003993 -0.003384 0.999955
37094.048784 -0.269065 0.028023 23.217674 -0.007137 -0.003934 -0.005275 0.999953
37094.148784 -0.280663 0.027019 23.863523 -0.007214 -0.004060 -0.005343 0.999952
37094.248784 -0.288489 0.028301 24.487574 -0.007305 -0.004204 -0.006054 0.999946
37094.448785 -0.313657 0.030257 25.737146 -0.008445 -0.003976 -0.007737 0.999927
37094.548784 -0.319651 0.038586 26.370644 -0.008550 -0.004276 -0.008368 0.999919
37094.748784 -0.343951 0.040136 27.600199 -0.007938 -0.004609 -0.009955 0.999908
37094.848785 -0.351156 0.042299 28.216738 -0.007895 -0.004822 -0.010216 0.999905
37094.948784 -0.367412 0.039179 28.786804 -0.007851 -0.004763 -0.011234 0.999895
37095.148784 -0.395214 0.040347 29.949472 -0.007940 -0.004512 -0.014104 0.999859
37095.248784 -0.408209 0.037373 30.526070 -0.007458 -0.003788 -0.014366 0.999862
37095.348784 -0.403532 0.048415 31.091570 -0.006537 -0.001937 -0.015473 0.999857
37095.548784 -0.394462 0.048828 32.190006 -0.007202 0.005213 -0.019087 0.999778
37095.648784 -0.376772 0.052024 32.726337 -0.008055 0.010830 -0.020551 0.999698
37095.848784 -0.310698 0.049463 33.796120 -0.010097 0.026691 -0.023933 0.999306
37095.948784 -0.260382 0.050592 34.331490 -0.010093 0.037298 -0.025248 0.998934
37096.148784 -0.103320 0.045465 35.345245 -0.009254 0.061976 -0.028177 0.997637
37096.248784 -0.013057 0.041833 35.840988 -0.008787 0.076772 -0.028860 0.996592
37096.348784 0.101269 0.041549 36.325466 -0.008808 0.092481 -0.030125 0.995220
37096.548784 0.391742 0.034101 37.253654 -0.008646 0.127617 -0.031028 0.991300
37096.648784 0.562951 0.031504 37.701500 -0.009227 0.147596 -0.031458 0.988504
37096.748784 0.753535 0.022410 38.118053 -0.009953 0.167986 -0.032986 0.985187
37096.848784 0.959332 0.017970 38.529564 -0.009459 0.189115 -0.033447 0.981340
37097.048784 1.448595 0.003814 39.315689 -0.011024 0.232902 -0.033455 0.971862
37097.448784 2.590362 -0.021851 40.688454 -0.011608 0.320277 -0.032422 0.946698
37097.648784 3.221101 -0.032867 41.272457 -0.012088 0.362140 -0.032413 0.931482
37097.748784 3.556244 -0.045501 41.531204 -0.011337 0.382464 -0.031228 0.923373
37097.848784 3.902106 -0.059410 41.787899 -0.011184 0.402923 -0.030576 0.914655
37098.048784 4.622637 -0.085780 42.247551 -0.008815 0.442947 -0.029576 0.896016
37098.148784 5.001895 -0.098836 42.451630 -0.007387 0.462324 -0.029323 0.886196
37098.248784 5.390411 -0.115444 42.648666 -0.006371 0.480707 -0.028284 0.876402
37098.348784 5.801219 -0.131174 42.829872 -0.004871 0.497984 -0.028095 0.866717
37098.448784 6.212309 -0.146873 42.998573 -0.002447 0.513834 -0.026309 0.857483
37098.648784 7.076501 -0.176233 43.322685 0.001941 0.537377 -0.021318 0.843070
37098.748784 7.471123 -0.205384 43.466003 0.002927 0.545843 -0.018771 0.837672
37098.848784 7.894413 -0.222360 43.632652 0.002817 0.552628 -0.018600 0.833216
37098.948784 8.370412 -0.227213 43.808662 0.002253 0.556513 -0.018120 0.830638
37099.048784 8.774709 -0.242709 43.984859 0.001995 0.558506 -0.017521 0.829313
37099.148784 9.191339 -0.257261 44.150654 0.002416 0.558317 -0.016578 0.829459
37099.348784 9.929717 -0.300367 44.533268 0.002843 0.553729 -0.013816 0.832577
37099.448784 10.323204 -0.315707 44.726112 0.003021 0.548008 -0.012353 0.836376
37099.548784 10.733890 -0.321966 44.929497 0.002591 0.540529 -0.012674 0.841226
37099.648784 11.096975 -0.332018 45.133366 0.002126 0.531666 -0.012674 0.846857
37099.848784 11.852498 -0.356646 45.600166 0.001338 0.509701 -0.012054 0.860266
37099.948784 12.219799 -0.368769 45.855492 0.001060 0.497588 -0.012362 0.867325
37100.048784 12.575368 -0.387612 46.121117 0.001281 0.483904 -0.011700 0.875042
37100.148784 12.928195 -0.385453 46.403736 0.001866 0.469168 -0.012130 0.883024
37100.248784 13.270863 -0.394826 46.697243 0.002302 0.453594 -0.011782 0.891127
37100.448784 13.911339 -0.410759 47.328175 0.001955 0.419814 -0.010219 0.907551
37100.548784 14.215075 -0.422614 47.670570 0.001654 0.402243 -0.010550 0.915471
37100.648784 14.502954 -0.433237 48.018105 0.000961 0.384076 -0.010864 0.923237
37100.748784 14.779965 -0.438672 48.384586 0.000541 0.365387 -0.010826 0.930793
37100.948784 15.296026 -0.450512 49.145348 0.001243 0.327595 -0.008876 0.944776
37101.048784 15.532204 -0.459350 49.541401 0.001046 0.308161 -0.007502 0.951304
37101.148784 15.757819 -0.466302 49.965912 0.000247 0.288674 -0.006926 0.957402
37101.248784 15.957831 -0.472173 50.390232 -0.000717 0.268871 -0.007163 0.963149
37101.348784 16.151953 -0.471310 50.828094 -0.001287 0.248739 -0.006635 0.968547
37101.548784 16.488119 -0.474450 51.736240 -0.002061 0.209239 -0.005548 0.977847
37101.648784 16.624329 -0.482425 52.199028 -0.001343 0.189699 -0.005518 0.981826
37101.748784 16.748867 -0.489613 52.679867 -0.000789 0.170493 -0.004980 0.985346
37101.848784 16.858967 -0.490445 53.162098 0.000336 0.151510 -0.003974 0.988448
37101.948784 16.955101 -0.491220 53.658947 0.000448 0.133133 -0.003658 0.991091
37102.048784 17.036551 -0.499617 54.161709 0.000991 0.115024 -0.003096 0.993357
37102.248784 17.141340 -0.515945 55.181301 0.002290 0.079730 -0.001447 0.996813
37102.348784 17.180460 -0.521597 55.710495 0.003618 0.061680 -0.000279 0.998089
37102.448784 17.181421 -0.527383 56.223480 0.004341 0.044120 -0.000866 0.999016
37102.548784 17.171322 -0.533441 56.755505 0.004749 0.026173 -0.001102 0.999646
37102.648784 17.142490 -0.541578 57.290714 0.004971 0.009240 -0.002848 0.999941
37102.748784 17.098412 -0.547291 57.828747 0.005500 -0.006688 -0.003703 0.999956
37102.848784 17.043760 -0.563471 58.377941 0.004897 -0.021297 -0.005567 0.999746
37103.048784 16.887449 -0.576762 59.472744 0.005504 -0.045059 -0.009912 0.998920
37103.448784 16.505606 -0.616835 61.734852 0.006342 -0.076393 -0.018631 0.996884
37103.548784 16.398514 -0.628875 62.305557 0.006888 -0.080462 -0.020803 0.996517
37103.648784 16.287771 -0.642158 62.867126 0.007652 -0.083054 -0.022854 0.996254
37103.848784 16.064577 -0.663093 64.010979 0.009354 -0.085607 -0.027761 0.995898
37103.948784 15.967886 -0.680511 64.573166 0.009288 -0.086140 -0.028672 0.995827
37104.148784 15.771302 -0.704358 65.728996 0.008277 -0.084904 -0.029014 0.995932
37104.248784 15.663888 -0.717017 66.320381 0.008353 -0.083888 -0.030183 0.995983
37104.348784 15.558136 -0.723143 66.895737 0.007912 -0.083025 -0.031561 0.996016
37104.448784 15.462249 -0.734304 67.484787 0.007737 -0.082375 -0.031917 0.996060
37104.548784 15.360405 -0.737088 68.073227 0.008185 -0.080953 -0.031164 0.996197
37104.648784 15.264029 -0.745913 68.667763 0.008214 -0.079054 -0.031043 0.996353
37104.748784 15.175752 -0.767308 69.260895 0.008169 -0.077135 -0.031600 0.996486
37104.948784 14.994271 -0.790173 70.445625 0.009629 -0.072364 -0.031404 0.996837
37105.048784 14.919825 -0.808571 71.057060 0.010155 -0.070121 -0.030778 0.997012
37105.148784 14.834948 -0.822563 71.656609 0.010764 -0.066886 -0.030690 0.997230
37105.248784 14.750871 -0.832007 72.262589 0.010508 -0.063952 -0.031761 0.997392
37105.348784 14.687319 -0.855889 72.874748 0.010250 -0.061643 -0.031370 0.997553
37105.548784 14.548080 -0.881360 74.123207 0.010197 -0.056253 -0.032398 0.997839
37105.648784 14.481200 -0.901066 74.747711 0.010896 -0.053501 -0.032077 0.997993
37105.748784 14.419434 -0.918206 75.383034 0.009971 -0.051104 -0.032139 0.998126
37105.848784 14.356977 -0.932222 76.017319 0.010088 -0.048863 -0.033109 0.998206
37105.948784 14.302958 -0.950079 76.653259 0.010879 -0.046680 -0.033222 0.998298
37106.148784 14.191271 -0.989439 77.933327 0.012768 -0.043250 -0.033646 0.998416
37106.248784 14.136747 -1.010147 78.574387 0.013611 -0.041265 -0.033982 0.998478
37106.348784 14.086299 -1.033705 79.231323 0.013070 -0.039674 -0.034282 0.998539
37106.448784 14.040787 -1.054432 79.881729 0.013022 -0.038739 -0.033337 0.998608
37106.648784 13.939985 -1.099577 81.193527 0.013145 -0.037635 -0.030577 0.998737
37106.748784 13.889679 -1.118137 81.854698 0.013091 -0.037529 -0.028935 0.998791
37106.848784 13.838054 -1.143189 82.500298 0.012694 -0.037858 -0.026888 0.998841
37106.948784 13.789175 -1.168775 83.161217 0.011678 -0.038979 -0.023674 0.998891
37107.148784 13.679546 -1.214368 84.490150 0.010073 -0.042505 -0.017665 0.998889
37107.248784 13.617476 -1.234133 85.150589 0.009133 -0.045118 -0.014374 0.998837
37107.348784 13.554288 -1.258279 85.801331 0.008369 -0.048587 -0.010124 0.998733
37107.448784 13.484542 -1.280367 86.444023 0.007629 -0.052724 -0.007134 0.998554
37107.548784 13.404572 -1.293130 87.101501 0.007224 -0.057357 -0.004597 0.998317
37107.748784 13.220180 -1.322269 88.372902 0.005996 -0.068829 0.000056 0.997611
37107.848784 13.120027 -1.339754 88.993729 0.005274 -0.075002 0.001563 0.997168
37107.948784 13.002806 -1.349613 89.617615 0.005091 -0.081001 0.002576 0.996698
37108.048784 12.885945 -1.368884 90.226814 0.005043 -0.087547 0.003923 0.996140
37108.248784 12.629963 -1.390358 91.470192 0.005074 -0.100912 0.006402 0.994862
37108.348784 12.485819 -1.403977 92.075424 0.005075 -0.107351 0.007527 0.994180
37108.448784 12.329941 -1.419619 92.663918 0.004820 -0.113803 0.008091 0.993459
37108.548784 12.165488 -1.432876 93.259903 0.004921 -0.120053 0.008058 0.992723
37108.748784 11.823813 -1.465068 94.495598 0.005281 -0.132868 0.010026 0.991069
37108.848784 11.634316 -1.480910 95.092896 0.006102 -0.138580 0.009456 0.990287
37108.948784 11.443642 -1.495982 95.713844 0.006835 -0.144621 0.009725 0.989416
37109.348784 10.589272 -1.563609 98.136360 0.007019 -0.165799 0.008643 0.986097
37109.448784 10.361760 -1.578393 98.747734 0.006112 -0.170234 0.008967 0.985344
37109.648784 9.895226 -1.616977 99.963921 0.004531 -0.178184 0.010067 0.983935
37109.748784 9.650947 -1.631084 100.575172 0.004332 -0.181724 0.009750 0.983292
37109.848784 9.404725 -1.650060 101.178528 0.003730 -0.184533 0.009530 0.982773
37110.048784 8.906058 -1.676646 102.395424 0.003448 -0.189485 0.008966 0.981837
37110.148784 8.647208 -1.692428 103.006912 0.003626 -0.191512 0.008748 0.981445
37110.248784 8.391619 -1.702029 103.619286 0.004434 -0.193338 0.007613 0.981093
37110.448784 7.858314 -1.730603 104.853073 0.005517 -0.195910 0.006873 0.980582
37110.548784 7.599289 -1.749579 105.467850 0.005400 -0.196951 0.006193 0.980379
37110.648784 7.326549 -1.765626 106.086823 0.006104 -0.197259 0.005450 0.980317
37110.748784 7.064744 -1.778827 106.708061 0.006105 -0.198355 0.004626 0.980100
37110.848784 6.791978 -1.796595 107.323898 0.006006 -0.198592 0.004235 0.980055
37111.048784 6.251576 -1.828753 108.577728 0.006172 -0.198250 0.001622 0.980131
37111.148784 5.984444 -1.844928 109.200951 0.006432 -0.197504 0.000214 0.980281
37111.248784 5.723933 -1.855233 109.824478 0.007033 -0.196687 -0.000299 0.980441
37111.348784 5.456870 -1.867665 110.460716 0.007307 -0.195352 -0.001785 0.980704
37111.448784 5.189388 -1.881940 111.087349 0.007457 -0.193697 -0.003456 0.981027
37111.648784 4.680011 -1.912932 112.364197 0.007582 -0.190063 -0.004106 0.981734
37111.748784 4.423727 -1.933420 113.012749 0.008399 -0.187811 -0.004243 0.982160
37111.848784 4.179573 -1.946695 113.658401 0.009582 -0.185780 -0.004260 0.982535
37111.948784 3.925477 -1.961189 114.308449 0.010695 -0.183651 -0.004547 0.982923
37112.048784 3.677864 -1.982686 114.948540 0.011785 -0.181375 -0.004914 0.983331
37112.248784 3.193321 -2.029630 116.234177 0.013797 -0.177079 -0.007749 0.984069
37112.348784 2.953129 -2.051713 116.897942 0.014018 -0.175106 -0.007678 0.984420
37112.448784 2.720271 -2.073260 117.544098 0.013632 -0.173148 -0.009435 0.984756
37112.548784 2.478180 -2.091201 118.195183 0.012791 -0.170633 -0.011495 0.985185
37112.648784 2.242695 -2.111222 118.845757 0.010888 -0.168327 -0.013183 0.985583
37112.848784 1.796129 -2.146059 120.172256 0.008846 -0.164368 -0.013427 0.986268
37112.948784 1.566990 -2.163020 120.832275 0.009521 -0.162095 -0.014758 0.986619
37113.048784 1.346728 -2.182086 121.478706 0.011169 -0.159799 -0.017106 0.986938
37113.148784 1.127370 -2.198209 122.131386 0.011761 -0.158022 -0.019361 0.987176
37113.248784 0.898347 -2.209027 122.786392 0.011658 -0.156217 -0.020936 0.987432
37113.448784 0.487260 -2.237619 124.084183 0.012416 -0.152625 -0.023876 0.987918
37113.548784 0.276034 -2.256173 124.726570 0.013389 -0.150841 -0.025905 0.988128
37113.648784 0.074654 -2.279564 125.362228 0.014971 -0.149030 -0.027312 0.988342
37113.748784 -0.119124 -2.298894 126.003189 0.016125 -0.147569 -0.027690 0.988533
37113.848784 -0.315594 -2.320718 126.639816 0.016340 -0.145634 -0.028024 0.988807
37114.048784 -0.693809 -2.367341 127.909828 0.015368 -0.141969 -0.029085 0.989324
37114.148784 -0.882983 -2.389425 128.552658 0.015108 -0.140571 -0.029509 0.989515
37114.248784 -1.061018 -2.404987 129.181259 0.015482 -0.139140 -0.030741 0.989674
37114.348784 -1.252132 -2.420642 129.814972 0.015790 -0.137887 -0.033486 0.989756
37114.448784 -1.428876 -2.445974 130.433517 0.015906 -0.137058 -0.033269 0.989876
37114.548784 -1.598048 -2.473948 131.058731 0.016342 -0.136529 -0.031154 0.990011
37114.748784 -1.955591 -2.514537 132.311966 0.017213 -0.133761 -0.031854 0.990352
37114.848784 -2.132127 -2.532941 132.948074 0.015673 -0.133075 -0.033503 0.990416
37115.248784 -2.807928 -2.600443 135.462341 0.011650 -0.131086 -0.032611 0.990766
37115.348784 -2.986437 -2.609109 136.102982 0.010819 -0.130349 -0.033954 0.990828
37115.448784 -3.153965 -2.631213 136.723831 0.009428 -0.129899 -0.033519 0.990916
37115.548784 -3.321513 -2.645911 137.357391 0.008880 -0.129468 -0.032669 0.991006
37115.748784 -3.644146 -2.676412 138.618790 0.008523 -0.128029 -0.027885 0.991342
37115.848784 -3.807166 -2.687822 139.259888 0.008476 -0.127349 -0.025955 0.991482
37116.048784 -4.127749 -2.717596 140.534424 0.007053 -0.126300 -0.021535 0.991733
37116.148784 -4.279689 -2.736416 141.178955 0.006157 -0.126326 -0.016484 0.991833
37116.248784 -4.433074 -2.748489 141.811859 0.005680 -0.126364 -0.011539 0.991901
37116.448784 -4.765503 -2.781338 143.084122 0.006886 -0.125961 -0.006902 0.991987
37116.548784 -4.932461 -2.796547 143.717957 0.008305 -0.126417 -0.006134 0.991924
37116.648784 -5.101854 -2.812618 144.353470 0.008588 -0.127290 -0.004666 0.991817
37116.748784 -5.262319 -2.823495 144.988831 0.007947 -0.128330 -0.003158 0.991695
37116.848784 -5.436902 -2.841345 145.638763 0.007141 -0.128598 -0.002976 0.991667
37117.048784 -5.789275 -2.865913 146.912521 0.006143 -0.129330 -0.003738 0.991576
37117.148784 -5.962166 -2.877089 147.546738 0.006421 -0.129831 -0.004864 0.991504
37117.248784 -6.134506 -2.893435 148.177994 0.006074 -0.130194 -0.005944 0.991452
37117.348784 -6.313339 -2.903576 148.806641 0.006402 -0.130611 -0.006040 0.991395
37117.448784 -6.488900 -2.921399 149.437607 0.006608 -0.131116 -0.005693 0.991329
37117.648784 -6.838979 -2.955389 150.687866 0.008675 -0.131387 -0.008336 0.991258
37117.748784 -7.017873 -2.964430 151.321289 0.008934 -0.131741 -0.009192 0.991201
37117.848784 -7.192181 -2.981733 151.948273 0.008193 -0.132153 -0.009322 0.991152
37117.948784 -7.364206 -2.998186 152.581558 0.007538 -0.132271 -0.009746 0.991137
37118.048784 -7.541368 -3.010877 153.200821 0.007347 -0.131969 -0.010812 0.991168
37118.148784 -7.719173 -3.022335 153.829727 0.008047 -0.131823 -0.012516 0.991162
37118.348784 -8.076029 -3.050734 155.055176 0.010887 -0.131335 -0.016578 0.991140
37118.448784 -8.245034 -3.072901 155.677979 0.012818 -0.131503 -0.017095 0.991085
37118.548784 -8.406649 -3.094752 156.281403 0.013188 -0.130877 -0.017457 0.991157
37118.648784 -8.577013 -3.107837 156.901001 0.012740 -0.129886 -0.019135 0.991262
37118.748784 -8.745456 -3.124279 157.515228 0.011380 -0.128678 -0.021716 0.991383
37118.948784 -9.083044 -3.158895 158.738068 0.010292 -0.126513 -0.023332 0.991637
37119.048784 -9.227546 -3.177443 159.349472 0.010768 -0.125643 -0.022744 0.991756
37119.148784 -9.388815 -3.189366 159.967636 0.011263 -0.123949 -0.023653 0.991943
37119.248784 -9.538264 -3.205681 160.585846 0.010800 -0.122568 -0.024777 0.992092
37119.348784 -9.695580 -3.219609 161.206085 0.009743 -0.121004 -0.026034 0.992263
37119.548784 -9.997840 -3.247509 162.435486 0.008054 -0.116908 -0.028422 0.992703
37119.648784 -10.148352 -3.260745 163.060745 0.007567 -0.114583 -0.029457 0.992948
37119.748784 -10.283039 -3.275850 163.671997 0.007903 -0.112409 -0.029213 0.993201
37119.848784 -10.415339 -3.288342 164.291916 0.008889 -0.109910 -0.028452 0.993495
37119.948784 -10.546124 -3.305156 164.899445 0.009868 -0.106757 -0.028531 0.993827
37120.148784 -10.801736 -3.331095 166.155365 0.009916 -0.100706 -0.030729 0.994392
37120.248784 -10.919231 -3.343968 166.788406 0.008975 -0.097760 -0.030211 0.994711
37120.348784 -11.044141 -3.357800 167.409897 0.008486 -0.093766 -0.029098 0.995133
37120.448784 -11.150559 -3.374620 168.032150 0.008601 -0.089932 -0.028319 0.995508
37120.548784 -11.253945 -3.388141 168.665390 0.009525 -0.085697 -0.027553 0.995895
37120.748784 -11.451014 -3.416858 169.921371 0.009733 -0.076442 -0.028768 0.996611
37120.848784 -11.536020 -3.428245 170.557892 0.009070 -0.071971 -0.028033 0.996971
37120.948784 -11.610542 -3.451182 171.181244 0.007643 -0.067461 -0.028006 0.997299
37121.348784 -11.864848 -3.510931 173.695297 0.007332 -0.049206 -0.027789 0.998375
37121.448784 -11.910365 -3.532380 174.317490 0.008551 -0.044962 -0.026793 0.998593
37121.648784 -11.984857 -3.569559 175.534927 0.011646 -0.035814 -0.026119 0.998949
37121.748784 -12.018202 -3.590523 176.155411 0.011701 -0.031354 -0.025958 0.999103
37121.948784 -12.065976 -3.623882 177.402588 0.008710 -0.022609 -0.025958 0.999369
37122.048784 -12.080779 -3.647631 178.024139 0.008037 -0.018313 -0.024503 0.999500
37122.148784 -12.077243 -3.663047 178.646988 0.008660 -0.014187 -0.021966 0.999621
37122.248784 -12.082558 -3.679202 179.256744 0.009301 -0.009604 -0.020985 0.999690
37122.348784 -12.083490 -3.699849 179.873627 0.009442 -0.005295 -0.019987 0.999742
37122.448784 -12.075365 -3.716624 180.487793 0.008645 -0.001749 -0.018298 0.999794
37122.548784 -12.061336 -3.734827 181.095367 0.007449 0.001716 -0.016274 0.999838
37122.748784 -12.019507 -3.785941 182.322861 0.006322 0.007985 -0.011525 0.999882
37122.848784 -11.998029 -3.803275 182.935974 0.007135 0.010449 -0.009671 0.999873
37122.948784 -11.981817 -3.816630 183.537354 0.008016 0.012791 -0.008388 0.999851
37123.048784 -11.962951 -3.835032 184.151260 0.008534 0.014463 -0.007763 0.999829
37123.148784 -11.945121 -3.856573 184.747055 0.008572 0.015684 -0.006583 0.999819
37123.348784 -11.890099 -3.889489 185.972931 0.008090 0.016473 -0.002387 0.999829
37123.448784 -11.872183 -3.905462 186.585297 0.008145 0.017005 -0.002012 0.999820
37123.548784 -11.853620 -3.929525 187.190414 0.008160 0.016945 -0.000759 0.999823
37123.648784 -11.835826 -3.947869 187.798492 0.008443 0.016518 -0.000221 0.999828
37123.748784 -11.809881 -3.965147 188.408844 0.008567 0.015525 0.001635 0.999841
37123.848784 -11.790524 -3.977838 189.019150 0.008676 0.014634 0.003239 0.999850
37124.048784 -11.764585 -4.008615 190.246918 0.006840 0.013244 0.004225 0.999880
37124.148784 -11.753182 -4.026249 190.867905 0.006384 0.012351 0.004692 0.999892
37124.248784 -11.741394 -4.041227 191.478928 0.007023 0.011448 0.005979 0.999892
37124.348784 -11.727418 -4.056570 192.090973 0.007183 0.010370 0.006913 0.999897
37124.448784 -11.718692 -4.070689 192.710815 0.007712 0.009633 0.007146 0.999898
37124.648784 -11.699861 -4.098324 193.955338 0.007244 0.007166 0.007007 0.999924
37124.748784 -11.696764 -4.112984 194.583542 0.007006 0.006026 0.007058 0.999932
37124.848784 -11.688818 -4.132346 195.197876 0.007849 0.004830 0.007635 0.999928
37124.948784 -11.686021 -4.150810 195.817261 0.009197 0.003727 0.008131 0.999918
37125.048784 -11.686798 -4.168372 196.441467 0.010269 0.002886 0.007710 0.999913
37125.148784 -11.687919 -4.185870 197.062271 0.010935 0.002078 0.007746 0.999908
37125.248784 -11.681459 -4.202054 197.685883 0.010493 0.001280 0.007838 0.999913
37125.448784 -11.677968 -4.240079 198.943542 0.008634 0.000055 0.008907 0.999923
37125.548784 -11.679855 -4.254788 199.574142 0.008362 -0.000439 0.008823 0.999926
37125.648784 -11.679985 -4.274552 200.199570 0.007503 -0.000877 0.008622 0.999934
37125.748784 -11.680466 -4.290287 200.830597 0.007059 -0.001334 0.008245 0.999940
37125.848784 -11.679253 -4.298237 201.463196 0.007233 -0.001576 0.007824 0.999942
37125.948784 -11.687401 -4.313445 202.093826 0.007188 -0.001486 0.006638 0.999951
37126.048784 -11.678223 -4.328869 202.730057 0.007605 -0.002005 0.006506 0.999948
37126.248784 -11.690538 -4.366937 203.987961 0.007530 -0.001906 0.006452 0.999949
37126.348784 -11.693071 -4.385490 204.625076 0.007522 -0.001903 0.006296 0.999950
37126.448784 -11.704387 -4.397665 205.264175 0.007403 -0.001805 0.005415 0.999956
37126.548784 -11.685047 -4.414594 205.912857 0.006930 -0.002584 0.005038 0.999960
37126.648784 -11.700259 -4.427105 206.545776 0.006521 -0.002135 0.004889 0.999965
37126.748784 -11.697155 -4.444369 207.188080 0.005844 -0.002283 0.005794 0.999964
37126.848784 -11.691998 -4.456671 207.846924 0.005313 -0.002294 0.005150 0.999970
37127.048784 -11.697330 -4.488004 209.137589 0.005951 -0.002183 0.005172 0.999967
37127.348784 -11.695432 -4.521420 211.075256 0.008051 -0.002261 0.005895 0.999948
37127.548784 -11.714586 -4.568620 212.354675 0.007948 -0.001188 0.004865 0.999956
37127.648784 -11.717236 -4.581778 213.017990 0.008515 -0.000735 0.003010 0.999959
37127.748784 -11.712066 -4.597258 213.667023 0.009059 -0.000187 0.001939 0.999957
37127.848784 -11.704987 -4.616934 214.322052 0.008737 0.000768 0.002396 0.999959
37128.048784 -11.686686 -4.644774 215.646881 0.005924 0.004965 0.002468 0.999967
37128.148784 -11.673140 -4.664527 216.309357 0.004485 0.007119 0.002805 0.999961
37128.248784 -11.652119 -4.674020 216.976013 0.004004 0.008959 0.003555 0.999946
37128.348784 -11.627493 -4.684234 217.644821 0.004215 0.010605 0.003853 0.999928
37128.448784 -11.603640 -4.697782 218.312393 0.004962 0.012029 0.005539 0.999900
37128.648784 -11.552381 -4.728478 219.639725 0.004918 0.014887 0.006657 0.999855
37128.748784 -11.530938 -4.740592 220.312286 0.005366 0.016185 0.005456 0.999840
37128.848784 -11.510253 -4.752551 220.977356 0.005795 0.017212 0.005675 0.999819
37128.948784 -11.479669 -4.765049 221.643906 0.006128 0.018011 0.006424 0.999798
37129.048784 -11.449159 -4.778490 222.316452 0.006066 0.019165 0.007022 0.999773
37129.148784 -11.423574 -4.795627 222.988129 0.005640 0.020311 0.006641 0.999756
37129.348784 -11.369871 -4.822644 224.334808 0.005344 0.021370 0.005360 0.999743
37129.448784 -11.337917 -4.833626 224.987915 0.005342 0.021625 0.005990 0.999734
37129.548784 -11.309693 -4.850798 225.663086 0.005242 0.021862 0.005982 0.999729
37129.648784 -11.282340 -4.865322 226.341415 0.005023 0.022034 0.005162 0.999731
37129.748784 -11.258605 -4.881806 227.004593 0.005508 0.022395 0.004856 0.999722
37129.848784 -11.228163 -4.895474 227.675415 0.006455 0.022294 0.004275 0.999722
37130.048784 -11.163240 -4.921784 229.029541 0.006682 0.022592 0.004361 0.999713
37130.148784 -11.127876 -4.930122 229.713120 0.005440 0.022580 0.004800 0.999719
37130.248784 -11.099813 -4.943657 230.391861 0.003471 0.022868 0.004608 0.999722
37130.348784 -11.071774 -4.953753 231.077072 0.002402 0.023275 0.003821 0.999719
37130.448784 -11.046922 -4.969658 231.752289 0.001800 0.023716 0.003341 0.999712
37130.548784 -11.011546 -4.977301 232.440353 0.001703 0.023691 0.003244 0.999713
37130.648784 -10.980249 -4.991016 233.112106 0.002219 0.024046 0.002361 0.999706
37130.748784 -10.948013 -4.999077 233.798264 0.003047 0.024665 0.001227 0.999690
37130.848784 -10.916708 -5.012200 234.473694 0.003714 0.025277 0.000180 0.999674
37130.948784 -10.882458 -5.024287 235.156158 0.005203 0.026008 -0.000085 0.999648
37131.048784 -10.839272 -5.042221 235.835800 0.006590 0.026433 -0.000117 0.999629
37131.148784 -10.798513 -5.055561 236.522705 0.007112 0.027131 0.000071 0.999607
37131.248784 -10.761045 -5.067450 237.203339 0.006520 0.028043 0.000341 0.999585
37131.348784 -10.720564 -5.080392 237.892441 0.004655 0.028842 0.000790 0.999573
37131.448784 -10.681535 -5.091337 238.578491 0.002708 0.029721 0.000823 0.999554
37131.548784 -10.640772 -5.105624 239.268692 0.001468 0.030539 0.000782 0.999532
37131.648784 -10.598704 -5.114900 239.954178 0.001301 0.031100 0.000135 0.999515
37131.748784 -10.555310 -5.130003 240.636246 0.002098 0.031622 -0.000228 0.999498
37131.848784 -10.513755 -5.132867 241.325470 0.003933 0.032500 -0.000349 0.999464
37131.948784 -10.466054 -5.145549 242.010849 0.004685 0.033228 0.000814 0.999436
37132.048784 -10.411576 -5.160280 242.686356 0.004645 0.033810 0.001629 0.999416
37132.148784 -10.370140 -5.170481 243.376144 0.003922 0.034757 -0.000054 0.999388
37132.248784 -10.325273 -5.183430 244.056625 0.003874 0.035280 -0.001694 0.999369
37132.348784 -10.274586 -5.200020 244.740799 0.004138 0.035175 -0.001539 0.999371
37132.448784 -10.224151 -5.210811 245.421860 0.004561 0.035633 -0.000351 0.999354
37132.548784 -10.175371 -5.222013 246.110352 0.004486 0.036500 -0.000952 0.999323
37132.648784 -10.129981 -5.234482 246.796463 0.003966 0.037447 -0.002158 0.999288
37132.748784 -10.083151 -5.247280 247.478653 0.003751 0.037733 -0.003195 0.999276
37132.848784 -10.034176 -5.262502 248.157959 0.004257 0.038169 -0.003573 0.999256
37132.948784 -9.985721 -5.277522 248.843597 0.005557 0.038625 -0.003846 0.999231
37133.048784 -9.930287 -5.288490 249.528503 0.005983 0.038859 -0.003042 0.999222
37133.148784 -9.872534 -5.307745 250.216492 0.005259 0.039006 -0.002278 0.999223
37133.248784 -9.820271 -5.319873 250.905533 0.004602 0.039142 -0.002752 0.999219
37133.348784 -9.768493 -5.337551 251.593307 0.004133 0.039276 -0.003064 0.999215
37133.448784 -9.717318 -5.349392 252.283173 0.004976 0.038450 -0.003003 0.999244
37133.548784 -9.663428 -5.363537 252.978165 0.006000 0.037575 -0.001909 0.999274
37133.648784 -9.614732 -5.379143 253.659348 0.006358 0.036763 -0.001588 0.999303
37133.748784 -9.570177 -5.390500 254.349426 0.006569 0.035729 -0.002140 0.999338
37133.848784 -9.529981 -5.411184 255.035187 0.006644 0.034272 -0.003119 0.999386
37133.948784 -9.493108 -5.419909 255.733780 0.006585 0.032288 -0.002842 0.999453
37134.048784 -9.455078 -5.432465 256.420471 0.006721 0.029697 -0.001916 0.999535
37134.148784 -9.419613 -5.451109 257.121155 0.006441 0.027251 -0.001459 0.999607
37134.248784 -9.392076 -5.467357 257.811035 0.005977 0.024778 -0.002063 0.999673
37134.348784 -9.371357 -5.477162 258.516876 0.006423 0.021957 -0.003176 0.999733
37134.448784 -9.355383 -5.492426 259.210388 0.006051 0.018964 -0.003675 0.999795
37134.548784 -9.344620 -5.506693 259.909729 0.006296 0.016340 -0.003799 0.999839
37134.648784 -9.333549 -5.523968 260.599915 0.006374 0.013529 -0.003817 0.999881
37134.748784 -9.330940 -5.540614 261.302948 0.006036 0.010913 -0.003481 0.999916
37134.848784 -9.324346 -5.553203 261.997620 0.005674 0.008045 -0.003270 0.999946
37134.948784 -9.327356 -5.569546 262.709686 0.005150 0.005577 -0.003199 0.999966
37135.048784 -9.331686 -5.579903 263.406006 0.004539 0.002809 -0.003311 0.999980
37135.148784 -9.340038 -5.591928 264.114166 0.003903 0.000455 -0.003740 0.999985
37135.248784 -9.345873 -5.604188 264.813416 0.003288 -0.002304 -0.003417 0.999986
37135.348784 -9.364029 -5.613689 265.526764 0.002608 -0.004775 -0.003712 0.999978
37135.448784 -9.377656 -5.619597 266.232788 0.002442 -0.007441 -0.002733 0.999966
37135.548784 -9.397362 -5.631848 266.936951 0.002634 -0.009727 -0.003152 0.999944
37135.648784 -9.425016 -5.644648 267.637604 0.002887 -0.012078 -0.004383 0.999913
37135.748784 -9.453780 -5.653149 268.350098 0.003173 -0.014489 -0.005643 0.999874
37135.848784 -9.486838 -5.659881 269.070831 0.002692 -0.016598 -0.006696 0.999836
37135.948784 -9.521749 -5.662948 269.789551 0.002259 -0.018064 -0.008214 0.999801
37136.048784 -9.562451 -5.664102 270.510864 0.002205 -0.019171 -0.009429 0.999769
37136.148784 -9.592075 -5.678114 271.219543 0.001800 -0.020329 -0.010731 0.999734
37136.248784 -9.629628 -5.682059 271.935822 0.002136 -0.021569 -0.012105 0.999692
37136.348784 -9.674919 -5.693774 272.656403 0.002490 -0.022115 -0.013201 0.999665
37136.448784 -9.718417 -5.706077 273.366150 0.003136 -0.022770 -0.015184 0.999620
37136.548784 -9.760136 -5.712422 274.096222 0.003803 -0.022930 -0.016702 0.999590
37136.648784 -9.801642 -5.723134 274.815460 0.004087 -0.022735 -0.017997 0.999571
37136.748784 -9.837646 -5.732323 275.526703 0.004168 -0.022101 -0.018982 0.999567
37136.848784 -9.867485 -5.746943 276.245789 0.004364 -0.021398 -0.019713 0.999567
37136.948784 -9.894360 -5.765839 276.961182 0.004734 -0.020263 -0.017162 0.999636
37137.048784 -9.922073 -5.773518 277.687256 0.003788 -0.019394 -0.017322 0.999655
37137.148784 -9.949071 -5.783790 278.410492 0.001823 -0.018030 -0.018786 0.999659
37137.248784 -9.984633 -5.793859 279.138458 0.000186 -0.017488 -0.021644 0.999613
37137.348784 -10.012728 -5.804505 279.859253 0.000178 -0.017653 -0.021806 0.999606
37137.448784 -10.038248 -5.813453 280.580811 0.002362 -0.017354 -0.023087 0.999580
37137.548784 -10.069816 -5.817039 281.297577 0.003540 -0.016683 -0.024098 0.999564
37137.648784 -10.096306 -5.828496 282.018036 0.003914 -0.016336 -0.025151 0.999543
37137.748784 -10.125925 -5.833290 282.737152 0.003902 -0.015477 -0.026381 0.999525
37137.848784 -10.150054 -5.840460 283.467438 0.004002 -0.014920 -0.027036 0.999515
37137.948784 -10.171775 -5.854589 284.168243 0.003658 -0.014004 -0.027881 0.999506
37138.048784 -10.188165 -5.867050 284.885284 0.003443 -0.013029 -0.027838 0.999522
37138.148784 -10.205703 -5.882895 285.602325 0.003266 -0.011595 -0.026813 0.999568
37138.248784 -10.219045 -5.893268 286.313202 0.003230 -0.010258 -0.026864 0.999581
37138.348784 -10.237543 -5.905047 287.017303 0.002857 -0.008843 -0.027734 0.999572
37138.448784 -10.254337 -5.914418 287.733948 0.001983 -0.007779 -0.028680 0.999556
37138.548784 -10.253310 -5.925413 288.439972 0.000521 -0.007130 -0.028419 0.999571
37138.648784 -10.263984 -5.934687 289.155334 -0.000021 -0.006072 -0.028929 0.999563
37138.748784 -10.274073 -5.941716 289.856262 -0.000605 -0.004781 -0.029419 0.999556
37138.848784 -10.282966 -5.948572 290.568817 0.000099 -0.003789 -0.030079 0.999540
37138.948784 -10.289871 -5.957727 291.269653 0.001364 -0.003093 -0.030257 0.999536
37139.048784 -10.299816 -5.970732 291.977295 0.002232 -0.001950 -0.030339 0.999535
37139.148784 -10.292561 -5.975533 292.680756 0.002752 -0.001561 -0.029130 0.999571
37139.248784 -10.292729 -5.987430 293.396606 0.002534 -0.000946 -0.029032 0.999575
37139.348784 -10.287733 -5.998228 294.100433 0.001749 -0.000210 -0.028963 0.999579
37139.448784 -10.290816 -6.006997 294.808624 0.001612 0.000440 -0.029206 0.999572
37139.548784 -10.277531 -6.016574 295.508820 0.001569 0.000488 -0.028770 0.999585
37139.648784 -10.270843 -6.029724 296.213318 0.001545 0.000877 -0.028297 0.999598
37139.748784 -10.272503 -6.042738 296.923035 0.002094 0.001502 -0.028683 0.999585
37139.848784 -10.265511 -6.057192 297.626801 0.001983 0.001710 -0.028603 0.999587
37139.948784 -10.269308 -6.071114 298.332977 0.002994 0.002073 -0.028895 0.999576
37140.048784 -10.260371 -6.086362 299.025330 0.004316 0.001918 -0.028456 0.999584
37140.148784 -10.254774 -6.096323 299.730225 0.003694 0.002000 -0.027760 0.999606
37140.248784 -10.258707 -6.106122 300.441864 0.003046 0.002379 -0.027462 0.999615
37140.348784 -10.260915 -6.114243 301.142853 0.001212 0.002695 -0.028193 0.999598
37140.448784 -10.256204 -6.124678 301.850525 0.000111 0.002638 -0.028044 0.999603
37140.548784 -10.252692 -6.128567 302.546600 0.001175 0.002364 -0.027443 0.999620
37140.648784 -10.252728 -6.144339 303.232910 0.001038 0.002309 -0.027191 0.999627
37140.748784 -10.251233 -6.150654 303.923523 0.001381 0.002066 -0.027174 0.999628
37140.848784 -10.255860 -6.160049 304.606628 0.001628 0.001786 -0.027378 0.999622
37140.948784 -10.259440 -6.172358 305.287415 0.000970 0.001428 -0.027487 0.999621
37141.048784 -10.268967 -6.177613 305.959412 0.000520 0.001159 -0.028303 0.999599
37141.148784 -10.272168 -6.187611 306.633209 0.000402 0.000541 -0.028598 0.999591
37141.248784 -10.278161 -6.192538 307.305878 0.000208 0.000401 -0.029166 0.999575
37141.348784 -10.279501 -6.200379 307.967407 0.000589 -0.000140 -0.029407 0.999567
37141.448784 -10.291100 -6.214891 308.628479 0.000767 -0.000231 -0.029336 0.999569
37141.548784 -10.301187 -6.219799 309.283264 0.000618 -0.000476 -0.029847 0.999554
37141.648784 -10.303244 -6.228109 309.948975 0.001289 -0.000787 -0.030037 0.999548
37141.748784 -10.309171 -6.234753 310.602325 0.001471 -0.000977 -0.030156 0.999544
37141.848784 -10.315941 -6.244728 311.252777 0.001780 -0.000761 -0.030297 0.999539
37141.948784 -10.316073 -6.256900 311.896515 0.002395 -0.001121 -0.030095 0.999544
37142.048784 -10.320004 -6.265274 312.557281 0.002448 -0.001252 -0.029668 0.999556
37142.148784 -10.326697 -6.272888 313.201721 0.001680 -0.001002 -0.029914 0.999551
37142.248784 -10.331429 -6.276824 313.846832 0.001206 -0.000855 -0.030192 0.999543
37142.348784 -10.334268 -6.286093 314.490112 0.000445 -0.000752 -0.030387 0.999538
37142.448784 -10.336520 -6.303600 315.116516 0.001165 -0.000566 -0.031290 0.999510
37142.548784 -10.336307 -6.312391 315.755096 0.002230 0.000003 -0.030250 0.999540
37142.648784 -10.326081 -6.313830 316.390900 0.002533 0.000536 -0.029225 0.999570
37142.748784 -10.320662 -6.320878 317.040619 0.002059 0.001913 -0.029249 0.999568
37142.848784 -10.323174 -6.327669 317.678040 0.000754 0.003100 -0.029739 0.999553
37142.948784 -10.317422 -6.337454 318.329529 -0.000065 0.003800 -0.029760 0.999550
37143.048784 -10.308502 -6.344970 318.968292 0.000605 0.004277 -0.029692 0.999550
37143.148784 -10.300521 -6.359861 319.614197 0.001047 0.005079 -0.029349 0.999556
37143.248784 -10.296577 -6.358337 320.270416 0.001748 0.005868 -0.029577 0.999544
37143.348784 -10.286361 -6.370919 320.915894 0.002251 0.006635 -0.029865 0.999529
37143.448784 -10.281659 -6.378234 321.556519 0.002860 0.007359 -0.029994 0.999519
37143.548784 -10.265771 -6.392918 322.201447 0.003090 0.007900 -0.029547 0.999527
37143.648784 -10.253687 -6.405355 322.849945 0.003691 0.008670 -0.029290 0.999527
37143.748784 -10.239461 -6.418138 323.495850 0.003827 0.009437 -0.028547 0.999541
37143.848784 -10.224063 -6.431107 324.152954 0.003597 0.009829 -0.029591 0.999507
37143.948784 -10.211930 -6.441527 324.805969 0.003633 0.010495 -0.028609 0.999529
37144.048784 -10.202044 -6.451624 325.421021 0.004071 0.010921 -0.027589 0.999551
37144.148784 -10.174999 -6.481356 326.107666 0.003303 0.011250 -0.026165 0.999589
37144.248784 -10.167330 -6.483666 326.756866 0.002128 0.012043 -0.028455 0.999520
37144.348784 -10.146778 -6.492753 327.419373 0.000353 0.011938 -0.028323 0.999528
37144.448784 -10.129029 -6.502999 328.083252 -0.000976 0.011637 -0.027540 0.999553
37144.548784 -10.118605 -6.507689 328.741638 -0.001214 0.012024 -0.027199 0.999557
37144.648784 -10.107795 -6.515323 329.393066 -0.000097 0.011768 -0.027619 0.999549
37144.748784 -10.099141 -6.517831 330.052063 0.000770 0.011233 -0.027743 0.999552
37144.848784 -10.087315 -6.524317 330.727600 0.000960 0.010720 -0.028235 0.999543
37144.948784 -10.078797 -6.526917 331.381042 0.001299 0.010488 -0.028674 0.999533
37145.048784 -10.073775 -6.540087 332.047668 0.001158 0.010337 -0.028761 0.999532
37145.148784 -10.066893 -6.550000 332.706757 0.001505 0.009990 -0.028622 0.999539
37145.248784 -10.054253 -6.557014 333.374207 0.001998 0.009549 -0.028282 0.999552
37145.348784 -10.043154 -6.565814 334.037842 0.002773 0.009252 -0.028075 0.999559
37145.448784 -10.034251 -6.585874 334.700928 0.003096 0.008956 -0.028055 0.999561
37145.548784 -10.025066 -6.594110 335.369690 0.003246 0.008798 -0.028036 0.999563
37145.648784 -10.011423 -6.605278 336.040527 0.002992 0.008736 -0.027600 0.999576
37145.748784 -10.005579 -6.611986 336.714081 0.002027 0.008710 -0.028148 0.999564
37145.848784 -9.996849 -6.626835 337.383392 0.001076 0.008766 -0.027035 0.999595
37145.948784 -9.985735 -6.633982 338.056671 0.000888 0.008875 -0.026740 0.999603
37146.048784 -9.976375 -6.650032 338.726868 0.001064 0.009197 -0.027512 0.999579
37146.148784 -9.963438 -6.656083 339.404663 0.001323 0.009364 -0.027860 0.999567
37146.248784 -9.953625 -6.664104 340.075317 0.001250 0.009624 -0.027270 0.999581
37146.348784 -9.940158 -6.671926 340.756744 0.001030 0.010264 -0.026798 0.999588
37146.448784 -9.923990 -6.683144 341.429779 0.000504 0.011421 -0.026604 0.999581
37146.548784 -9.905890 -6.689691 342.109406 0.000868 0.012667 -0.027366 0.999545
37146.648784 -9.889643 -6.705935 342.777039 0.001309 0.014242 -0.026772 0.999539
37146.748784 -9.865786 -6.717880 343.451233 0.001708 0.016054 -0.025814 0.999536
37146.848784 -9.835687 -6.724088 344.132324 0.002266 0.018381 -0.024828 0.999520
37146.948784 -9.805686 -6.731398 344.808777 0.002137 0.021109 -0.024927 0.999464
37147.048784 -9.778273 -6.737298 345.475250 0.001728 0.024162 -0.025171 0.999390
37147.148784 -9.738522 -6.746017 346.150574 0.000619 0.026967 -0.025481 0.999311
37147.248784 -9.696736 -6.758150 346.818420 0.000038 0.029848 -0.024693 0.999249
37147.348784 -9.646864 -6.765090 347.491943 -0.000609 0.032803 -0.024815 0.999154
37147.448784 -9.596964 -6.773647 348.155090 -0.001010 0.036446 -0.024581 0.999033
37147.548784 -9.538553 -6.778360 348.810852 -0.001007 0.039509 -0.024424 0.998920
37147.648784 -9.477263 -6.791264 349.481079 -0.000601 0.042738 -0.024271 0.998791
37147.748784 -9.414735 -6.797376 350.144012 -0.000498 0.046112 -0.024771 0.998629
37147.848784 -9.351925 -6.801020 350.818237 -0.000896 0.049343 -0.025673 0.998451
37147.948784 -9.271298 -6.807675 351.483643 -0.001096 0.052285 -0.025390 0.998309
37148.048784 -9.196643 -6.822971 352.146515 -0.001260 0.055463 -0.025366 0.998138
37148.148784 -9.119523 -6.832221 352.806244 -0.000364 0.058543 -0.025316 0.997964
37148.248784 -9.033483 -6.838986 353.466156 0.000687 0.061830 -0.026196 0.997743
37148.348784 -8.946864 -6.846622 354.123169 0.001121 0.064722 -0.026181 0.997559
37148.448784 -8.850453 -6.856004 354.779541 0.001819 0.067634 -0.025480 0.997383
37148.548784 -8.749090 -6.869369 355.436676 0.002595 0.070421 -0.024121 0.997222
37148.648784 -8.639991 -6.890516 356.091766 0.003316 0.073257 -0.022536 0.997053
37148.748784 -8.529359 -6.903712 356.745514 0.004244 0.075917 -0.020964 0.996885
37148.848784 -8.419429 -6.910034 357.407623 0.004525 0.078449 -0.019878 0.996710
37148.948784 -8.318474 -6.920835 358.057495 0.004559 0.080657 -0.018274 0.996564
37149.048784 -8.187214 -6.941405 358.709015 0.003980 0.081656 -0.016331 0.996519
37149.148784 -8.077465 -6.955531 359.355011 0.003711 0.083188 -0.014605 0.996420
37149.248784 -7.963273 -6.971500 360.016937 0.003525 0.084159 -0.013001 0.996361
37149.348784 -7.850220 -6.986620 360.674072 0.003367 0.084732 -0.011994 0.996326
37149.448784 -7.730089 -7.001763 361.318939 0.003334 0.084813 -0.010208 0.996339
37149.548784 -7.613966 -7.016339 361.966888 0.003236 0.084610 -0.008906 0.996369
37149.648784 -7.511541 -7.016889 362.633667 0.003129 0.084915 -0.007782 0.996353
37149.748784 -7.400764 -7.028128 363.288696 0.002551 0.084239 -0.006207 0.996423
37149.948784 -7.183825 -7.052634 364.587646 0.002095 0.081518 -0.003381 0.996664
37150.048784 -7.081900 -7.060334 365.239960 0.002595 0.079955 -0.003008 0.996791
37150.148784 -6.985902 -7.073624 365.884216 0.003235 0.078176 -0.002210 0.996932
37150.248784 -6.885797 -7.079394 366.547455 0.003544 0.075805 -0.001435 0.997115
37150.348784 -6.790487 -7.090202 367.200775 0.003405 0.073838 -0.000290 0.997264
37150.448784 -6.696776 -7.101971 367.861115 0.002613 0.071545 -0.000052 0.997434
37150.548784 -6.609926 -7.109242 368.523987 0.002160 0.069536 0.000322 0.997577
37150.648784 -6.524589 -7.114161 369.183014 0.001755 0.067488 0.000500 0.997718
37150.848784 -6.366947 -7.136586 370.497131 0.001268 0.064140 0.001177 0.997940
37150.948784 -6.279101 -7.142736 371.162720 0.001429 0.062549 0.002009 0.998039
37151.048784 -6.205009 -7.158437 371.815674 0.000927 0.061742 0.001946 0.998090
37151.148784 -6.126394 -7.161752 372.478088 0.000842 0.061030 0.001580 0.998134
37151.248784 -6.049795 -7.173512 373.135773 0.001061 0.060483 0.000506 0.998169
37151.348784 -5.968762 -7.183545 373.796661 0.001838 0.059896 0.000254 0.998203
37151.448784 -5.885632 -7.193402 374.462677 0.001325 0.059527 0.002583 0.998223
37151.548784 -5.801223 -7.198159 375.132538 0.000932 0.059396 0.003528 0.998228
37151.648784 -5.721292 -7.203429 375.802124 0.000065 0.059608 0.002802 0.998218
37151.748784 -5.643496 -7.215705 376.471313 -0.000389 0.059668 0.001788 0.998217
37151.848784 -5.568418 -7.217050 377.138397 0.001487 0.059475 0.002129 0.998226
37152.048784 -5.399300 -7.229268 378.462738 0.002620 0.059777 0.002692 0.998205
37152.148784 -5.318721 -7.235260 379.136383 0.002723 0.059982 0.002050 0.998194
37152.248784 -5.243178 -7.244745 379.798767 0.002552 0.060636 0.001670 0.998155
37152.348784 -5.160682 -7.253601 380.464600 0.003003 0.060850 0.001550 0.998141
37152.448784 -5.079266 -7.265755 381.128326 0.003057 0.061112 0.001104 0.998126
37152.548784 -4.994215 -7.273882 381.807220 0.003161 0.061313 0.000758 0.998113
37152.648784 -4.919535 -7.288404 382.468140 0.003030 0.061564 0.000428 0.998098
37152.748784 -4.840603 -7.298455 383.140717 0.002917 0.061548 0.000424 0.998100
37152.848784 -4.757760 -7.309648 383.808136 0.003042 0.061269 0.000259 0.998117
37152.948784 -4.676510 -7.322544 384.486328 0.003179 0.061140 0.000048 0.998124
37153.048784 -4.598570 -7.332038 385.154266 0.003325 0.060986 -0.000020 0.998133
37153.148784 -4.520773 -7.343004 385.821930 0.002923 0.060890 0.000413 0.998140
37153.248784 -4.445258 -7.352821 386.498260 0.002314 0.060983 0.000397 0.998136
37153.448784 -4.281515 -7.379014 387.842621 0.001261 0.060654 0.000911 0.998158
37153.548784 -4.202443 -7.381774 388.524445 0.001258 0.060468 0.000886 0.998169
37153.648784 -4.114278 -7.391253 389.190521 0.001097 0.060084 0.001350 0.998192
37153.748784 -4.037333 -7.404163 389.861053 0.000875 0.059986 0.001209 0.998198
37153.848784 -3.959859 -7.415359 390.532898 0.001385 0.059843 0.000907 0.998206
37153.948784 -3.881599 -7.426528 391.204956 0.001665 0.059539 0.000962 0.998224
37154.048784 -3.801935 -7.434689 391.875824 0.002192 0.059357 0.001286 0.998234
37154.148784 -3.718399 -7.448333 392.557434 0.002554 0.059072 0.001809 0.998249
37154.348784 -3.560026 -7.468152 393.917236 0.003042 0.058766 0.000396 0.998267
37154.448784 -3.487225 -7.473686 394.590393 0.003531 0.058450 -0.000211 0.998284
37154.548784 -3.408260 -7.489720 395.270233 0.003386 0.057932 -0.000076 0.998315
37154.648784 -3.330532 -7.502400 395.947906 0.003240 0.057413 -0.000381 0.998345
37154.748784 -3.256620 -7.510238 396.636414 0.003215 0.056719 -0.000671 0.998385
37154.848784 -3.178854 -7.519822 397.319183 0.003624 0.055736 -0.001534 0.998438
37154.948784 -3.113530 -7.536401 397.996185 0.004002 0.055091 -0.001824 0.998472
37155.048784 -3.044390 -7.546693 398.686859 0.003945 0.054235 -0.002576 0.998517
37155.248784 -2.907674 -7.573003 400.058472 0.003626 0.052117 -0.003842 0.998627
37155.348784 -2.841665 -7.586809 400.748596 0.003101 0.051072 -0.004063 0.998682
37155.648784 -2.657169 -7.618338 402.812714 0.003325 0.048009 -0.006126 0.998823
37155.748784 -2.598333 -7.629844 403.501862 0.003409 0.047011 -0.005935 0.998871
37155.948784 -2.480015 -7.661782 404.884949 0.002807 0.045237 -0.005732 0.998956
37156.048784 -2.423718 -7.672382 405.572205 0.003029 0.043964 -0.005937 0.999011
37156.148784 -2.371558 -7.679297 406.271790 0.003022 0.042828 -0.006528 0.999057
37156.248784 -2.317185 -7.688490 406.962860 0.002767 0.041766 -0.006884 0.999100
37156.348784 -2.269269 -7.700600 407.657776 0.002044 0.040662 -0.007119 0.999146
37156.448784 -2.221489 -7.705302 408.345612 0.001779 0.039384 -0.007842 0.999192
37156.548784 -2.179475 -7.713746 409.028229 0.001645 0.038227 -0.009206 0.999225
37156.648784 -2.131604 -7.724343 409.726105 0.001519 0.036831 -0.009793 0.999272
37156.748784 -2.104556 -7.740261 410.383636 0.001399 0.035864 -0.010727 0.999298
37156.848784 -2.065999 -7.747141 411.071381 0.000367 0.034827 -0.012223 0.999319
37156.948784 -2.027630 -7.753983 411.748047 -0.000791 0.033663 -0.013249 0.999345
37157.148784 -1.956624 -7.770339 413.122620 -0.002135 0.031684 -0.016359 0.999362
37157.248784 -1.919508 -7.776640 413.816589 -0.001558 0.030871 -0.018321 0.999354
37157.348784 -1.895107 -7.787109 414.485962 -0.000601 0.030814 -0.020372 0.999317
37157.448784 -1.861208 -7.794791 415.177856 -0.000103 0.030878 -0.021915 0.999283
37157.548785 -1.831343 -7.805557 415.853577 -0.000170 0.031338 -0.022745 0.999250
37157.648784 -1.789962 -7.809758 416.552673 -0.000360 0.031971 -0.023945 0.999202
37157.748784 -1.752365 -7.818821 417.248871 -0.000516 0.032813 -0.025560 0.999135
37157.848784 -1.714503 -7.826850 417.945190 -0.000942 0.033812 -0.027956 0.999037
37158.048784 -1.620412 -7.836892 419.324829 -0.000579 0.035286 -0.028961 0.998957
37158.148784 -1.567126 -7.851408 420.023376 0.000371 0.036357 -0.028779 0.998924
37158.248784 -1.513471 -7.854846 420.708435 0.001247 0.038157 -0.029723 0.998829
37158.348784 -1.461940 -7.859516 421.404449 0.001472 0.039967 -0.030551 0.998733
37158.448784 -1.405225 -7.868472 422.105133 0.000534 0.041660 -0.030652 0.998661
37158.548784 -1.340099 -7.878633 422.805450 -0.000492 0.043580 -0.030001 0.998599
37158.648784 -1.277319 -7.883405 423.494141 -0.000874 0.045796 -0.029319 0.998520
37158.748784 -1.202122 -7.896915 424.189362 -0.000669 0.047938 -0.028459 0.998445
37158.848784 -1.127946 -7.910969 424.882996 -0.000255 0.050272 -0.028511 0.998329
37158.948784 -1.061599 -7.917290 425.565155 0.000443 0.052870 -0.028497 0.998195
37159.048784 -0.985466 -7.925442 426.253876 0.000393 0.055154 -0.028595 0.998068
37159.248784 -0.824179 -7.950274 427.626984 0.000508 0.059883 -0.028352 0.997803
37159.348784 -0.736925 -7.958033 428.315186 0.000846 0.062517 -0.028264 0.997643
37159.448784 -0.645232 -7.972291 428.995514 0.000834 0.065523 -0.029366 0.997419
37159.548784 -0.551419 -7.979691 429.678284 0.000513 0.068742 -0.029797 0.997189
37159.648784 -0.447974 -7.996246 430.373962 0.000224 0.071984 -0.029806 0.996960
37159.748784 -0.340503 -8.005926 431.059052 0.000034 0.075154 -0.029803 0.996727
37159.848784 -0.230111 -8.014907 431.745300 -0.000026 0.078637 -0.030074 0.996450
37159.948784 -0.108967 -8.028419 432.428772 0.000237 0.081825 -0.030142 0.996191
37160.048784 0.009047 -8.039104 433.118134 0.000862 0.085459 -0.029662 0.995900
37160.148784 0.137489 -8.051481 433.795166 0.000841 0.089099 -0.029096 0.995597
37160.248784 0.270304 -8.064005 434.462616 0.000820 0.092910 -0.028213 0.995274
37160.348784 0.410020 -8.076530 435.136841 0.000484 0.096553 -0.027819 0.994939
37160.548784 0.708932 -8.100007 436.483734 0.001060 0.103717 -0.025572 0.994278
37160.648784 0.858303 -8.111856 437.162476 0.000936 0.107513 -0.025383 0.993879
37160.748784 1.012865 -8.130112 437.826050 0.000517 0.111185 -0.025387 0.993475
37160.848784 1.173676 -8.144578 438.503479 0.000750 0.114869 -0.024807 0.993071
37160.948784 1.349156 -8.160636 439.165558 0.001659 0.118371 -0.023358 0.992693
37161.048784 1.518699 -8.171833 439.836487 0.002652 0.122185 -0.022456 0.992250
37161.148784 1.698251 -8.185402 440.486572 0.003417 0.125926 -0.021546 0.991800
37161.248784 1.880276 -8.201292 441.143646 0.003728 0.129545 -0.020880 0.991347
37161.448784 2.265565 -8.232016 442.465607 0.003682 0.136259 -0.017614 0.990510
37161.548784 2.460373 -8.249113 443.125305 0.003605 0.139590 -0.016928 0.990058
37161.648784 2.666108 -8.265857 443.786224 0.003476 0.142393 -0.015826 0.989678
37161.748784 2.869257 -8.287829 444.442383 0.003504 0.144423 -0.013625 0.989416
37162.048784 3.478478 -8.345934 446.403015 0.005609 0.147150 -0.008600 0.989061
37162.248784 3.874132 -8.376426 447.708588 0.006438 0.147301 -0.006545 0.989049
37162.348784 4.076750 -8.392836 448.363800 0.005183 0.146648 -0.004512 0.989165
37162.548784 4.462695 -8.422961 449.667664 0.003504 0.145256 -0.001911 0.989386
37162.648784 4.655613 -8.438310 450.322327 0.003329 0.144362 -0.001738 0.989518
37162.748784 4.827097 -8.451237 450.975098 0.003634 0.143912 -0.002431 0.989581
37162.848784 5.018922 -8.462842 451.626587 0.003993 0.143057 -0.002312 0.989704
37162.948784 5.202998 -8.470058 452.283142 0.004390 0.142439 -0.003059 0.989789
37163.048784 5.388453 -8.477253 452.948730 0.004332 0.141813 -0.005430 0.989869
37163.148784 5.559826 -8.492057 453.595795 0.004232 0.141513 -0.007414 0.989900
37163.348784 5.938265 -8.518023 454.897003 0.003788 0.140720 -0.006450 0.990021
37163.448784 6.132946 -8.529414 455.557434 0.003983 0.141134 -0.006361 0.989962
37163.548784 6.323135 -8.549178 456.206360 0.003484 0.142029 -0.007167 0.989830
37163.648784 6.515025 -8.556979 456.866516 0.003282 0.142464 -0.008104 0.989761
37163.748784 6.708233 -8.569949 457.524261 0.002488 0.142809 -0.007011 0.989722
37163.948784 7.103965 -8.590081 458.852600 0.000811 0.144492 -0.004857 0.989494
37164.048784 7.303510 -8.595085 459.520874 0.000785 0.145685 -0.004992 0.989318
37164.148784 7.507037 -8.608647 460.184937 0.000386 0.146220 -0.005006 0.989239
37164.248784 7.705173 -8.614264 460.848022 0.000208 0.147389 -0.005494 0.989063
37164.348784 7.912488 -8.617279 461.519714 0.000856 0.148622 -0.005524 0.988878
37164.548784 8.321444 -8.635628 462.846161 0.002530 0.151468 -0.006992 0.988434
37164.648784 8.530409 -8.650482 463.503723 0.003071 0.152767 -0.007320 0.988230
37164.748784 8.745384 -8.660483 464.158386 0.002959 0.154085 -0.006705 0.988030
37164.848784 8.960676 -8.673362 464.819946 0.002773 0.155878 -0.006390 0.987752
37164.948784 9.179060 -8.689843 465.488220 0.002558 0.157488 -0.006339 0.987497
37165.048784 9.397948 -8.701149 466.153656 0.002480 0.159049 -0.006630 0.987245
37165.148784 9.621168 -8.718639 466.810028 0.003248 0.160301 -0.006639 0.987041
37165.248784 9.842965 -8.729827 467.473175 0.003934 0.161640 -0.006720 0.986819
37165.448784 10.292729 -8.756456 468.779633 0.004175 0.164397 -0.006545 0.986364
37165.548784 10.519938 -8.766664 469.443024 0.004373 0.165408 -0.006828 0.986192
37165.648784 10.751825 -8.789590 470.089294 0.004177 0.166398 -0.006370 0.986029
37165.748784 10.977036 -8.801150 470.739807 0.004617 0.167410 -0.006945 0.985852
37165.848784 11.213610 -8.819390 471.386597 0.004860 0.168436 -0.006026 0.985682
37165.948784 11.449078 -8.835434 472.035156 0.004683 0.169449 -0.005337 0.985513
37166.048784 11.690703 -8.848903 472.692444 0.004493 0.170051 -0.004318 0.985416
37166.248784 12.158726 -8.876190 473.985870 0.003670 0.170813 -0.002920 0.985292
37166.348784 12.389414 -8.890479 474.629639 0.003164 0.170987 -0.002106 0.985266
37166.448784 12.620920 -8.898957 475.283295 0.003043 0.170943 -0.002112 0.985274
37166.548784 12.845400 -8.917096 475.918915 0.003066 0.170832 -0.002627 0.985292
37166.648784 13.065659 -8.929649 476.557739 0.003198 0.170613 -0.003603 0.985326
37166.748784 13.289923 -8.945917 477.198822 0.003808 0.170424 -0.004507 0.985353
37166.848784 13.521156 -8.959381 477.838867 0.005779 0.170056 -0.004633 0.985407
37166.948784 13.748220 -8.972281 478.476746 0.006475 0.169944 -0.003546 0.985426
37167.048784 13.987593 -8.984358 479.117615 0.004653 0.169709 -0.003472 0.985477
37167.248784 14.446407 -9.005678 480.414124 0.000294 0.169559 -0.001735 0.985519
37167.348784 14.676254 -9.020886 481.046692 0.001907 0.169220 -0.000067 0.985576
37167.448784 14.918749 -9.018147 481.685577 0.005650 0.169142 0.000968 0.985575
37167.548784 15.139467 -9.031665 482.321198 0.008223 0.169074 -0.000265 0.985569
37167.648784 15.377675 -9.051331 482.970703 0.009043 0.168418 0.000104 0.985674
37167.748784 15.600977 -9.067099 483.610077 0.008125 0.168337 0.000909 0.985696
37167.848784 15.829178 -9.085386 484.249542 0.006848 0.168424 0.001524 0.985690
37167.948784 16.056187 -9.108503 484.890472 0.005732 0.168463 0.001370 0.985690
37168.148784 16.505688 -9.130903 486.190582 0.005128 0.169125 0.000952 0.985581
37168.448784 17.205538 -9.172303 488.113495 0.003839 0.172072 -0.001232 0.985076
37168.648784 17.691322 -9.201365 489.403259 0.003449 0.176274 -0.002961 0.984331
37168.748784 17.934412 -9.212190 490.038605 0.003839 0.178641 -0.004299 0.983897
37168.948784 18.430517 -9.231997 491.313385 0.004932 0.184416 -0.005587 0.982820
37169.048784 18.691509 -9.247130 491.950104 0.004961 0.187833 -0.006132 0.982169
37169.148784 18.954647 -9.259176 492.586914 0.005056 0.191672 -0.006977 0.981421
37169.248784 19.217016 -9.271867 493.211243 0.005357 0.195706 -0.007131 0.980622
37169.348784 19.491114 -9.287542 493.837250 0.005604 0.199663 -0.007664 0.979819
37169.448784 19.768465 -9.303720 494.456268 0.005922 0.203645 -0.007854 0.978995
37169.548784 20.055134 -9.315062 495.086731 0.006256 0.208010 -0.008735 0.978068
37169.748784 20.634592 -9.350616 496.310486 0.006580 0.217224 -0.010995 0.976038
37169.848784 20.933796 -9.371779 496.917023 0.006224 0.222560 -0.012884 0.974814
37169.948784 21.242176 -9.392338 497.532166 0.006100 0.228413 -0.013907 0.973446
37170.048784 21.559568 -9.408731 498.123749 0.005824 0.233937 -0.013816 0.972136
37170.148784 21.886198 -9.425761 498.748169 0.005648 0.240221 -0.014315 0.970596
37170.248784 22.215046 -9.442605 499.336243 0.005723 0.246521 -0.015668 0.968994
37170.348784 22.543304 -9.468328 499.927399 0.006125 0.252757 -0.016313 0.967373
37170.548784 23.246479 -9.507154 501.085999 0.008027 0.264773 -0.016559 0.964135
37170.648784 23.603477 -9.527403 501.645844 0.007839 0.270942 -0.017091 0.962412
37170.748784 23.969193 -9.547596 502.213806 0.007373 0.277113 -0.016561 0.960666
37170.848784 24.345804 -9.571283 502.772430 0.006422 0.282975 -0.016512 0.958964
37170.948784 24.732660 -9.589783 503.347595 0.006532 0.289095 -0.015825 0.957147
37171.048784 25.119513 -9.607782 503.898285 0.006956 0.295015 -0.017230 0.955312
37171.148784 25.514366 -9.631413 504.443542 0.008448 0.300911 -0.017751 0.953450
37171.248784 25.916857 -9.651074 504.984680 0.009181 0.306583 -0.018036 0.951629
37171.448784 26.732893 -9.704035 506.060883 0.007524 0.318223 -0.016341 0.947845
37171.548784 27.154823 -9.730408 506.596863 0.005530 0.323738 -0.016780 0.945982
37171.648784 27.579056 -9.744217 507.116760 0.005015 0.328697 -0.016028 0.944286
37171.748784 28.014137 -9.765333 507.634247 0.005413 0.333105 -0.014065 0.942769
37171.848784 28.448078 -9.783478 508.140869 0.006247 0.336926 -0.011998 0.941434
37171.948784 28.884045 -9.801352 508.649109 0.006875 0.340769 -0.011548 0.940051
37172.048784 29.316353 -9.819738 509.159058 0.007412 0.344200 -0.011651 0.938795
37172.248784 30.195408 -9.860031 510.159271 0.008100 0.349281 -0.008951 0.936940
37172.348784 30.637135 -9.877856 510.655670 0.008053 0.351447 -0.008599 0.936134
37172.448784 31.077534 -9.900925 511.155518 0.007749 0.353383 -0.008262 0.935410
37172.548784 31.518307 -9.924461 511.653992 0.007801 0.354773 -0.008642 0.934880
37172.648784 31.965546 -9.940548 512.144592 0.009723 0.356098 -0.008087 0.934363
37172.748784 32.402443 -9.960329 512.634216 0.011854 0.357363 -0.008639 0.933850
37172.848784 32.846878 -9.976951 513.122742 0.012702 0.358641 -0.008024 0.933355
37173.048785 33.727463 -10.024427 514.095154 0.013730 0.359872 -0.005996 0.932881
37173.148784 34.171185 -10.052020 514.585571 0.013819 0.360047 -0.005407 0.932816
37173.248785 34.615715 -10.071814 515.072205 0.015036 0.359815 -0.005097 0.932889
37173.348784 35.047844 -10.095589 515.547241 0.015733 0.359474 -0.004481 0.933012
37173.448784 35.490826 -10.126410 516.026672 0.015849 0.359502 -0.003831 0.933002
37173.548784 35.929401 -10.155277 516.506836 0.015875 0.359154 -0.003004 0.933138
37173.648784 36.362350 -10.180954 516.986877 0.016021 0.359083 -0.002491 0.933165
37173.748785 36.787273 -10.206040 517.465393 0.016056 0.359065 -0.002164 0.933172
37173.948784 37.629211 -10.259826 518.414307 0.016272 0.358880 -0.003101 0.933237
37174.048784 38.055244 -10.284096 518.884094 0.016817 0.358753 -0.003640 0.933274
37174.148784 38.457020 -10.310712 519.345581 0.017237 0.358725 -0.004639 0.933273
37174.248784 38.859962 -10.334661 519.798584 0.017625 0.358687 -0.005538 0.933275
37174.648784 40.471279 -10.455418 521.569214 0.016920 0.358918 -0.008155 0.933180
37174.748784 40.870125 -10.479134 522.017273 0.014785 0.359358 -0.009225 0.933037
37174.948784 41.674725 -10.530514 522.903809 0.011451 0.361401 -0.009350 0.932293
37175.048784 42.059551 -10.554947 523.330261 0.010596 0.363450 -0.010273 0.931497
37175.148784 42.454216 -10.570631 523.758911 0.010547 0.365975 -0.013015 0.930474
37175.248784 42.831135 -10.593426 524.167969 0.009380 0.368932 -0.015855 0.929274
37175.348784 43.222862 -10.613819 524.582886 0.008163 0.372065 -0.017315 0.928009
37175.548784 43.986454 -10.657654 525.364319 0.007276 0.378790 -0.019614 0.925246
37175.648784 44.347961 -10.680241 525.738708 0.006943 0.382221 -0.022100 0.923781
37175.748784 44.708191 -10.699360 526.101746 0.006842 0.385824 -0.024977 0.922209
37175.848784 45.059681 -10.721125 526.445435 0.006839 0.388841 -0.027613 0.920866
37175.948784 45.413624 -10.759540 526.778381 0.006308 0.391679 -0.029282 0.919614
37176.148784 46.090607 -10.800159 527.399963 0.004795 0.396786 -0.031334 0.917364
37176.248784 46.424126 -10.819981 527.729248 0.004756 0.399286 -0.032227 0.916248
37176.348784 46.745476 -10.838575 528.013916 0.004269 0.400906 -0.033614 0.915492
37176.448784 47.047668 -10.861611 528.317505 0.003326 0.402744 -0.034974 0.914638
37176.548785 47.340645 -10.875036 528.573669 0.002307 0.403839 -0.035733 0.914129
37176.648784 47.639915 -10.888597 528.848816 0.001162 0.404986 -0.036277 0.913602
37176.748784 47.918381 -10.894687 529.110046 0.000012 0.406178 -0.036937 0.913047
37176.948784 48.491112 -10.920987 529.618652 -0.002546 0.408195 -0.036480 0.912162
37177.048784 48.764542 -10.956308 529.868774 -0.004238 0.409137 -0.035988 0.911753
37177.148784 49.029335 -10.961441 530.109741 -0.004818 0.409907 -0.036378 0.911389
37177.248784 49.299522 -10.972089 530.348938 -0.004714 0.410646 -0.036735 0.911042
37177.348784 49.559647 -10.973845 530.579590 -0.003746 0.411458 -0.036808 0.910678
37177.548784 50.049217 -10.994124 531.006226 -0.003300 0.412307 -0.036210 0.910319
37177.648785 50.296455 -11.002553 531.233765 -0.003092 0.412022 -0.034736 0.910506
37177.748784 50.537010 -11.016277 531.452759 -0.003118 0.410723 -0.033750 0.911130
37177.848784 50.757011 -11.032129 531.659180 -0.003092 0.408360 -0.033413 0.912204
37178.048784 51.182449 -11.057861 532.090515 -0.002239 0.400000 -0.036864 0.915771
37178.148784 51.410076 -11.063959 532.317139 -0.001198 0.393914 -0.037106 0.918397
37178.248784 51.624401 -11.077209 532.557190 -0.000429 0.387400 -0.036283 0.921198
37178.348784 51.844147 -11.086629 532.794678 0.000911 0.378717 -0.035079 0.924847
37178.548784 52.256393 -11.099661 533.312683 0.001154 0.357606 -0.034512 0.933234
37178.648784 52.441292 -11.102157 533.602295 -0.000193 0.345613 -0.035270 0.937714
37178.748784 52.638424 -11.106029 533.897034 -0.002800 0.331491 -0.036276 0.942757
37178.948784 52.979519 -11.108599 534.520325 -0.007576 0.299452 -0.036401 0.953387
37179.048784 53.142761 -11.108099 534.851746 -0.009718 0.282359 -0.035848 0.958590
37179.148784 53.289375 -11.109686 535.189392 -0.011670 0.264228 -0.033948 0.963792
37179.348784 53.552185 -11.109682 535.898132 -0.015078 0.225987 -0.031794 0.973495
37179.448784 53.660473 -11.102295 536.277832 -0.017181 0.206033 -0.032789 0.977845
37179.548784 53.755768 -11.089291 536.672424 -0.018594 0.185537 -0.033467 0.981891
37179.748784 53.911938 -11.060285 537.489746 -0.020744 0.142883 -0.031661 0.989016
37180.148784 54.024342 -10.992756 539.231323 -0.023671 0.055706 -0.024731 0.997860
37180.348784 53.979160 -10.934559 540.157837 -0.026967 0.013783 -0.021119 0.999318
37180.448784 53.926132 -10.906392 540.624451 -0.028476 -0.006457 -0.020192 0.999370
37180.548784 53.859585 -10.879017 541.113892 -0.030982 -0.026621 -0.018030 0.999003
37180.748784 53.670963 -10.811843 542.087891 -0.033449 -0.065794 -0.013693 0.997178
37180.848784 53.555874 -10.782725 542.585144 -0.032401 -0.084004 -0.010204 0.995886
37180.948784 53.414757 -10.751328 543.076294 -0.031057 -0.101356 -0.008955 0.994325
37181.148784 53.082565 -10.686944 544.067017 -0.028170 -0.133481 -0.008310 0.990616
37181.248784 52.898041 -10.653754 544.563660 -0.027905 -0.148041 -0.006536 0.988566
37181.348784 52.693127 -10.626848 545.067810 -0.028986 -0.161704 -0.005078 0.986400
37181.448784 52.475552 -10.604834 545.589417 -0.030425 -0.175012 -0.003713 0.984089
37181.548784 52.251801 -10.582497 546.094116 -0.030246 -0.187964 -0.002017 0.981708
37181.748784 51.742378 -10.529383 547.105469 -0.027090 -0.212761 0.000278 0.976729
37181.848784 51.474960 -10.499401 547.620300 -0.025834 -0.224774 0.002053 0.974066
37181.948784 51.179413 -10.475639 548.114807 -0.025842 -0.236052 0.003226 0.971391
37182.048784 50.877365 -10.453623 548.615662 -0.026927 -0.247140 0.003473 0.968599
37182.148784 50.556149 -10.429274 549.127625 -0.028007 -0.257621 0.003693 0.965833
37182.348784 49.890594 -10.380225 550.117432 -0.027854 -0.277303 0.004503 0.960368
37182.448784 49.540073 -10.357604 550.613708 -0.026426 -0.286445 0.005149 0.957718
37182.548784 49.184734 -10.334233 551.102600 -0.025512 -0.294434 0.006042 0.955312
37182.648784 48.818375 -10.313581 551.601440 -0.025228 -0.302054 0.006712 0.952933
37182.748784 48.444595 -10.294616 552.085205 -0.024399 -0.308107 0.007294 0.951011
37182.948784 47.675751 -10.259054 553.069824 -0.023321 -0.318168 0.007775 0.947716
37183.048784 47.281311 -10.237526 553.567261 -0.023167 -0.321974 0.008500 0.946427
37183.148784 46.881355 -10.220001 554.066772 -0.022878 -0.324205 0.008346 0.945673
37183.248784 46.473778 -10.198606 554.577332 -0.022652 -0.325969 0.008312 0.945072
37183.348784 46.083862 -10.187151 555.069702 -0.022366 -0.327089 0.008576 0.944690
37183.548784 45.284729 -10.156340 556.076172 -0.022839 -0.328150 0.009598 0.944301
37183.648784 44.873734 -10.135717 556.591553 -0.024192 -0.328804 0.008434 0.944051
37183.748784 44.460793 -10.113277 557.094727 -0.025754 -0.329154 0.007089 0.943898
37183.848784 44.046753 -10.086386 557.610291 -0.026248 -0.329671 0.006393 0.943709
37183.948784 43.637810 -10.072567 558.116394 -0.026756 -0.329688 0.006510 0.943688
37184.048784 43.222359 -10.052292 558.636353 -0.026556 -0.329852 0.007832 0.943627
37184.248784 42.396629 -10.005470 559.658447 -0.024165 -0.329836 0.008590 0.943690
37184.348784 41.976311 -9.982635 560.177063 -0.023287 -0.330195 0.008718 0.943585
37184.448784 41.555061 -9.964693 560.699524 -0.023328 -0.330502 0.009185 0.943472
37184.548784 41.134636 -9.943012 561.222168 -0.023429 -0.330759 0.009929 0.943372
37184.648784 40.713791 -9.922998 561.740723 -0.023786 -0.330932 0.010086 0.943301
37184.748784 40.281609 -9.900142 562.277649 -0.022826 -0.331064 0.009978 0.943279
37184.948784 39.404770 -9.867068 563.341614 -0.021367 -0.331611 0.008321 0.943138
37185.048784 38.963043 -9.858842 563.855225 -0.021251 -0.331505 0.008097 0.943180
37185.148784 38.544182 -9.836355 564.411011 -0.021001 -0.332195 0.008540 0.942938
37185.248784 38.105331 -9.826138 564.946533 -0.020379 -0.332247 0.007999 0.942938
37185.348784 37.661591 -9.807312 565.497681 -0.020123 -0.332476 0.007972 0.942863
37185.448784 37.212883 -9.790737 566.040100 -0.020933 -0.332626 0.007047 0.942800
37185.548784 36.778366 -9.769989 566.589966 -0.022531 -0.333053 0.006533 0.942616
37185.648784 36.330376 -9.748125 567.137512 -0.024135 -0.333325 0.005545 0.942487
37185.748784 35.880501 -9.720741 567.690063 -0.024300 -0.333739 0.005474 0.942336
37185.848784 35.425446 -9.707235 568.230713 -0.023680 -0.333472 0.005439 0.942447
37185.948784 34.991470 -9.691567 568.773193 -0.022508 -0.333927 0.006682 0.942306
