41197.866216216215 -0.0 -0.0 -0.0 -0.0 -0.0 1.0 -0.0
91214.8662162162 0.0009051152 0.0036611913 -0.007956164 -0.0014917301 0.0016198299 0.99999696 0.0011630122
141231.6162162162 0.00014259205 -0.007885111 -0.028566848 -0.00054193975 0.00055063976 0.9999997 -0.00041736002
191248.6162162162 0.00014259205 -0.007885111 -0.028566848 -0.00054193975 0.00055063976 0.9999997 -0.00041736002
241265.6162162162 0.005833379 -0.006488171 -0.026400262 0.0007202828 0.0029632687 0.99999535 0.00027367636
291283.61621621624 -0.008710339 -0.01920996 -0.030469652 0.0032518676 0.0032525768 0.9999883 -0.001507263
341300.61621621624 -0.008710339 -0.01920996 -0.030469652 0.0032518676 0.0032525768 0.9999883 -0.001507263
391317.61621621624 -0.03226044 -0.0076966914 -0.005431669 0.0024963515 0.0038584615 0.9999893 -0.0006236914
441334.61621621624 -0.03226044 -0.0076966914 -0.005431669 0.0024963515 0.0038584615 0.9999893 -0.0006236914
491352.86621621624 -0.03226044 -0.0076966914 -0.005431669 0.0024963515 0.0038584615 0.9999893 -0.0006236914
541369.8662162162 -0.03226044 -0.0076966914 -0.005431669 0.0024963515 0.0038584615 0.9999893 -0.0006236914
591386.6162162162 -0.053554296 -0.012829858 -0.0072462726 -0.0070497957 0.0017730767 0.9999725 -0.0014447456
641403.6162162162 -0.053554296 -0.012829858 -0.0072462726 -0.0070497957 0.0017730767 0.9999725 -0.0014447456
691421.6162162162 -0.053554296 -0.012829858 -0.0072462726 -0.0070497957 0.0017730767 0.9999725 -0.0014447456
741438.6162162162 -0.074153766 -0.031297583 -0.013640885 -0.0141822165 0.0005865672 0.99989325 0.0034907162
791455.6162162162 -0.06402088 -0.049093846 -0.010412902 -0.015857272 0.0023967358 0.9998654 0.003461775
841472.6162162162 -0.060946625 -0.05675172 -0.014339096 -0.015459564 0.0029642668 0.9998698 0.0035650518
891489.8662162162 -0.049767733 -0.06970308 -0.004486956 -0.014648634 0.004538473 0.99988186 0.001094906
941507.8662162162 -0.04231282 -0.07974915 -0.005323347 -0.015271306 0.007892712 0.9998494 0.0024106854
991524.6162162162 -0.025203215 -0.08946945 -0.009723702 -0.017133154 0.0068738773 0.99982893 0.0011750652
1041541.6162162162 -0.01455454 -0.09971421 -0.0043302 -0.014991666 0.0026178556 0.999795 0.013354394
1091558.6162162162 -0.0029451794 -0.105881944 -0.003088577 -0.008881901 0.0027959808 0.9998525 0.014434416
1141576.6162162162 0.008046862 -0.10563422 -0.002539472 -0.002916388 0.0022487338 0.99985117 0.016857399
1191593.6162162162 0.021008769 -0.11255253 -0.0026917194 0.004063896 0.0022515275 0.9998725 0.015282757
1241610.6162162162 0.036724318 -0.112103365 -0.0031946008 0.009865451 0.0031010362 0.9998263 0.015510309
1291627.6162162162 0.05593206 -0.10726757 -0.007266533 0.016011432 0.004196463 0.9997365 0.015907232
1341645.8662162162 0.06767729 -0.1068818 -0.009782796 0.026137076 0.0036733223 0.99955404 0.013971422
1391662.8662162162 0.10612024 -0.09251577 -0.015141056 0.034117028 0.0041645323 0.99931103 0.014006093
1441679.6162162162 0.116097 -0.08611562 -0.016157953 0.039738975 0.0041682385 0.99912244 0.01256614
1491696.6162162162 0.12330425 -0.07551557 -0.016086739 0.044894468 0.004325537 0.9989092 0.0120916525
1541714.6162162162 0.13636422 -0.0657715 -0.020986423 0.047342483 0.0053691287 0.9988017 0.011183924
1591731.6162162162 0.13999894 -0.061063707 -0.01700978 0.050995164 0.0062753046 0.99865395 0.007109815
1641748.6162162162 0.14352955 -0.048811104 -0.021684997 0.051697616 0.0072307214 0.99862576 0.004670352
1691765.6162162162 0.13602538 -0.028926963 -0.019403717 0.05241541 0.0077323085 0.99858814 0.0038262734
1741782.6162162162 0.12736484 -0.020122686 -0.017303137 0.05215985 0.008000317 0.9986067 9.01978e-05
1791800.8662162162 0.120414756 -0.0030466358 -0.01720126 0.04946958 0.00878699 0.9987367 -0.0008378992
1841817.8662162162 0.10842306 0.007622672 -0.014079555 0.047417864 0.009323089 0.9988264 -0.0032505554
1891834.6162162162 0.09548835 0.016543914 -0.0044333236 0.0433474 0.008566979 0.99901307 -0.0045371256
1941851.6162162162 0.08225295 0.028095147 -0.004633022 0.040267963 0.008557031 0.9991444 -0.0039853766
1991869.6162162162 0.071901545 0.03741404 -0.0046068146 0.03436221 0.0075014164 0.99937767 -0.0027086213
2041886.6162162162 0.04855134 0.03717021 -0.006433597 0.029980842 0.0047439877 0.99953383 -0.0032843477
2091903.6162162162 0.031170717 0.037017677 -0.004313848 0.026080258 0.0019391228 0.9996578 -0.0006795247
2141920.6162162162 0.009671835 0.037762843 1.0515849e-05 0.022759782 -0.00033570096 0.99974036 0.0010437012
2191938.8662162162 -0.008492637 0.020126862 0.00034788196 0.016767384 -0.003439835 0.9998489 -0.0030527075
2241955.8662162162 -0.03564709 0.01683086 0.006355689 0.012652584 -0.007025121 0.9998881 -0.0037920321
2291972.6162162162 -0.06040255 0.012029355 0.012256939 0.008008868 -0.0089534065 0.999917 -0.004664795
2341989.6162162162 -0.082885124 0.00071227166 0.021314202 0.0031347452 -0.01110109 0.9999058 -0.0074372115
2392007.6162162162 -0.09967147 -0.012791368 0.025193859 -0.0049153585 -0.011505476 0.99987525 -0.009649496
2442024.6162162162 -0.11508362 -0.024797792 0.030498402 -0.011324785 -0.011973961 0.9998065 -0.010743822
2492041.6162162162 -0.1326825 -0.04348577 0.0351528 -0.01534478 -0.009857113 0.9997651 -0.011709827
2542058.6162162162 -0.13984278 -0.060580216 0.03154971 -0.01920041 -0.008367889 0.9997061 -0.012211904
2592075.6162162162 -0.13285232 -0.071205035 0.03842594 -0.026161244 -0.0076618204 0.99957156 -0.010663657
2642093.8662162162 -0.1364471 -0.091615275 0.03445655 -0.029694699 -0.007015365 0.99948156 -0.010274227
2692110.8662162162 -0.14258549 -0.1110033 0.035557617 -0.03130961 -0.0063778902 0.9994464 -0.009278066
2742127.6162162162 -0.12856607 -0.12974912 0.03237288 -0.034588914 -0.0058890036 0.99935925 -0.0070770085
2792144.6162162162 -0.11529845 -0.14458723 0.026214764 -0.034864817 -0.0037653686 0.99937314 -0.004869542
2842162.6162162162 -0.09541632 -0.16392124 0.02023923 -0.034289557 -0.0025815184 0.9993983 -0.004548524
2892179.6162162162 -0.08239918 -0.17364702 0.016885137 -0.030619977 -0.0017413078 0.99952143 -0.0040455144
2942196.6162162162 -0.065293685 -0.186641 0.015466432 -0.02586761 -0.00015894194 0.99964243 -0.0067794602
2992213.6162162162 -0.054043885 -0.19042291 0.019477012 -0.018371223 -0.00051659124 0.9997858 -0.0095206555
3042231.8662162162 -0.03366874 -0.19500962 0.016221588 -0.010829446 0.000102255464 0.99987245 -0.011740956
3092248.8662162162 -0.023505228 -0.19430172 0.01503154 -0.0034066064 -0.0022923504 0.9999067 -0.013029917
3142265.8662162162 -0.009112391 -0.19098155 0.007223391 0.0044044065 -0.0047555617 0.99991 -0.011749521
3192282.6162162162 0.0018130185 -0.18048322 0.0010271033 0.010883935 -0.0049673403 0.99986786 -0.01100596
3242299.6162162162 0.010190834 -0.1703712 0.00033924295 0.017254483 -0.0058457814 0.9997758 -0.010788444
3292317.6162162162 0.021952182 -0.16140598 -0.00348327 0.022603206 -0.00520785 0.99966097 -0.0118342955
3342334.6162162162 0.039862096 -0.1411226 -0.0061224545 0.026447996 -0.0025617369 0.99955875 -0.013282755
3392351.6162162162 0.051754232 -0.1221101 -0.0014840459 0.031271767 0.001229375 0.9993675 -0.016887633
3442368.6162162162 0.057044774 -0.09981279 -0.0063279117 0.035443805 0.0034888126 0.9991752 -0.01950909
3492386.8662162162 0.06972208 -0.08013572 -0.0031537386 0.03651279 0.007042469 0.99907553 -0.021574637
3542403.8662162162 0.06293042 -0.051308177 0.0040321094 0.038775846 0.009573884 0.9989644 -0.021794641
3592420.6162162162 0.05268312 -0.03505095 0.008557954 0.038552348 0.009858249 0.9989292 -0.023603424
3642437.6162162162 0.051019333 -0.022416582 0.013872255 0.037601236 0.01127079 0.99892026 -0.024849204
3692455.6162162162 0.034539185 -0.011815105 0.022795962 0.0365507 0.011384172 0.9989374 -0.025661854
3742472.6162162162 0.02675225 -0.0010319694 0.03285428 0.0341044 0.008486753 0.9990619 -0.02530452
3792489.6162162162 0.01953495 0.017514402 0.032637514 0.0293285 0.008758655 0.9993037 -0.021338442
3842506.6162162162 -0.0031051773 0.0149062965 0.045022488 0.026416311 0.0043615736 0.9993944 -0.02222854
3892523.6162162162 -0.01963381 0.011690907 0.04504331 0.022334442 0.0015622951 0.9995576 -0.019579979
3942541.8662162162 -0.03789821 0.006689072 0.04794062 0.020374753 -0.0004241367 0.999657 -0.016452136
3992558.8662162162 -0.055852875 0.0003470744 0.051339217 0.017767398 -0.0023632182 0.9997389 -0.014174924
4042575.6162162162 -0.076143034 -0.018500663 0.05640021 0.01375283 -0.0035099047 0.9998108 -0.013303392
4092592.6162162162 -0.09875124 -0.034118082 0.06142134 0.007081252 -0.0044497843 0.999891 -0.012172664
4142610.6162162162 -0.11876397 -0.052010503 0.06570446 0.000593622 -0.005171144 0.99991876 -0.011637544
4192627.6162162162 -0.14130181 -0.06689555 0.065778956 -0.0051559075 -0.0064854026 0.99991566 -0.010004791
4242644.616216216 -0.14399944 -0.091104075 0.06839828 -0.014689748 -0.0061808745 0.9998241 -0.009888951
4292661.616216216 -0.15894958 -0.11645851 0.07080395 -0.023337705 -0.0053600413 0.9996629 -0.01003903
4342679.866216216 -0.16519406 -0.13766465 0.072329044 -0.03443963 -0.003193785 0.9993679 -0.008215149
4392696.866216216 -0.17146501 -0.15934975 0.07671848 -0.042122737 -0.0006127911 0.9990921 -0.006347939
4442713.866216216 -0.1756164 -0.18186547 0.0741352 -0.046773694 -0.00046701927 0.9988984 -0.0037504372
4492730.616216216 -0.17662172 -0.19591655 0.06897522 -0.048914067 -0.0009139438 0.9988026 0.00014016185
4542748.616216216 -0.1769112 -0.21381594 0.074176244 -0.04761102 -0.0022296133 0.99886066 0.0023805627
4592765.616216216 -0.1584126 -0.22801524 0.07177251 -0.049012456 -0.0034956816 0.99877834 0.0052305995
4642782.616216216 -0.1437321 -0.23672412 0.07509812 -0.049266424 -0.007039942 0.9987412 0.006263906
4692799.616216216 -0.11873753 -0.23823667 0.07194949 -0.049019367 -0.009037979 0.9987249 0.008006021
4742816.616216216 -0.09904902 -0.24180703 0.07312754 -0.047067225 -0.01167679 0.9988038 0.0062687066
4792834.866216216 -0.083302684 -0.23918015 0.077999815 -0.04310524 -0.014890075 0.99893683 0.006737309
4842851.866216216 -0.07147011 -0.23718241 0.07680904 -0.03933838 -0.01813092 0.9990443 0.0058606137
4892868.616216216 -0.04743057 -0.23462152 0.077106215 -0.0378839 -0.01931369 0.99908084 0.005417047
4942885.616216216 -0.03392833 -0.22201602 0.07586427 -0.035169337 -0.020638293 0.9991491 0.0061873402
4992903.616216216 -0.020962518 -0.21078031 0.06569986 -0.032540508 -0.020845305 0.99923736 0.005592552
5042920.616216216 -0.0040588 -0.20043455 0.055223662 -0.030414747 -0.020019677 0.9993263 0.004591048
5092937.616216216 0.007657156 -0.18225518 0.054813545 -0.028176114 -0.018154807 0.9994352 0.002407185
5142954.616216216 0.022126673 -0.1594683 0.042705677 -0.027417881 -0.015768835 0.99949944 0.00067366665
5192972.866216216 0.0272232 -0.13509779 0.041969184 -0.02570054 -0.014858935 0.9995557 -0.002673447
5242989.866216216 0.028023789 -0.11518335 0.04176177 -0.023715353 -0.013153875 0.999612 -0.0063634785
5293006.866216216 0.0320775 -0.0874403 0.037921254 -0.02253371 -0.013760908 0.99961126 -0.008956181
5343023.616216216 0.02576692 -0.065604664 0.041812293 -0.020024648 -0.014727767 0.9996176 -0.012119023
5393040.616216216 0.011823045 -0.04252616 0.042880982 -0.018963048 -0.016587218 0.9995678 -0.015150362
5443058.616216216 -0.0034060949 -0.022592133 0.048352696 -0.021778502 -0.01967529 0.9994052 -0.0181075
5493075.616216216 -0.017590472 -0.0050099087 0.05228348 -0.026027905 -0.01988058 0.99923754 -0.02125322
5543092.616216216 -0.03474238 0.005325735 0.054709356 -0.028453603 -0.021387381 0.9990422 -0.025449686
5593109.616216216 -0.055991545 0.009842414 0.056676585 -0.030044703 -0.022070153 0.9988671 -0.02957613
5643127.866216216 -0.075114205 0.013924179 0.057537556 -0.033789285 -0.022567073 0.9986404 -0.032654975
5693144.866216216 -0.09185693 0.011102826 0.055395972 -0.041384477 -0.02380223 0.9981777 -0.036906168
5743161.866216216 -0.11753753 0.007633777 0.05785612 -0.051187668 -0.024556644 0.9975677 -0.040441904
5793178.616216216 -0.13511182 -0.0019474826 0.061067265 -0.063838474 -0.025934493 0.9965995 -0.04518334
5843196.616216216 -0.16393986 -0.006774695 0.061296314 -0.07357267 -0.028517736 0.99571186 -0.048289232
5893213.616216216 -0.18754996 -0.020475352 0.061988406 -0.08268541 -0.031251516 0.99476403 -0.051293593
5943230.616216216 -0.21059294 -0.03702681 0.060773548 -0.090954706 -0.032839775 0.9939298 -0.052463792
5993247.616216216 -0.22986165 -0.05889824 0.058199503 -0.09827182 -0.03262812 0.9932941 -0.051429685
6043265.866216216 -0.24389133 -0.08270047 0.057305694 -0.104130626 -0.031276643 0.992902 -0.04821208
6093282.866216216 -0.25481385 -0.109022036 0.050920617 -0.10527458 -0.029436655 0.9930925 -0.042638943
6143299.866216216 -0.2560013 -0.13627556 0.055432856 -0.10714687 -0.025618277 0.99323434 -0.03672627
6193316.616216216 -0.2512454 -0.16070761 0.052184552 -0.10817149 -0.02142752 0.99346703 -0.029379172
6243333.616216216 -0.24138851 -0.18305327 0.051356826 -0.10689185 -0.016007068 0.9938974 -0.022043329
6293351.616216216 -0.22684789 -0.21156459 0.05294738 -0.103400074 -0.011772911 0.9944124 -0.017716719
6343368.616216216 -0.21033977 -0.22527078 0.052636657 -0.09554115 -0.0091229165 0.9953124 -0.011918893
6393385.616216216 -0.19259906 -0.23134911 0.05888736 -0.08542589 -0.00877729 0.996276 -0.0077140564
6443402.616216216 -0.17332582 -0.23847124 0.060405474 -0.074633814 -0.008463892 0.99716055 -0.0053880694
6493420.866216216 -0.15337826 -0.23995079 0.06281322 -0.065288484 -0.009185622 0.9978133 -0.0046540764
6543437.866216216 -0.13486597 -0.23884344 0.06867652 -0.05588083 -0.010399882 0.9983674 -0.0056324033
6593454.866216216 -0.11755195 -0.23280348 0.067674205 -0.048108894 -0.011464093 0.99874806 -0.0075157965
6643471.616216216 -0.097202905 -0.21881281 0.069444664 -0.04070051 -0.0109169325 0.99906874 -0.009270061
6693489.616216216 -0.07970691 -0.20048885 0.07116288 -0.03472663 -0.010477395 0.99927574 -0.011499218
6743506.616216216 -0.07053961 -0.18186681 0.06943075 -0.02840547 -0.011654012 0.9994246 -0.014419015
6793523.616216216 -0.05697091 -0.15754482 0.068300635 -0.023739414 -0.011207069 0.99948865 -0.018259548
6843540.616216216 -0.04729893 -0.12955214 0.06753103 -0.019408753 -0.010229226 0.9994962 -0.022934822
6893557.616216216 -0.04711277 -0.10139407 0.07430519 -0.01624266 -0.009238844 0.9993638 -0.030378824
6943575.866216216 -0.044320352 -0.07136415 0.076768 -0.015414479 -0.008730316 0.9991201 -0.038016055
6993592.866216216 -0.04868127 -0.044109456 0.08366022 -0.01308182 -0.009327948 0.9988224 -0.045779355
7043609.866216216 -0.057085663 -0.017627534 0.09232213 -0.012563898 -0.010004674 0.9984571 -0.05315585
7093626.616216216 -0.0668087 0.011337947 0.0961364 -0.01470586 -0.009706244 0.9981472 -0.058238965
7143644.616216216 -0.07809853 0.03310006 0.106741264 -0.019732965 -0.010855104 0.9976411 -0.06484661
7193661.616216216 -0.098069884 0.048489023 0.1118107 -0.025832433 -0.0111224335 0.99706507 -0.07120603
7243678.616216216 -0.115021616 0.06104444 0.11446486 -0.03426491 -0.011724642 0.996407 -0.07656176
7293695.616216216 -0.13592911 0.0675663 0.11862212 -0.043367844 -0.012024737 0.9956182 -0.08196972
7343713.866216216 -0.15969825 0.067252144 0.12237102 -0.052927043 -0.012140171 0.9947497 -0.086743295
7393730.866216216 -0.17967229 0.062045973 0.12783553 -0.06367464 -0.011399677 0.99380034 -0.090423994
7443747.866216216 -0.200423 0.05233071 0.13173828 -0.07281217 -0.011590316 0.9929225 -0.09310826
7493764.616216216 -0.21830171 0.035515472 0.133946 -0.08061729 -0.011012468 0.9921361 -0.09510808
7543782.616216216 -0.23900276 0.015800826 0.13607323 -0.08593653 -0.010974133 0.99167824 -0.09523019
7593799.616216216 -0.25064203 -0.004647891 0.14023389 -0.091695465 -0.00936863 0.9914536 -0.09232562
7643816.616216216 -0.26135603 -0.03165241 0.14032586 -0.096389815 -0.008263177 0.99132675 -0.08895028
7693833.616216216 -0.26660264 -0.06418676 0.14743666 -0.10021765 -0.006536902 0.9912457 -0.085707724
7743850.616216216 -0.2714921 -0.09156238 0.14747892 -0.10347177 -0.0061607873 0.991385 -0.08007152
7793868.866216216 -0.27245855 -0.120426275 0.14879414 -0.10517652 -0.005297146 0.9916983 -0.07378613
7843885.866216216 -0.26736933 -0.14648645 0.15329364 -0.10750036 -0.005029978 0.991956 -0.06664677
7893902.866216216 -0.2570683 -0.16859266 0.15026568 -0.1090707 -0.0063312477 0.9922773 -0.058729414
7943919.616216216 -0.24320672 -0.19071151 0.15151526 -0.106189795 -0.007343367 0.9929611 -0.05194259
7993937.616216216 -0.2268195 -0.20624463 0.15228705 -0.10112639 -0.009621752 0.99377036 -0.045841303
8043954.616216216 -0.20950067 -0.21541044 0.15013224 -0.09300049 -0.011458646 0.9947585 -0.040928595
8093971.616216216 -0.18808503 -0.21853352 0.15468955 -0.083954506 -0.012358219 0.99566454 -0.038093694
8143988.616216216 -0.16598286 -0.2178326 0.15771443 -0.07415206 -0.015112238 0.99643606 -0.037260976
8194006.616216216 -0.14085628 -0.2103547 0.16008341 -0.065196946 -0.0154119395 0.99705845 -0.0372347
8244023.866216216 -0.124853015 -0.20136996 0.16237736 -0.05517901 -0.016602652 0.99754643 -0.0397593
8294040.866216216 -0.1076197 -0.19033262 0.15953292 -0.046836015 -0.01810046 0.99779934 -0.04330477
8344057.866216216 -0.088525675 -0.17273143 0.16001588 -0.04138987 -0.017930401 0.9978444 -0.047664948
8394074.616216216 -0.078239396 -0.15048923 0.16099566 -0.035949036 -0.01822571 0.9978476 -0.05172695
8444092.616216216 -0.06673117 -0.12641688 0.15923253 -0.03253346 -0.017765224 0.9976782 -0.057133365
8494109.616216216 -0.05381366 -0.10213706 0.15856613 -0.029568454 -0.016745815 0.9974985 -0.061983973
8544126.616216216 -0.05310212 -0.074436545 0.16055296 -0.026362425 -0.016774328 0.9972344 -0.06743407
8594143.616216216 -0.053177673 -0.05063585 0.16110045 -0.02593792 -0.016751837 0.9968436 -0.0731414
8644161.866216216 -0.06142405 -0.024213184 0.1651875 -0.028089296 -0.015617455 0.99644 -0.07793881
8694178.866216216 -0.07332478 -0.0021623352 0.16654834 -0.031478953 -0.01600589 0.9959203 -0.08304058
8744195.866216216 -0.08182304 0.019164503 0.1644096 -0.036987066 -0.016703248 0.9952992 -0.08793393
8794212.616216216 -0.10183458 0.032631375 0.16417313 -0.04245765 -0.018438067 0.994524 -0.093698315
8844230.616216216 -0.11940016 0.042478178 0.1642013 -0.051399328 -0.019549089 0.99348074 -0.09985953
8894247.616216216 -0.13943711 0.044804454 0.16496289 -0.06266244 -0.020853944 0.99214 -0.10628657
8944264.616216216 -0.16810323 0.039871935 0.16310948 -0.07349172 -0.021043563 0.9907501 -0.11211807
8994281.616216216 -0.19352087 0.032322366 0.16376363 -0.08271246 -0.02170581 0.9894869 -0.11663347
9044299.616216216 -0.21444094 0.021360608 0.16217546 -0.09117581 -0.023065874 0.9884669 -0.11869348
9094316.866216216 -0.23116472 0.003013737 0.16028655 -0.09910635 -0.022328641 0.98755646 -0.12004846
9144333.866216216 -0.24811953 -0.027237281 0.16067159 -0.10412705 -0.02075286 0.9869605 -0.120979086
9194350.866216216 -0.2644867 -0.04920447 0.15939376 -0.10686244 -0.02114101 0.987079 -0.11750953
9244367.616216216 -0.2752795 -0.07569303 0.1584964 -0.109193906 -0.019311266 0.98719424 -0.114679724
9294385.616216216 -0.2836837 -0.10548765 0.15999429 -0.10987673 -0.018274901 0.98743474 -0.11209735
9344402.616216216 -0.287259 -0.13421465 0.159402 -0.10948077 -0.017911911 0.98775935 -0.10965681
9394419.616216216 -0.2946326 -0.15861498 0.16237329 -0.10638636 -0.01935707 0.98830473 -0.1075225
9444436.616216216 -0.29381168 -0.18762827 0.1689991 -0.106376305 -0.019577328 0.98837215 -0.10687075
9494454.616216216 -0.2974613 -0.21093287 0.17316554 -0.10402036 -0.020386128 0.9887578 -0.105462074
9544471.866216216 -0.29569498 -0.23301604 0.17349944 -0.10255824 -0.020756628 0.9890947 -0.1036475
9594488.866216216 -0.28901654 -0.25428325 0.18146224 -0.10043336 -0.019354567 0.98947084 -0.10240125
9644505.866216216 -0.28416324 -0.27280805 0.1844631 -0.09737288 -0.018473074 0.98996955 -0.100685365
9694523.616216216 -0.27665842 -0.28948355 0.18458495 -0.09596274 -0.015925935 0.9903352 -0.098861985
9744540.616216216 -0.26508328 -0.307805 0.18923338 -0.09595613 -0.013340121 0.99041706 -0.098430514
9794557.616216216 -0.25409093 -0.3241612 0.19073519 -0.09753507 -0.010382602 0.990338 -0.098028995
9844574.616216216 -0.24275391 -0.33709568 0.19079581 -0.09800546 -0.009071195 0.99043185 -0.09673396
9894591.616216216 -0.22371577 -0.3477181 0.19222677 -0.09819744 -0.00669025 0.9904763 -0.09627655
9944609.866216216 -0.20850866 -0.3553315 0.19699223 -0.098359935 -0.006401443 0.99048185 -0.09607354
9994626.866216216 -0.19068885 -0.36379364 0.20097257 -0.096757635 -0.008474057 0.9903632 -0.09872654
10044643.866216216 -0.17405084 -0.36539772 0.20517685 -0.093168154 -0.0099907955 0.9905713 -0.099942505
10094660.616216216 -0.16076146 -0.36714664 0.20602384 -0.08772632 -0.012616777 0.9909271 -0.1010371
10144678.616216216 -0.15224656 -0.36398256 0.2063026 -0.08239433 -0.017462747 0.99117124 -0.102400504
10194695.616216216 -0.1463525 -0.36293903 0.21413487 -0.0797375 -0.021839065 0.99090767 -0.10614631
10244712.616216216 -0.14795828 -0.35526562 0.21169545 -0.07998906 -0.025313327 0.9903868 -0.1099779
10294729.616216216 -0.14955427 -0.35425106 0.21874644 -0.08224475 -0.02676366 0.9894044 -0.11661292
10344747.616216216 -0.15504587 -0.35047403 0.2275345 -0.08501592 -0.024842551 0.98849654 -0.122595765
10394764.866216216 -0.1662512 -0.35031933 0.23012339 -0.086703435 -0.025054114 0.9875741 -0.12865569
10444781.866216216 -0.17789504 -0.35320494 0.23367168 -0.088526905 -0.02432702 0.98681605 -0.13328633
10494798.866216216 -0.18992452 -0.35890865 0.24192527 -0.09104295 -0.022924313 0.9860165 -0.13768527
10544816.616216216 -0.19767603 -0.3656795 0.250076 -0.09487923 -0.02225962 0.9852947 -0.14034522
10594833.616216216 -0.20760593 -0.37213945 0.25631112 -0.10000435 -0.01974009 0.984715 -0.14123015
10644850.616216216 -0.21802427 -0.38310274 0.25743967 -0.102943674 -0.016713226 0.98453176 -0.14078537
10694867.616216216 -0.2238396 -0.3932803 0.26668218 -0.10723002 -0.014154912 0.9842585 -0.13977365
10744884.616216216 -0.2255097 -0.4034525 0.27074993 -0.11074245 -0.011196911 0.9842347 -0.13745171
10794902.616216216 -0.22688453 -0.41396812 0.27702227 -0.11059811 -0.007577948 0.9846514 -0.13480474
10844919.866216216 -0.2284993 -0.42616957 0.28294381 -0.10864595 -0.005129349 0.9850992 -0.13322699
10894936.866216216 -0.21713327 -0.43693715 0.29089087 -0.109565474 -0.001873198 0.9850174 -0.13316439
10944953.866216216 -0.21036467 -0.45000464 0.29655433 -0.10638316 0.00065669435 0.98524934 -0.13403739
10994971.616216216 -0.19580665 -0.45680922 0.3051179 -0.103127465 0.001766131 0.9855023 -0.13471034
11044988.616216216 -0.18578115 -0.46429473 0.31166112 -0.09868841 0.0027064295 0.9857699 -0.13605505
11095005.616216216 -0.17308988 -0.46922034 0.31989953 -0.093734935 0.0037937553 0.9860768 -0.13730301
11145022.616216216 -0.15793246 -0.47481054 0.32327497 -0.087403 0.0036827011 0.98643786 -0.13887969
11195040.616216216 -0.14179099 -0.4787755 0.32849798 -0.079733156 0.0040228353 0.9867503 -0.14124553
11245057.866216216 -0.12626505 -0.48074657 0.33097988 -0.07298153 0.0051865117 0.9871091 -0.1423462
11295074.866216216 -0.10401047 -0.48069552 0.33049285 -0.06727458 0.0070230784 0.98743826 -0.14279516
11345091.866216216 -0.08676026 -0.47901666 0.3296324 -0.059989385 0.009885556 0.98797387 -0.14216636
11395108.616216216 -0.07047575 -0.47909415 0.3256209 -0.052537713 0.013399231 0.9883101 -0.14248987
11445126.616216216 -0.055011958 -0.47461608 0.32043433 -0.045560647 0.016690759 0.98861116 -0.14245585
11495143.616216216 -0.042005125 -0.47390094 0.31447777 -0.038762953 0.020485945 0.98859316 -0.14408803
11545160.616216216 -0.032178745 -0.46821284 0.30571014 -0.031612497 0.024735328 0.9886423 -0.14482851
11595177.616216216 -0.030924793 -0.4603443 0.3007555 -0.024554422 0.02674106 0.98864126 -0.14584431
11645195.616216216 -0.030981788 -0.45744678 0.29183003 -0.02149645 0.028750636 0.9885035 -0.14687462
11695212.866216216 -0.036655337 -0.44635943 0.28872225 -0.020152263 0.02987555 0.98869914 -0.14551759
11745229.866216216 -0.04074948 -0.44333974 0.29011047 -0.025456488 0.029546408 0.9886705 -0.14494702
11795246.866216216 -0.0539797 -0.43996197 0.28184628 -0.030413358 0.027942639 0.9887907 -0.14348264
11845264.616216216 -0.071373224 -0.43870714 0.2783966 -0.035685822 0.025896197 0.9887228 -0.14311935
11895281.616216216 -0.090817824 -0.44079682 0.2736687 -0.04338667 0.023204878 0.98839784 -0.14369744
11945298.616216216 -0.112719744 -0.44688833 0.27260318 -0.053083684 0.02042843 0.9876065 -0.14628157
11995315.616216216 -0.12870967 -0.4540069 0.2781962 -0.06241326 0.01953572 0.9865679 -0.14968885
12045333.616216216 -0.14787772 -0.4612289 0.28332666 -0.07012124 0.018089537 0.9855271 -0.15327178
12095350.616216216 -0.15899915 -0.47079563 0.287239 -0.07739118 0.018281447 0.9844788 -0.15645446
12145367.866216216 -0.1734806 -0.47940305 0.30064204 -0.08054734 0.01726119 0.983733 -0.1596356
12195384.866216216 -0.17905575 -0.4892948 0.31127968 -0.08405456 0.018774135 0.98310935 -0.16148819
12245401.866216216 -0.18649995 -0.5007189 0.31778923 -0.086934425 0.01755213 0.9828299 -0.16180126
12295419.616216216 -0.18333028 -0.5142908 0.3288119 -0.09000628 0.017774073 0.9824393 -0.16246898
12345436.616216216 -0.18195537 -0.52167684 0.33747637 -0.091050066 0.017802052 0.9826302 -0.16072005
12395453.616216216 -0.1796319 -0.53326905 0.34696233 -0.092182904 0.015666401 0.98256296 -0.16070768
12445470.616216216 -0.1718358 -0.5393091 0.36022946 -0.092500634 0.013474148 0.98268926 -0.15994999
12495488.616216216 -0.16734698 -0.54674524 0.3654554 -0.09080274 0.012743728 0.982948 -0.15939185
12545505.866216216 -0.14973995 -0.5513857 0.37844408 -0.090668835 0.010404168 0.98289573 -0.15995935
12595522.866216216 -0.14035554 -0.55838096 0.38241437 -0.08737381 0.009159426 0.98310184 -0.16060114
12645539.866216216 -0.12362386 -0.56172913 0.39697537 -0.0855248 0.008962911 0.98304117 -0.16197331
12695557.616216216 -0.11009976 -0.5635848 0.40668306 -0.08321249 0.007616794 0.9831363 -0.16266768
12745574.616216216 -0.09783936 -0.5674207 0.41046852 -0.07951758 0.007305005 0.9831527 -0.16442162
12795591.616216216 -0.08581276 -0.5711414 0.41481754 -0.074578315 0.0070772367 0.98318714 -0.16652651
12845608.616216216 -0.07412364 -0.57012767 0.42136988 -0.07026929 0.007974266 0.9831884 -0.16834283
12895626.616216216 -0.06269721 -0.56764644 0.42237929 -0.0671571 0.0074064094 0.9832554 -0.16924512
12945643.616216216 -0.051397406 -0.56589466 0.4201896 -0.06313499 0.009754673 0.9833882 -0.16990149
12995660.866216216 -0.04411338 -0.5641945 0.41370872 -0.05930773 0.010427855 0.9836044 -0.16998915
13045677.866216216 -0.03546593 -0.5598632 0.4029243 -0.05684003 0.011541359 0.9839074 -0.16900349
13095694.866216216 -0.02327568 -0.5504066 0.39466134 -0.057325587 0.013191898 0.984069 -0.16777374
13145712.616216216 -0.026738588 -0.54548144 0.38215718 -0.05456851 0.012482454 0.98439294 -0.16684446
13195729.616216216 -0.02475786 -0.5343458 0.37422 -0.052015405 0.0131577505 0.9846576 -0.16604434
13245746.616216216 -0.023305055 -0.52843714 0.35475776 -0.049529824 0.012657261 0.98509496 -0.16423944
13295763.616216216 -0.025659947 -0.520419 0.3391567 -0.045180168 0.014353445 0.9856084 -0.16226174
13345781.616216216 -0.025680758 -0.5137616 0.32856947 -0.043297198 0.013015918 0.9859704 -0.16068104
13395798.616216216 -0.027373118 -0.51192236 0.31916732 -0.038655695 0.014445733 0.9861528 -0.16062292
13445815.866216216 -0.037294142 -0.49691162 0.29160905 -0.03517509 0.01299193 0.98712826 -0.1554729
13495832.866216216 -0.044381745 -0.49031687 0.28206447 -0.034892693 0.012561445 0.9873573 -0.15411104
13545850.616216216 -0.06154014 -0.48711124 0.27772254 -0.03227429 0.015070915 0.98754394 -0.15325907
13595867.616216216 -0.078964986 -0.48606223 0.26832253 -0.030124528 0.0147923445 0.9876827 -0.15282916
13645884.616216216 -0.08569158 -0.48817855 0.26839235 -0.030848479 0.016778072 0.98731047 -0.15487093
13695901.616216216 -0.0921659 -0.49328572 0.26798216 -0.03521754 0.015179764 0.98683137 -0.1571407
13745918.616216216 -0.11248619 -0.5033981 0.2650442 -0.034502197 0.014729346 0.9864092 -0.1599675
13795936.616216216 -0.12363554 -0.5100897 0.26762643 -0.039533325 0.014977505 0.98577297 -0.16267906
13845953.866216216 -0.13083558 -0.51625097 0.27536213 -0.04844686 0.014187307 0.98494107 -0.16535647
13895970.866216216 -0.13849828 -0.519678 0.2845488 -0.05750118 0.011772489 0.984432 -0.16567671
13945987.866216216 -0.14977339 -0.5271678 0.2931815 -0.06428862 0.00794415 0.984008 -0.16592821
13996005.616216216 -0.156102 -0.5352196 0.30554903 -0.06880304 0.004872163 0.9837329 -0.16586775
14046022.616216216 -0.16291586 -0.54658884 0.31765458 -0.07027068 0.0005126355 0.9838053 -0.16489094
14096039.616216216 -0.15501976 -0.55985653 0.33175206 -0.07143186 -0.00046998615 0.9839367 -0.16360246
14146056.616216216 -0.148506 -0.5700152 0.34505233 -0.07223214 -0.001885222 0.984388 -0.16049708
14196074.616216216 -0.1406838 -0.58269125 0.3553482 -0.072014324 -0.0030549585 0.98497546 -0.15693304
14246091.616216216 -0.12821911 -0.5937267 0.36459354 -0.07189347 -0.002134865 0.98545986 -0.15393387
14296108.866216216 -0.1175187 -0.59992945 0.37092936 -0.06907409 -0.002884047 0.98620594 -0.15039411
14346125.866216216 -0.099325806 -0.6079261 0.37527764 -0.06604858 -0.0038935738 0.9869291 -0.1469468
14396142.866216216 -0.07851304 -0.61209655 0.37992266 -0.06026209 -0.0040903306 0.9878168 -0.14342159
14446160.616216216 -0.060659833 -0.61692744 0.38514298 -0.052523136 -0.0039782496 0.9886209 -0.14090553
14496177.616216216 -0.037590656 -0.6197312 0.3888397 -0.046635445 -0.0031982749 0.98912895 -0.13942307
14546194.616216216 -0.016809346 -0.62264407 0.3901382 -0.041695572 -0.0011772256 0.98945427 -0.13870974
14596211.616216216 0.001735867 -0.6218375 0.3895546 -0.036915343 0.0004761665 0.98968333 -0.138434
14646229.616216216 0.022282805 -0.6246936 0.38458174 -0.031779915 0.0023523683 0.9897512 -0.13920194
14696246.616216216 0.04194367 -0.62164277 0.3778885 -0.025306094 0.005192551 0.98994434 -0.13907875
14746263.866216216 0.05730908 -0.61500496 0.36879307 -0.018819481 0.0079990085 0.9902124 -0.13806292
14796280.866216216 0.071770616 -0.6083194 0.3623345 -0.013265834 0.0110815335 0.99027747 -0.13802816
14846298.616216216 0.080196865 -0.5988725 0.34602666 -0.0076770927 0.014702861 0.9905219 -0.13634998
14896315.616216216 0.08733123 -0.57855135 0.33392626 -0.002853349 0.017125366 0.99091375 -0.13337398
14946332.616216216 0.091375455 -0.56820714 0.32256278 0.001168564 0.018723119 0.9910645 -0.13205777
14996349.616216216 0.093946345 -0.5660434 0.30039564 -0.0017092697 0.01899785 0.9909288 -0.13302726
15046367.616216216 0.07923083 -0.553028 0.28816926 -0.0015655534 0.018923178 0.99116105 -0.13129848
15096384.616216216 0.065875284 -0.53583616 0.28710258 -0.003003791 0.01900887 0.9913757 -0.12963006
15146401.866216216 0.04297026 -0.53201085 0.27721807 -0.005458499 0.016235363 0.99145114 -0.1293496
15196418.866216216 0.030734954 -0.52685213 0.269502 -0.012122198 0.014293361 0.9915667 -0.12823516
15246435.866216216 0.008187548 -0.52167666 0.2678129 -0.016139368 0.011565475 0.9915587 -0.12812997
15296453.616216216 -0.016613314 -0.5243926 0.26739568 -0.021208264 0.0077927117 0.9913503 -0.12928325
15346470.616216216 -0.03880563 -0.5304273 0.27050728 -0.02811012 0.004856842 0.990859 -0.13185143
15396487.616216216 -0.060935605 -0.5349242 0.27360287 -0.03539082 0.0025658319 0.9904458 -0.13325968
15446504.616216216 -0.08307596 -0.54444414 0.27646023 -0.042423982 0.00012658506 0.98987097 -0.1354833
15496522.616216216 -0.10001269 -0.5553091 0.28502262 -0.050819255 -0.00095786015 0.9892128 -0.13738495
15546539.616216216 -0.11754055 -0.56954604 0.29589126 -0.058107704 -0.0023419072 0.9885609 -0.13915952
15596556.866216216 -0.124745525 -0.583588 0.3108283 -0.06697981 -0.0021384982 0.9879088 -0.13980488
15646573.866216216 -0.13151568 -0.59767914 0.3245108 -0.073919415 -0.0013202853 0.9875639 -0.13875075
15696591.616216216 -0.12898025 -0.60790485 0.34001076 -0.07868714 -1.2513661e-05 0.9875442 -0.1362529
15746608.616216216 -0.13442595 -0.62317586 0.35413587 -0.080010645 0.003580303 0.98783976 -0.13325977
15796625.616216216 -0.12713934 -0.6351603 0.36360496 -0.08219668 0.0063071405 0.9883204 -0.12816702
15846642.616216216 -0.11713451 -0.64569265 0.36484867 -0.08288287 0.008464774 0.9891232 -0.121219166
15896659.616216216 -0.105344236 -0.65272087 0.3660653 -0.08286562 0.009482366 0.99009556 -0.11293438
15946677.616216216 -0.08898364 -0.65712976 0.36478904 -0.08141069 0.01143546 0.99120045 -0.10374596
15996694.616216216 -0.06899601 -0.658684 0.36126652 -0.08088123 0.01256298 0.9921323 -0.094730794
16046711.866216216 -0.053508375 -0.657426 0.35365504 -0.080142826 0.014355006 0.99299777 -0.085595444
16096728.866216216 -0.040110424 -0.65236 0.33950493 -0.08066788 0.015542455 0.9937386 -0.07572785
16146746.616216216 -0.025297798 -0.6410649 0.3302649 -0.08192079 0.016824365 0.99415755 -0.068240374
16196763.616216216 -0.015813751 -0.63204676 0.31905347 -0.08260198 0.016760433 0.9944382 -0.06315638
16246780.616216216 -0.0005519646 -0.61809635 0.31276804 -0.08289713 0.017752858 0.99455273 -0.060645383
16296797.616216216 0.006732591 -0.60042447 0.31431463 -0.082216576 0.016318647 0.99464923 -0.060390595
16346815.616216216 0.018862939 -0.57771313 0.31182995 -0.085565716 0.016996974 0.99436253 -0.060273796
16396832.616216216 0.022075862 -0.5558218 0.30241305 -0.08925666 0.015970534 0.99399775 -0.061210267
16446849.866216216 0.02858425 -0.53591293 0.2899097 -0.09578199 0.015663944 0.9932929 -0.062846206
16496866.866216216 0.02977923 -0.512658 0.27983618 -0.101742975 0.0128483465 0.99274534 -0.062769756
16546884.616216216 0.03492656 -0.49048528 0.27125224 -0.10994439 0.009650549 0.9920661 -0.06019972
16596901.616216216 0.039297473 -0.46767512 0.25750688 -0.12030504 0.0036626977 0.9910877 -0.05708442
16646918.616216216 0.037339367 -0.44442618 0.24257892 -0.12756108 -0.0040908344 0.99045646 -0.05203288
16696935.616216216 0.04117739 -0.42033392 0.22641566 -0.13665257 -0.013638278 0.98948514 -0.045379777
16746952.616216216 0.040192034 -0.39969286 0.20830381 -0.14790265 -0.02424689 0.9879069 -0.039709248
16796970.616216216 0.041678376 -0.37366265 0.19168544 -0.16242604 -0.03530921 0.9855626 -0.032210354
16846987.616216216 0.036668252 -0.3474025 0.17459124 -0.17919824 -0.047720212 0.9823253 -0.025453156
16897004.866216216 0.035113774 -0.32631344 0.16096744 -0.19628383 -0.058650963 0.9785637 -0.021112569
16947021.866216216 0.03549193 -0.3053174 0.14648733 -0.21234849 -0.068009555 0.97466505 -0.01763319
16997039.616216216 0.031901024 -0.28659555 0.12595762 -0.22759888 -0.076202765 0.97065336 -0.014967628
17047056.616216216 0.03607767 -0.2731829 0.12316969 -0.24399342 -0.08177726 0.9662108 -0.014707948
17097073.616216216 0.038125675 -0.26504603 0.11730341 -0.2559762 -0.083285816 0.9629682 -0.015230723
17147090.616216216 0.04232856 -0.26659042 0.119636625 -0.26268914 -0.08280372 0.96114683 -0.018296486
17197108.616216216 0.045952156 -0.2710516 0.10095103 -0.26013783 -0.0784791 0.96215916 -0.020474201
17247125.616216216 0.05482799 -0.27596524 0.100301705 -0.2554701 -0.0782902 0.963454 -0.019029383
17297142.616216216 0.066303074 -0.28604087 0.10337955 -0.24779508 -0.07562832 0.96569383 -0.017705185
17347159.866216216 0.07560569 -0.2943878 0.10215238 -0.23846658 -0.07530739 0.96812886 -0.01374789
17397176.866216216 0.086149834 -0.3002831 0.10560794 -0.23135006 -0.07717865 0.96976817 -0.008383421
17447194.616216216 0.092816114 -0.30456257 0.10740695 -0.22513853 -0.08072162 0.97096944 -0.0038844098
17497211.616216216 0.104666404 -0.31468323 0.111331634 -0.2196592 -0.08094165 0.97221124 -0.0018934627
17547228.616216216 0.11351228 -0.317685 0.114265844 -0.21265227 -0.0830008 0.973596 0.00091946527
17597245.616216216 0.12916076 -0.32282245 0.12132645 -0.20324148 -0.08379647 0.9755267 0.004324953
17647263.616216216 0.14759164 -0.32142872 0.12745368 -0.19546542 -0.08353217 0.977103 0.009243921
17697280.616216216 0.16740747 -0.3160042 0.12933303 -0.1912471 -0.080390014 0.97815996 0.012852191
17747297.866216216 0.18934166 -0.30829975 0.13668169 -0.19034113 -0.07459248 0.9787722 0.014533243
17797314.866216216 0.20442481 -0.28926212 0.1466083 -0.18700615 -0.072206035 0.97955173 0.01712987
17847332.616216216 0.2227427 -0.2645746 0.15757284 -0.18211788 -0.070454486 0.9805868 0.017853301
17897349.616216216 0.23248596 -0.23182221 0.16651568 -0.17825904 -0.07037652 0.9813153 0.017065829
17947366.616216216 0.25127295 -0.20438689 0.17715932 -0.18219277 -0.07057469 0.98064065 0.012996061
17997383.616216216 0.25523505 -0.17692985 0.18504411 -0.18542139 -0.07326841 0.97988284 0.008965299
18047401.616216216 0.26527876 -0.14653717 0.19481449 -0.19079925 -0.075499475 0.97871155 0.00438056
18097418.616216216 0.26812962 -0.12184611 0.19753264 -0.19577974 -0.076143555 0.97768724 0.0004354603
18147435.616216216 0.27018818 -0.101659164 0.2013431 -0.20132802 -0.0762018 0.97655183 -0.0026255387
18197452.866216216 0.2712616 -0.083954975 0.20154953 -0.20574169 -0.07508645 0.9757132 -0.004024862
18247469.866216216 0.26809204 -0.07324521 0.2006655 -0.2081356 -0.0737848 0.9752944 -0.0060205115
18297487.616216216 0.26378435 -0.07628477 0.20337565 -0.21143954 -0.07268916 0.9746591 -0.0070249024
18347504.616216216 0.2671702 -0.083008155 0.20305724 -0.21879713 -0.07030474 0.97320217 -0.00791835
18397521.616216216 0.25949016 -0.091689035 0.18825722 -0.22320592 -0.06975767 0.972253 -0.0060917004
18447538.616216216 0.2534095 -0.110140875 0.18277445 -0.2249003 -0.07029158 0.9718252 -0.0059017893
18497556.616216216 0.25177866 -0.12521526 0.17275576 -0.22442628 -0.06954001 0.9720054 -0.0015946401
18547573.616216216 0.25082973 -0.14906606 0.16687167 -0.22770657 -0.070498906 0.971173 0.0016375724
18597590.616216216 0.256406 -0.1691033 0.15487637 -0.23206076 -0.06910013 0.97021425 0.007571622
18647607.866216216 0.26215416 -0.19096965 0.14758338 -0.23614915 -0.06897225 0.96916926 0.013691038
18697625.866216216 0.2681618 -0.20845753 0.13688011 -0.23907506 -0.07023234 0.96824974 0.0200744
18747642.616216216 0.2797004 -0.22369657 0.123810194 -0.2388149 -0.06941638 0.96818787 0.02758738
18797659.616216216 0.3004315 -0.23706405 0.12022582 -0.23819059 -0.07055691 0.96804565 0.034271352
18847676.616216216 0.32554623 -0.24178064 0.122219846 -0.23291774 -0.07121332 0.969006 0.041296303
18897693.616216216 0.3470343 -0.23880404 0.12440735 -0.22264704 -0.07238394 0.9710618 0.047200415
18947711.616216216 0.36658415 -0.23773216 0.13394493 -0.21264866 -0.074568085 0.9730298 0.049327813
18997728.616216216 0.3885362 -0.23034759 0.15587662 -0.20622268 -0.0761409 0.97431165 0.048903544
19047745.866216216 0.40459132 -0.22393829 0.1706795 -0.2024031 -0.07906465 0.9751492 0.043196112
19097762.866216216 0.42080647 -0.20880643 0.18550663 -0.19945325 -0.08207379 0.97582585 0.03530331
19147780.616216216 0.43331915 -0.1976958 0.20414972 -0.19584411 -0.0858098 0.9765841 0.023778193
19197797.616216216 0.44178638 -0.17651969 0.22349931 -0.19338706 -0.08871092 0.977013 0.01332389
19247814.616216216 0.44430327 -0.15505467 0.24203111 -0.1937417 -0.093663804 0.9765653 0.003391776
19297831.616216216 0.44537103 -0.1304685 0.25775856 -0.19702275 -0.09778361 0.9754903 -0.006253979
19347849.616216216 0.4447027 -0.104874365 0.26661825 -0.20436354 -0.100799076 0.9735728 -0.015205981
19397866.616216216 0.43671492 -0.08012009 0.279685 -0.21251372 -0.10372236 0.9713125 -0.0251308
19447883.616216216 0.4303907 -0.05595525 0.28651455 -0.22189897 -0.104834035 0.96872205 -0.036719773
19497900.866216216 0.42105308 -0.0344832 0.29761404 -0.23223983 -0.10589019 0.965591 -0.049858987
19547918.866216216 0.40782928 -0.014143361 0.30337644 -0.24241368 -0.10691725 0.9622139 -0.062840104
19597935.616216216 0.39309847 -0.00042569824 0.30668432 -0.25355187 -0.1087456 0.95831335 -0.07430668
19647952.616216216 0.37974072 0.0061966125 0.31002632 -0.26665542 -0.110368244 0.95377254 -0.08385474
19697969.616216216 0.36808655 0.009532764 0.305074 -0.28010616 -0.11173049 0.94926435 -0.08918613
19747986.616216216 0.3576061 0.003973346 0.2944099 -0.29227763 -0.11377951 0.9451121 -0.09160388
19798004.616216216 0.35096702 -0.0144780185 0.2827594 -0.30303735 -0.114759825 0.9415095 -0.09251209
19848021.616216216 0.34713888 -0.035715297 0.2683158 -0.31192616 -0.11450078 0.93885005 -0.09029001
19898038.616216216 0.34764436 -0.055184856 0.25194433 -0.31987116 -0.11498771 0.9367602 -0.0833108
19948055.866216216 0.3506668 -0.08252999 0.24045675 -0.3264795 -0.11502459 0.93500763 -0.077080235
19998073.866216216 0.36072138 -0.1073017 0.22509018 -0.33019668 -0.11321305 0.93450785 -0.06962807
20048090.616216216 0.37773356 -0.13911486 0.22146592 -0.33137634 -0.110473886 0.93478894 -0.06445961
20098107.616216216 0.39708632 -0.1656629 0.21730787 -0.32744843 -0.10653723 0.93697417 -0.059218846
20148124.616216216 0.42070663 -0.18946745 0.21803509 -0.32179978 -0.102726325 0.93960226 -0.05513484
20198142.616216216 0.44411135 -0.21349788 0.21821758 -0.31637567 -0.10058089 0.9418173 -0.052632328
20248159.616216216 0.4701413 -0.23258074 0.21544392 -0.30907634 -0.09937343 0.9444705 -0.050718162
20298176.616216216 0.49609601 -0.24548261 0.22060297 -0.30107385 -0.09653758 0.9474101 -0.04949031
20348193.866216216 0.52368873 -0.25195527 0.22523256 -0.29108843 -0.09588868 0.95069796 -0.047395274
20398210.866216216 0.54870003 -0.25156584 0.23524606 -0.27895802 -0.096005484 0.9543857 -0.045971066
20448228.616216216 0.5760641 -0.24172102 0.24572758 -0.26803896 -0.095951214 0.95757335 -0.044741925
20498245.616216216 0.59899473 -0.23254669 0.25741658 -0.25841957 -0.09638173 0.96011287 -0.045970626
20548262.616216216 0.61875844 -0.2136619 0.26164016 -0.2505199 -0.09644208 0.96216226 -0.046717845
20598279.616216216 0.6260533 -0.187162 0.275549 -0.246117 -0.09680576 0.9631209 -0.04953035
20648297.616216216 0.63666266 -0.15817243 0.28498122 -0.24630491 -0.09539432 0.96306443 -0.052352395
20698314.616216216 0.63953805 -0.12881358 0.2901472 -0.24858586 -0.093829244 0.962419 -0.056132857
20748331.616216216 0.6375768 -0.10065799 0.29512036 -0.25373 -0.0908907 0.9609829 -0.06222385
20798348.866216216 0.63366365 -0.07269123 0.2999556 -0.26061684 -0.08681467 0.9590392 -0.069180466
20848366.866216216 0.625798 -0.04777215 0.30571228 -0.26828873 -0.08356928 0.9566138 -0.076990254
20898383.616216216 0.61199576 -0.029438253 0.3039181 -0.27523544 -0.08068633 0.9542036 -0.08503383
20948400.616216216 0.5961815 -0.01650117 0.30424583 -0.2859892 -0.07736783 0.9506786 -0.091840595
20998417.616216216 0.5791974 -0.010687016 0.2995985 -0.29842332 -0.07480134 0.94647634 -0.09762619
21048435.616216216 0.56316113 -0.017106008 0.28640512 -0.30914852 -0.07372337 0.94264823 -0.102011606
21098452.616216216 0.55125153 -0.029807426 0.27718237 -0.3189117 -0.074536115 0.93911093 -0.10397319
21148469.616216216 0.53788376 -0.04569222 0.26382035 -0.32805842 -0.07616387 0.9359806 -0.10255234
21198486.616216216 0.5260304 -0.07024126 0.24850242 -0.33810356 -0.07787764 0.93249214 -0.100396894
21248503.866216216 0.51763606 -0.09687794 0.22873974 -0.3473113 -0.078605935 0.9295273 -0.095786735
21298521.866216216 0.51208025 -0.12903744 0.21382603 -0.35402387 -0.08016585 0.92743295 -0.09004823
21348538.616216216 0.51246333 -0.16501795 0.20163924 -0.35923374 -0.07956732 0.9259412 -0.08516506
21398555.616216216 0.51390266 -0.20023036 0.19447073 -0.3625161 -0.08092707 0.9251183 -0.07867053
21448572.616216216 0.5202985 -0.23421873 0.18957597 -0.3648919 -0.080641374 0.9247262 -0.07233575
21498590.616216216 0.5339453 -0.2632812 0.1827569 -0.36433104 -0.08229823 0.9254276 -0.06382541
21548607.616216216 0.5492809 -0.28700244 0.17784278 -0.3591654 -0.08326826 0.927888 -0.05559202
21598624.616216216 0.56648815 -0.31077233 0.18378846 -0.35023353 -0.08401414 0.9315921 -0.04913606
21648641.866216216 0.58442044 -0.32750514 0.19128777 -0.33804223 -0.083264165 0.93640697 -0.04400593
21698659.866216216 0.60806966 -0.3382807 0.20396896 -0.32216674 -0.0814 0.94234353 -0.039641045
21748676.616216216 0.6304083 -0.34131044 0.21486114 -0.30332598 -0.08096761 0.9487914 -0.035108987
21798693.616216216 0.65317464 -0.3398582 0.2294112 -0.28475723 -0.07962626 0.95473456 -0.032480575
21848710.616216216 0.67539716 -0.33742118 0.23869546 -0.2692713 -0.07865039 0.95932674 -0.031613786
21898727.616216216 0.6941017 -0.3230235 0.25227797 -0.25538445 -0.07652902 0.9632578 -0.0325047
21948745.616216216 0.7144824 -0.3107165 0.26115447 -0.24306846 -0.07322206 0.96657497 -0.0359047
21998762.616216216 0.7273269 -0.29034027 0.27301255 -0.23178099 -0.07029279 0.9693481 -0.041241333
22048779.616216216 0.7385235 -0.2625394 0.27990475 -0.2210896 -0.06607329 0.97181636 -0.048236784
22098796.866216216 0.7479532 -0.23483282 0.2882703 -0.212883 -0.0630858 0.97337884 -0.05687441
22148814.866216216 0.7564566 -0.20519936 0.29428056 -0.20787227 -0.05961339 0.9740862 -0.06626765
22198831.616216216 0.7599066 -0.17321764 0.30006576 -0.20535384 -0.057683203 0.97408426 -0.0752482
22248848.616216216 0.75317985 -0.14227264 0.30126813 -0.20420143 -0.056556806 0.9736672 -0.08411524
22298865.616216216 0.741308 -0.11319757 0.30383655 -0.20479749 -0.055579595 0.97287375 -0.09211796
22348883.616216216 0.7265958 -0.08840944 0.3013741 -0.20466135 -0.055769507 0.9722826 -0.09833717
22398900.616216216 0.70630354 -0.06665905 0.2999824 -0.20447858 -0.056346826 0.97179854 -0.10305905
22448917.616216216 0.68725854 -0.05127398 0.29368937 -0.20575681 -0.058031958 0.97116804 -0.1054945
22498934.616216216 0.6609779 -0.041842245 0.28454643 -0.20850386 -0.06165857 0.97025573 -0.10643432
22548952.866216216 0.6382012 -0.041308314 0.27308637 -0.21645191 -0.065571725 0.9682064 -0.10688962
22598969.866216216 0.61506206 -0.047977597 0.2546125 -0.2271466 -0.06832353 0.96556264 -0.10688854
22648986.616216216 0.590225 -0.05470896 0.24524884 -0.23684768 -0.06969748 0.9632528 -0.10578078
22699003.616216216 0.5612039 -0.07164891 0.2319643 -0.24198557 -0.069928475 0.96202254 -0.105193295
22749020.616216216 0.53688526 -0.089797296 0.21991909 -0.245537 -0.06922435 0.96143615 -0.102762274
22799038.616216216 0.5117803 -0.113535374 0.20935911 -0.24844202 -0.06645091 0.9611813 -0.099957556
22849055.616216216 0.4843036 -0.13653587 0.2003552 -0.25011393 -0.06259253 0.9614421 -0.095678255
22899072.616216216 0.46106493 -0.16004491 0.19513234 -0.25032812 -0.05980103 0.9621368 -0.08973611
22949089.866216216 0.43704352 -0.18682328 0.18871301 -0.24692544 -0.056682806 0.96377283 -0.08340753
22999107.866216216 0.41470355 -0.21179439 0.18553318 -0.24188592 -0.052917723 0.965871 -0.07605429
23049124.616216216 0.3894581 -0.2346896 0.18018232 -0.23222204 -0.050651006 0.9689764 -0.06776624
23099141.616216216 0.36381668 -0.25729084 0.17843656 -0.22103538 -0.049030237 0.97222555 -0.05930315
23149158.616216216 0.33943373 -0.27921587 0.17790183 -0.20982485 -0.046388634 0.97526675 -0.05173539
23199176.616216216 0.31190994 -0.29686588 0.17503409 -0.1972205 -0.04521266 0.97832793 -0.043980937
23249193.616216216 0.28827196 -0.30996078 0.17412834 -0.18819289 -0.043892317 0.9804748 -0.036416605
23299210.616216216 0.25764745 -0.32568857 0.16787559 -0.17806311 -0.042230032 0.98263943 -0.030494794
23349227.616216216 0.22980055 -0.3376695 0.1682529 -0.17083444 -0.040003154 0.98414433 -0.025988048
23399244.866216216 0.20316187 -0.35038507 0.16658817 -0.16687323 -0.03535353 0.9850647 -0.023475075
23449262.866216216 0.17680854 -0.36429313 0.16190796 -0.1627057 -0.02907943 0.9859542 -0.02399073
23499279.616216216 0.15641949 -0.37474427 0.17006795 -0.15840755 -0.024000704 0.98677695 -0.024542877
23549296.616216216 0.12978487 -0.37998816 0.16399607 -0.15338609 -0.018941054 0.9876682 -0.02501076
23599313.616216216 0.10293099 -0.3851575 0.16939956 -0.15033484 -0.0151706245 0.9881566 -0.02675568
23649331.616216216 0.07940228 -0.38951218 0.16617922 -0.1484802 -0.01347448 0.9884758 -0.026226683
23699348.616216216 0.055210494 -0.38956165 0.16744132 -0.14620568 -0.014368912 0.98881227 -0.025843086
23749365.616216216 0.033986982 -0.3920274 0.15385891 -0.14560482 -0.014858817 0.98894244 -0.023902213
23799382.616216216 0.011431383 -0.38594633 0.1479028 -0.14502858 -0.01611883 0.9890458 -0.022257647
23849400.866216216 -0.022149757 -0.38145927 0.14094222 -0.14232801 -0.019697651 0.9893599 -0.022843175
23899417.866216216 -0.048420466 -0.37214842 0.14218846 -0.1410322 -0.022495262 0.98948103 -0.02304698
23949434.616216216 -0.070343345 -0.35973725 0.13938367 -0.14190407 -0.024327524 0.98932254 -0.022636743
23999451.616216216 -0.09825157 -0.34853625 0.12559675 -0.1404523 -0.02671605 0.9894756 -0.022303274
24049469.616216216 -0.11475093 -0.3395246 0.12399043 -0.14100173 -0.026220307 0.98937654 -0.02377399
24099486.616216216 -0.1335522 -0.31697613 0.11094483 -0.14142276 -0.027918473 0.9893612 -0.019609366
24149503.616216216 -0.162266 -0.30499145 0.10369635 -0.13518657 -0.026694922 0.9902968 -0.018008916
24199520.616216216 -0.17065376 -0.29196143 0.102093644 -0.13249338 -0.029637014 0.99063325 -0.014593231
24249537.866216216 -0.18492147 -0.26746976 0.10254527 -0.13033335 -0.032833047 0.99089205 -0.0082595255
24299555.866216216 -0.19679521 -0.2544695 0.085655905 -0.12827262 -0.033353716 0.99116874 -0.0042682313
24349572.616216216 -0.21477589 -0.23523206 0.06874611 -0.12547609 -0.03394472 0.99151546 0.00083942653
24399589.616216216 -0.21816324 -0.21234497 0.08401586 -0.12541674 -0.035239354 0.9914648 0.005136565
24449606.616216216 -0.22958487 -0.19230387 0.07541687 -0.121306024 -0.03617874 0.991913 0.009201126
24499624.616216216 -0.2316028 -0.17899814 0.0629659 -0.11958818 -0.034199297 0.9921688 0.0114152795
24549641.616216216 -0.23028104 -0.15815774 0.065047026 -0.115858965 -0.034216024 0.99255717 0.015371986
24599658.616216216 -0.2339686 -0.14358771 0.06684286 -0.1115966 -0.033007752 0.99303293 0.018503837
24649675.616216216 -0.23235542 -0.12603277 0.06411196 -0.10912045 -0.031641256 0.99326044 0.022919979
24699693.866216216 -0.22324346 -0.116653666 0.06439274 -0.107517734 -0.031203618 0.99339134 0.025299476
24749710.866216216 -0.21873741 -0.11500119 0.052994918 -0.10692236 -0.031326957 0.9933452 0.029181397
24799727.616216216 -0.22505674 -0.10302487 0.053057466 -0.1030819 -0.034215108 0.9934961 0.034191146
24849744.616216216 -0.22267202 -0.092566974 0.046268575 -0.10006041 -0.03885469 0.99339384 0.040582683
24899761.616216216 -0.21565108 -0.076445274 0.048153296 -0.09688902 -0.044405583 0.9931202 0.048507754
24949779.616216216 -0.22520271 -0.06385937 0.033982314 -0.091841586 -0.051987644 0.9928723 0.055380654
24999796.616216216 -0.21734491 -0.05178994 0.03638309 -0.092939936 -0.06007414 0.9918627 0.062941566
25049813.616216216 -0.21632867 -0.039552778 0.033148322 -0.09355026 -0.06779518 0.99086386 0.0695772
25099830.616216216 -0.21265344 -0.0382016 0.03747094 -0.0938017 -0.07446263 0.99009883 0.07321802
25149848.866216216 -0.21243052 -0.016925124 0.029984487 -0.09429196 -0.08003877 0.9891709 0.07901761
25199865.866216216 -0.19479233 -0.0025317003 0.034465574 -0.09495055 -0.085550256 0.9883962 0.08208839
25249882.616216216 -0.19090042 0.004124413 0.037350647 -0.09263269 -0.08875335 0.9883252 0.082191475
25299899.616216216 -0.16843528 0.014769633 0.041158225 -0.09463877 -0.091531366 0.98786485 0.08239357
25349917.616216216 -0.15810734 0.026271358 0.033668034 -0.092993155 -0.09184176 0.9879314 0.08312059
25399934.616216216 -0.13848218 0.04551927 0.03956568 -0.091904595 -0.09198859 0.98774934 0.086272076
25449951.616216216 -0.12627277 0.05436346 0.039838634 -0.091177255 -0.08909034 0.98797953 0.08744212
25499968.616216216 -0.11211085 0.06620093 0.04251942 -0.092278674 -0.08410835 0.9880241 0.09065778
25549986.866216216 -0.09534537 0.08471579 0.040095683 -0.09287572 -0.08060675 0.9878804 0.09470547
25600003.866216216 -0.08713092 0.09448591 0.04021205 -0.093119316 -0.07906458 0.9875905 0.09870481
25650020.616216216 -0.068516865 0.1045055 0.034307197 -0.09252295 -0.07669693 0.98742527 0.102705695
25700037.616216216 -0.06301656 0.11962153 0.036486045 -0.089454435 -0.075889185 0.9873488 0.10668285
25750054.616216216 -0.05211597 0.13396654 0.037278347 -0.08734881 -0.072691925 0.9875912 0.10839613
25800072.616216216 -0.047103174 0.14520773 0.03558406 -0.08643851 -0.07410404 0.98735243 0.11032725
25850089.616216216 -0.037903786 0.15156527 0.043848645 -0.086324856 -0.07207253 0.9877321 0.108346194
25900106.616216216 -0.031184165 0.16210419 0.043809325 -0.08594405 -0.07379836 0.98771805 0.10761283
25950123.616216216 -0.028449098 0.17381053 0.04488534 -0.08464292 -0.07421781 0.987984 0.10590037
26000141.866216216 -0.017848875 0.18189907 0.05179247 -0.086191386 -0.07586172 0.98808235 0.10251505
26050158.866216216 -0.015203304 0.19308455 0.050859354 -0.08422352 -0.07638435 0.98851484 0.099550545
26100175.616216216 -0.009968319 0.20207831 0.055864394 -0.08488163 -0.07679034 0.988715 0.09664901
26150192.616216216 -0.002127702 0.21147275 0.0644665 -0.08784622 -0.075610094 0.9888325 0.09368312
26200210.616216216 -0.0039304793 0.22189166 0.06224819 -0.090430886 -0.0753681 0.9889245 0.090389825
26250227.616216216 0.002311545 0.23134698 0.06156389 -0.0952688 -0.070389464 0.9891337 0.087084584
26300244.616216216 0.013753459 0.2402164 0.0757833 -0.09890994 -0.06912536 0.9890392 0.0850886
26350261.616216216 0.01942001 0.24441552 0.06320016 -0.09339103 -0.06503399 0.9898795 0.08477788
26400278.616216216 0.01949386 0.24886823 0.06319418 -0.08449709 -0.060701203 0.9906537 0.08820934
26450296.866216216 0.021812823 0.24898344 0.058113 -0.07852221 -0.053873975 0.99112374 0.0927667
26500313.866216216 0.030337118 0.25683662 0.06148113 -0.07670658 -0.047537353 0.99082524 0.10060644
26550330.616216216 0.040847443 0.26497117 0.051752817 -0.07572435 -0.043226212 0.9901561 0.109490834
26600347.616216216 0.04311217 0.27404338 0.05777903 -0.07167154 -0.037916582 0.98961735 0.11867224
26650365.616216216 0.051030263 0.28362042 0.053663056 -0.065770045 -0.031529173 0.98936594 0.12583828
26700382.616216216 0.056759052 0.29319873 0.05420586 -0.060462464 -0.027638543 0.9889905 0.13220567
26750399.616216216 0.056474283 0.3048301 0.060844578 -0.054415863 -0.022955872 0.98882276 0.13689992
26800416.616216216 0.06272789 0.3157642 0.06528571 -0.05026251 -0.020125503 0.98882425 0.13890754
26850434.866216216 0.06463884 0.32002857 0.0759428 -0.048923444 -0.018492978 0.98917425 0.13710897
26900451.866216216 0.06082095 0.3258083 0.092364565 -0.04971292 -0.019894518 0.9894309 0.13475673
26950468.616216216 0.057885166 0.34491572 0.09476892 -0.051313203 -0.02063243 0.9892946 0.13504651
27000485.616216216 0.060696524 0.35331059 0.09668697 -0.053987015 -0.022111434 0.9893092 0.13365565
27050503.616216216 0.061588734 0.36172223 0.101733394 -0.056064453 -0.024854016 0.98923945 0.13283223
27100520.616216216 0.061234973 0.3736464 0.10351716 -0.05875608 -0.026082551 0.98907757 0.13263893
27150537.616216216 0.06188635 0.38656196 0.102815606 -0.061434176 -0.025930736 0.9886719 0.13446687
27200554.616216216 0.062139004 0.39419606 0.105177775 -0.0653367 -0.026262501 0.9883113 0.135212
27250571.616216216 0.065401375 0.40402418 0.109011 -0.06912686 -0.024824107 0.9879359 0.13633765
27300589.866216216 0.06427792 0.4111153 0.11364137 -0.070378155 -0.020772526 0.98801 0.13583697
27350606.866216216 0.06692331 0.42008308 0.11765633 -0.072618425 -0.01963989 0.9878853 0.1357333
27400623.616216216 0.065140456 0.4299814 0.11437485 -0.074583 -0.015659638 0.98786163 0.13535747
27450640.616216216 0.07389786 0.43694887 0.12692764 -0.07663729 -0.011646613 0.9877838 0.13518244
27500658.616216216 0.0714593 0.43539634 0.13089283 -0.07335525 -0.009815758 0.98828954 0.1334414
27550675.616216216 0.06936741 0.44703862 0.13179535 -0.07202582 -0.0076103183 0.98836434 0.13375475
27600692.616216216 0.074353285 0.45250517 0.1461481 -0.07207098 -0.0069168615 0.9884029 0.13348311
27650709.616216216 0.0694805 0.46050227 0.1417812 -0.07087904 -0.006607432 0.9883654 0.13441144
27700727.866216216 0.0743407 0.45268908 0.13907908 -0.07258227 -0.00920696 0.98815393 0.13490343
27750744.866216216 0.0744137 0.45792753 0.13677426 -0.07548106 -0.010426995 0.98748004 0.13811974
