1504645453.185333 -0.000000 -0.000000 -0.000000 -0.000000 -0.000000 -0.000000 1.000000
1504645453.252000 -0.000000 -0.000000 -0.000000 -0.000000 -0.000000 -0.000000 1.000000
1504645453.318669 0.012700 -0.033869 0.047852 0.001721 0.002802 -0.000332 0.999995
1504645453.385344 0.012700 -0.033869 0.047852 0.001721 0.002802 -0.000332 0.999995
1504645453.452003 0.012700 -0.033869 0.047852 0.001721 0.002802 -0.000332 0.999995
1504645453.518670 0.030035 -0.089298 0.120275 0.000541 0.013778 0.000770 0.999905
1504645453.585340 0.030035 -0.089298 0.120275 0.000541 0.013778 0.000770 0.999905
1504645453.918668 0.082852 -0.193036 0.250407 0.009052 0.044498 0.007564 0.998940
1504645453.985332 0.082852 -0.193036 0.250407 0.009052 0.044498 0.007564 0.998940
1504645454.052003 0.096704 -0.228414 0.293372 0.011773 0.053175 0.010864 0.998457
1504645454.118667 0.096704 -0.228414 0.293372 0.011773 0.053175 0.010864 0.998457
1504645454.185333 0.096704 -0.228414 0.293372 0.011773 0.053175 0.010864 0.998457
1504645454.252014 0.108676 -0.275901 0.344364 0.003501 0.066244 0.017643 0.997641
1504645454.318670 0.108676 -0.275901 0.344364 0.003501 0.066244 0.017643 0.997641
1504645454.385332 0.108676 -0.275901 0.344364 0.003501 0.066244 0.017643 0.997641
1504645454.451999 0.122835 -0.321213 0.389264 -0.002884 0.075060 0.029594 0.996736
1504645454.518672 0.122835 -0.321213 0.389264 -0.002884 0.075060 0.029594 0.996736
1504645454.585337 0.119415 -0.344305 0.429129 -0.004183 0.080945 0.033648 0.996142
1504645454.651999 0.126713 -0.376336 0.433613 -0.011304 0.082647 0.032511 0.995984
1504645454.718672 0.124656 -0.395439 0.455660 -0.015651 0.086755 0.030767 0.995632
1504645454.785340 0.132044 -0.392585 0.496376 -0.012774 0.086749 0.033267 0.995593
1504645454.851998 0.133043 -0.413539 0.507807 -0.014635 0.087256 0.034260 0.995489
1504645454.918666 0.133474 -0.434437 0.534229 -0.015062 0.087767 0.034218 0.995439
1504645454.985332 0.129959 -0.460683 0.559233 -0.013446 0.088789 0.035909 0.995312
1504645455.051999 0.139486 -0.479191 0.580480 -0.011227 0.087824 0.038044 0.995346
1504645455.118665 0.136559 -0.491001 0.613475 -0.005448 0.089281 0.038004 0.995266
1504645455.185331 0.142873 -0.514904 0.641241 0.001110 0.090558 0.035576 0.995255
1504645455.252001 0.131770 -0.537143 0.672442 0.006057 0.094290 0.032475 0.994996
1504645455.318672 0.136172 -0.553889 0.703518 0.010402 0.094376 0.030649 0.995010
1504645455.385333 0.139777 -0.570868 0.731151 0.013727 0.093434 0.033385 0.994971
1504645455.452003 0.145648 -0.591785 0.754838 0.016309 0.092713 0.034694 0.994955
1504645455.518665 0.141865 -0.608814 0.784773 0.017966 0.094069 0.033927 0.994825
1504645455.585334 0.141347 -0.622711 0.807549 0.018838 0.093862 0.034766 0.994800
1504645455.652001 0.149077 -0.650356 0.822170 0.016175 0.092124 0.035853 0.994970
1504645455.718667 0.140396 -0.651352 0.848770 0.016450 0.091891 0.037161 0.994939
1504645455.785336 0.138802 -0.657055 0.871275 0.013787 0.091482 0.038765 0.994956
1504645455.852000 0.138933 -0.671525 0.887104 0.011591 0.091139 0.040726 0.994938
1504645455.918664 0.133781 -0.677304 0.905263 0.011516 0.092018 0.040695 0.994859
1504645455.985344 0.130785 -0.708012 0.919675 0.005552 0.092874 0.040769 0.994827
1504645456.052005 0.140373 -0.714447 0.937118 0.005724 0.091738 0.042618 0.994854
1504645456.118682 0.137930 -0.723838 0.957183 0.006109 0.093004 0.041459 0.994783
1504645456.185331 0.133139 -0.746368 0.971909 0.005229 0.094983 0.040489 0.994641
1504645456.252000 0.137564 -0.769241 0.980049 0.003611 0.095458 0.041176 0.994575
1504645456.318664 0.136991 -0.782686 0.997043 0.004410 0.096570 0.041115 0.994467
1504645456.385344 0.141394 -0.800063 1.012682 0.004564 0.097152 0.040196 0.994447
1504645456.452008 0.141652 -0.819450 1.024700 0.004019 0.100342 0.038321 0.994207
1504645456.518674 0.150788 -0.839339 1.036362 0.003146 0.100614 0.036736 0.994242
1504645456.585331 0.145728 -0.844513 1.055204 0.004700 0.103089 0.034233 0.994072
1504645456.652003 0.150849 -0.855653 1.072322 0.004486 0.103738 0.036218 0.993935
1504645456.718668 0.148283 -0.869822 1.089609 0.004389 0.106567 0.034530 0.993696
1504645456.785346 0.152280 -0.886785 1.099349 0.001662 0.110545 0.031141 0.993382
1504645456.851999 0.148151 -0.897284 1.123619 -0.000158 0.115289 0.027434 0.992953
1504645456.918688 0.145832 -0.906320 1.142805 -0.003395 0.118543 0.027286 0.992568
1504645456.985332 0.140127 -0.911413 1.157179 -0.005769 0.122358 0.027405 0.992091
1504645457.052000 0.138348 -0.923123 1.183954 -0.006163 0.124754 0.027129 0.991798
1504645457.118666 0.129785 -0.928739 1.210461 -0.005556 0.126424 0.027888 0.991569
1504645457.185332 0.116462 -0.931417 1.234824 -0.003516 0.127242 0.030833 0.991386
1504645457.252004 0.114229 -0.935345 1.259411 -0.001650 0.125129 0.034397 0.991543
1504645457.318671 0.098111 -0.946326 1.282739 -0.001042 0.124769 0.036056 0.991530
1504645457.385331 0.082630 -0.957495 1.316272 -0.001353 0.124601 0.037337 0.991503
1504645457.452021 0.059250 -0.964984 1.337071 -0.000422 0.124728 0.039462 0.991406
1504645457.518665 0.054663 -0.972440 1.367017 0.000519 0.120354 0.041438 0.991866
1504645457.585346 0.035780 -0.978399 1.391503 0.001982 0.117559 0.043174 0.992125
1504645457.651997 0.008922 -0.993071 1.417090 0.002235 0.115416 0.041073 0.992465
1504645457.718663 -0.006282 -1.009019 1.436356 0.002261 0.110400 0.039344 0.993106
1504645457.785334 -0.023162 -1.022211 1.460991 0.002830 0.105543 0.037729 0.993695
1504645457.851996 -0.041889 -1.038607 1.484792 0.002996 0.100112 0.035232 0.994348
1504645457.918663 -0.066691 -1.054745 1.510470 0.003085 0.094908 0.032804 0.994941
1504645457.985332 -0.090485 -1.069064 1.534668 0.004182 0.088718 0.029377 0.995615
1504645458.051997 -0.106348 -1.090536 1.556808 0.004188 0.081040 0.026340 0.996354
1504645458.118664 -0.128407 -1.106751 1.580693 0.005988 0.073683 0.022769 0.997004
1504645458.185330 -0.146713 -1.126760 1.601616 0.007233 0.066766 0.019250 0.997557
1504645458.252000 -0.167885 -1.150610 1.619101 0.007729 0.061058 0.016440 0.997969
1504645458.318664 -0.184840 -1.164567 1.640107 0.009188 0.055554 0.015409 0.998295
1504645458.385331 -0.218516 -1.177019 1.668737 0.008892 0.053709 0.012624 0.998437
1504645458.451998 -0.244288 -1.202757 1.684667 0.005450 0.050303 0.011610 0.998652
1504645458.518675 -0.257714 -1.218500 1.706877 0.006326 0.046491 0.009540 0.998853
1504645458.585357 -0.282809 -1.234630 1.726756 0.005679 0.044963 0.007852 0.998942
1504645458.651996 -0.306691 -1.240836 1.743823 0.006858 0.044124 0.005883 0.998985
1504645458.718661 -0.333024 -1.249269 1.770444 0.007136 0.043685 0.004427 0.999010
1504645458.785328 -0.362613 -1.256307 1.796665 0.007614 0.043198 0.003798 0.999030
1504645458.851998 -0.385736 -1.273537 1.820612 0.007683 0.040758 0.004170 0.999131
1504645458.918663 -0.411660 -1.278081 1.841317 0.009995 0.038025 0.004628 0.999216
1504645458.985329 -0.441699 -1.284385 1.860242 0.011142 0.035699 0.003333 0.999295
1504645459.051995 -0.461603 -1.296042 1.880445 0.011659 0.031433 0.002129 0.999436
1504645459.118664 -0.489203 -1.302138 1.902525 0.014758 0.027757 0.000703 0.999506
1504645459.185330 -0.517413 -1.309561 1.916968 0.017180 0.023085 -0.002023 0.999584
1504645459.251995 -0.544031 -1.326200 1.934709 0.017011 0.017022 -0.004455 0.999700
1504645459.318660 -0.571969 -1.340571 1.947781 0.016520 0.010854 -0.006544 0.999783
1504645459.385329 -0.597519 -1.354857 1.962858 0.015752 0.004535 -0.008765 0.999827
1504645459.451995 -0.632828 -1.365731 1.975518 0.014255 0.000066 -0.012026 0.999826
1504645459.518661 -0.664178 -1.370189 1.988320 0.013655 -0.004930 -0.014460 0.999790
1504645459.585327 -0.691410 -1.388157 1.995112 0.010822 -0.010830 -0.016777 0.999742
1504645459.651998 -0.719677 -1.400980 2.002940 0.009798 -0.016729 -0.018527 0.999640
1504645459.718661 -0.750380 -1.414586 2.011575 0.008615 -0.023681 -0.021573 0.999450
1504645459.785330 -0.779515 -1.424786 2.021005 0.008545 -0.030756 -0.024387 0.999193
1504645459.851994 -0.808195 -1.437732 2.031893 0.006858 -0.037872 -0.027026 0.998894
1504645459.918660 -0.839289 -1.444329 2.041376 0.007168 -0.044566 -0.030126 0.998526
1504645459.985329 -0.870328 -1.454908 2.048282 0.007796 -0.051179 -0.032585 0.998127
1504645460.051994 -0.903405 -1.462196 2.058753 0.009358 -0.057657 -0.036553 0.997623
1504645460.118661 -0.936839 -1.469191 2.064967 0.010647 -0.063443 -0.039056 0.997164
1504645460.185327 -0.973270 -1.476337 2.073949 0.011130 -0.069132 -0.042945 0.996621
1504645460.252000 -1.004264 -1.478872 2.084889 0.012641 -0.075978 -0.044887 0.996018
1504645460.318673 -1.035898 -1.484244 2.090317 0.013490 -0.082733 -0.046768 0.995382
1504645460.385326 -1.071524 -1.490316 2.100002 0.013772 -0.087412 -0.050117 0.994816
1504645460.451993 -1.106053 -1.490803 2.101937 0.014857 -0.092330 -0.052395 0.994238
1504645460.518661 -1.135326 -1.488767 2.111482 0.015835 -0.097670 -0.054098 0.993621
1504645460.585335 -1.175338 -1.496726 2.112844 0.014583 -0.100308 -0.056285 0.993256
1504645460.652071 -1.202119 -1.499787 2.111443 0.014018 -0.104195 -0.057457 0.992797
1504645460.718674 -1.236644 -1.499985 2.109710 0.014857 -0.106238 -0.058079 0.992532
1504645460.785331 -1.271870 -1.496149 2.116000 0.015548 -0.107890 -0.059317 0.992270
1504645460.852004 -1.305676 -1.499190 2.113690 0.014960 -0.108492 -0.060876 0.992119
1504645460.918662 -1.329494 -1.497162 2.113185 0.015700 -0.111155 -0.060664 0.991826
1504645460.985337 -1.367074 -1.497423 2.113348 0.014920 -0.109841 -0.062135 0.991893
1504645461.052000 -1.399106 -1.501984 2.113147 0.013613 -0.110685 -0.060886 0.991895
1504645461.118664 -1.425838 -1.500953 2.108690 0.012974 -0.112891 -0.058024 0.991827
1504645461.185336 -1.466502 -1.498677 2.099433 0.012363 -0.111616 -0.056277 0.992080
1504645461.252030 -1.491184 -1.492910 2.098170 0.012270 -0.112848 -0.053324 0.992104
1504645461.318659 -1.525710 -1.498710 2.089106 0.010494 -0.110932 -0.052107 0.992406
1504645461.385346 -1.539543 -1.487444 2.079395 0.013340 -0.112300 -0.050008 0.992326
1504645461.452020 -1.575060 -1.487422 2.070990 0.012846 -0.109584 -0.047991 0.992735
1504645461.518675 -1.598384 -1.492424 2.058718 0.011248 -0.109324 -0.046097 0.992873
1504645461.585346 -1.625176 -1.494580 2.051000 0.008463 -0.106392 -0.046168 0.993216
1504645461.652022 -1.648855 -1.491472 2.038557 0.007902 -0.103633 -0.043984 0.993611
1504645461.718662 -1.665718 -1.483298 2.023959 0.009969 -0.101990 -0.041362 0.993875
1504645461.785329 -1.693855 -1.495178 2.018589 0.006893 -0.098322 -0.040900 0.994290
1504645461.852037 -1.707386 -1.506509 2.003397 0.003198 -0.096353 -0.038096 0.994613
1504645461.918661 -1.727026 -1.505385 1.997325 0.000304 -0.093084 -0.037499 0.994952
1504645461.985345 -1.746761 -1.502032 1.987144 -0.001966 -0.090537 -0.034733 0.995285
1504645462.052008 -1.748270 -1.491910 1.972704 -0.002652 -0.090493 -0.030107 0.995438
1504645462.118658 -1.761262 -1.485154 1.959643 -0.005843 -0.088086 -0.028709 0.995682
1504645462.185330 -1.767032 -1.479491 1.951735 -0.009106 -0.087192 -0.024666 0.995845
1504645462.251998 -1.777610 -1.469150 1.947050 -0.012281 -0.085598 -0.021910 0.996013
1504645462.318662 -1.782171 -1.457664 1.938286 -0.013791 -0.084207 -0.019877 0.996155
1504645462.385348 -1.778730 -1.452046 1.936486 -0.014853 -0.083941 -0.020130 0.996157
1504645462.452016 -1.781505 -1.424214 1.935179 -0.008659 -0.083195 -0.017230 0.996347
1504645462.518766 -1.783728 -1.439185 1.934852 -0.012406 -0.081017 -0.020299 0.996429
1504645462.585340 -1.782313 -1.429444 1.943828 -0.010541 -0.080442 -0.019119 0.996520
1504645462.651991 -1.785968 -1.421086 1.950811 -0.009136 -0.079398 -0.017494 0.996648
1504645462.718672 -1.783616 -1.424867 1.947998 -0.007512 -0.075816 -0.018627 0.996920
1504645462.785380 -1.773591 -1.424808 1.953618 -0.005086 -0.073631 -0.020215 0.997068
1504645462.851992 -1.782708 -1.432368 1.955521 -0.004664 -0.069452 -0.021056 0.997352
1504645462.918681 -1.776704 -1.426046 1.961425 -0.001187 -0.068332 -0.021035 0.997440
1504645462.985328 -1.760072 -1.439843 1.961482 -0.004624 -0.069460 -0.021077 0.997351
1504645463.051995 -1.753330 -1.430053 1.977566 -0.002790 -0.070343 -0.020388 0.997311
1504645463.118664 -1.744102 -1.433655 1.981440 -0.003362 -0.068952 -0.020551 0.997403
1504645463.185328 -1.744015 -1.442272 1.989442 -0.002337 -0.066776 -0.021557 0.997532
1504645463.251997 -1.740706 -1.446780 1.988772 -0.001434 -0.065189 -0.021854 0.997633
1504645463.318669 -1.719933 -1.439589 2.003185 0.001859 -0.067390 -0.021147 0.997501
1504645463.385323 -1.700267 -1.446185 2.011380 0.001923 -0.067796 -0.023148 0.997429
1504645463.451993 -1.688258 -1.451463 2.012923 0.001909 -0.066687 -0.024031 0.997483
1504645463.518656 -1.666089 -1.456500 2.024420 0.002867 -0.067661 -0.026484 0.997353
1504645463.585340 -1.647607 -1.468271 2.030368 0.002875 -0.066618 -0.030336 0.997313
1504645463.651993 -1.629811 -1.472106 2.033879 0.003851 -0.065398 -0.032717 0.997315
1504645463.718656 -1.610674 -1.475899 2.039795 0.004530 -0.065892 -0.033724 0.997246
1504645463.785331 -1.589461 -1.485688 2.045975 0.003426 -0.066567 -0.035078 0.997159
1504645463.852002 -1.576714 -1.487052 2.052944 0.004081 -0.065942 -0.034067 0.997233
1504645463.918678 -1.562620 -1.489024 2.055895 0.004934 -0.066044 -0.032879 0.997263
1504645463.985337 -1.543379 -1.496364 2.058620 0.004231 -0.065497 -0.030936 0.997364
1504645464.052008 -1.519478 -1.494231 2.063551 0.005923 -0.065994 -0.029149 0.997377
1504645464.118658 -1.506007 -1.494196 2.068471 0.006148 -0.062549 -0.027801 0.997636
1504645464.185329 -1.483035 -1.500434 2.073825 0.005585 -0.061012 -0.026773 0.997762
1504645464.251991 -1.464100 -1.496785 2.083009 0.007295 -0.057458 -0.024826 0.998013
1504645464.318660 -1.445573 -1.500828 2.084001 0.007526 -0.053884 -0.022939 0.998255
1504645464.385326 -1.422923 -1.505231 2.088073 0.007868 -0.050744 -0.021189 0.998456
1504645464.452015 -1.402312 -1.499639 2.093731 0.009823 -0.046831 -0.019802 0.998658
1504645464.518656 -1.376065 -1.496699 2.097437 0.011629 -0.044503 -0.018350 0.998773
1504645464.585331 -1.354238 -1.502020 2.095099 0.010998 -0.040977 -0.016817 0.998958
1504645464.651996 -1.331468 -1.500902 2.095481 0.010019 -0.037280 -0.014264 0.999153
1504645464.718657 -1.310247 -1.500359 2.094924 0.007939 -0.033626 -0.013073 0.999317
1504645464.785323 -1.285397 -1.491610 2.097725 0.009075 -0.029865 -0.010723 0.999455
1504645464.851991 -1.261653 -1.487045 2.103193 0.009997 -0.025618 -0.008833 0.999583
1504645464.918658 -1.239573 -1.494007 2.102035 0.009625 -0.020239 -0.007621 0.999720
1504645464.985324 -1.212818 -1.493033 2.095730 0.010453 -0.015408 -0.005770 0.999810
1504645465.052001 -1.182657 -1.493359 2.092560 0.010285 -0.011161 -0.002597 0.999881
1504645465.118672 -1.163531 -1.490284 2.091578 0.010691 -0.004495 -0.002071 0.999931
1504645465.185348 -1.139957 -1.491468 2.087277 0.010501 0.001088 0.000086 0.999944
1504645465.251997 -1.110821 -1.488381 2.080769 0.010285 0.004389 0.002751 0.999934
1504645465.318655 -1.088160 -1.487043 2.077254 0.008607 0.009652 0.004917 0.999904
1504645465.385321 -1.067003 -1.484091 2.067188 0.005877 0.013498 0.009450 0.999847
1504645465.451990 -1.043805 -1.478547 2.062533 0.004004 0.016766 0.013553 0.999760
1504645465.518660 -1.021001 -1.477926 2.054045 0.002668 0.019776 0.017781 0.999643
1504645465.585333 -0.992622 -1.477874 2.050780 0.002655 0.021781 0.021505 0.999528
1504645465.651989 -0.968855 -1.478374 2.046633 0.003416 0.024668 0.023622 0.999411
1504645465.718654 -0.934833 -1.476732 2.038295 0.004141 0.026665 0.025606 0.999308
1504645465.785348 -0.906798 -1.478124 2.033825 0.004824 0.029178 0.027164 0.999193
1504645465.851988 -0.878284 -1.478986 2.027112 0.004243 0.032525 0.028134 0.999066
1504645465.918653 -0.849095 -1.479485 2.024636 0.003580 0.035953 0.028253 0.998948
1504645465.985321 -0.815868 -1.472333 2.017812 0.005239 0.038967 0.030318 0.998767
1504645466.052002 -0.790043 -1.473896 2.012789 0.006094 0.044554 0.030195 0.998532
1504645466.118656 -0.757796 -1.471542 2.006102 0.008686 0.049130 0.030343 0.998294
1504645466.185322 -0.729851 -1.468456 2.004798 0.010883 0.054088 0.029605 0.998038
1504645466.251987 -0.691833 -1.466206 2.001483 0.012397 0.057048 0.030862 0.997817
1504645466.318655 -0.655703 -1.463149 1.994545 0.014930 0.060596 0.031183 0.997563
1504645466.385325 -0.628411 -1.463802 1.987704 0.015986 0.065487 0.031588 0.997225
1504645466.452005 -0.593103 -1.461429 1.979869 0.015757 0.068792 0.033263 0.996952
1504645466.518659 -0.556814 -1.455617 1.971525 0.014526 0.071240 0.035314 0.996728
1504645466.585327 -0.521988 -1.461173 1.957241 0.011208 0.074543 0.037952 0.996432
1504645466.651989 -0.485142 -1.453328 1.946814 0.011543 0.076993 0.040770 0.996131
1504645466.718654 -0.451599 -1.456089 1.932892 0.010604 0.081318 0.042084 0.995743
1504645466.785322 -0.416952 -1.445647 1.922436 0.012376 0.085950 0.043665 0.995265
1504645466.851990 -0.382073 -1.451862 1.906103 0.009076 0.089876 0.046639 0.994819
1504645466.918660 -0.348209 -1.443726 1.894114 0.007938 0.093482 0.050102 0.994328
1504645466.985320 -0.311495 -1.442402 1.882335 0.007742 0.096867 0.052870 0.993862
1504645467.051989 -0.278028 -1.428990 1.868545 0.009615 0.101302 0.055205 0.993276
1504645467.118653 -0.236516 -1.427598 1.857295 0.009207 0.104924 0.057833 0.992755
1504645467.185320 -0.199543 -1.422988 1.845722 0.009662 0.108966 0.059951 0.992189
1504645467.251986 -0.162812 -1.413534 1.834829 0.010552 0.112924 0.061966 0.991613
1504645467.318659 -0.131421 -1.402875 1.821890 0.011723 0.118751 0.062609 0.990879
1504645467.385320 -0.085508 -1.394915 1.805685 0.012960 0.122103 0.063575 0.990394
1504645467.451993 -0.050417 -1.387427 1.793412 0.012610 0.126203 0.063817 0.989869
1504645467.518654 -0.017481 -1.386557 1.780100 0.011192 0.130061 0.065560 0.989273
1504645467.585319 0.019686 -1.368040 1.765125 0.012879 0.131968 0.067396 0.988876
1504645467.651986 0.047291 -1.347761 1.754049 0.015158 0.135938 0.068210 0.988250
1504645467.718652 0.085457 -1.350940 1.732671 0.011489 0.137061 0.068374 0.988133
1504645467.785320 0.113355 -1.329361 1.721288 0.012760 0.139074 0.068117 0.987854
1504645467.851990 0.150282 -1.311769 1.701809 0.012996 0.139078 0.069177 0.987777
1504645467.918655 0.181564 -1.294730 1.685909 0.012043 0.139513 0.069529 0.987703
1504645467.985331 0.209495 -1.282867 1.666009 0.009707 0.140448 0.069171 0.987621
1504645468.051993 0.240906 -1.272854 1.647922 0.008334 0.139863 0.069663 0.987682
1504645468.118653 0.270327 -1.255569 1.627027 0.009848 0.138369 0.069014 0.987924
1504645468.185323 0.304033 -1.250652 1.607382 0.008998 0.137021 0.066779 0.988274
1504645468.251995 0.331550 -1.245611 1.581705 0.008512 0.134709 0.065728 0.988666
1504645468.318662 0.347258 -1.243533 1.572193 0.008439 0.134274 0.062132 0.988959
1504645468.385326 0.378774 -1.241292 1.551793 0.008521 0.128722 0.060730 0.989783
1504645468.451990 0.401219 -1.233920 1.521557 0.010250 0.126105 0.055662 0.990401
1504645468.518653 0.439380 -1.235614 1.498208 0.008376 0.118362 0.053742 0.991480
1504645468.585323 0.456537 -1.241405 1.477419 0.006832 0.114259 0.051456 0.992094
1504645468.651996 0.482087 -1.240501 1.447615 0.006554 0.107471 0.048743 0.992991
1504645468.718665 0.499088 -1.237218 1.425464 0.008276 0.103286 0.043344 0.993672
1504645468.785318 0.527028 -1.234262 1.405510 0.007915 0.098213 0.038906 0.994373
1504645468.852005 0.557498 -1.238175 1.383064 0.005975 0.092590 0.033076 0.995137
1504645468.918653 0.587020 -1.246819 1.358214 0.004377 0.086934 0.030535 0.995736
1504645468.985323 0.595546 -1.226116 1.337156 0.007839 0.085687 0.024122 0.995999
1504645469.051988 0.612287 -1.228337 1.317275 0.007171 0.083266 0.020669 0.996287
1504645469.118653 0.622141 -1.221119 1.295070 0.007363 0.082440 0.016337 0.996435
1504645469.185356 0.644252 -1.211140 1.279475 0.006721 0.080829 0.013988 0.996607
1504645469.251991 0.658181 -1.197595 1.272875 0.006326 0.079795 0.010459 0.996736
1504645469.318655 0.670300 -1.180425 1.261017 0.006747 0.078700 0.005792 0.996859
1504645469.385329 0.681309 -1.171644 1.245066 0.006485 0.076580 0.002084 0.997040
1504645469.452003 0.692618 -1.145004 1.231228 0.007858 0.072628 0.001123 0.997328
1504645469.518675 0.689152 -1.125517 1.221978 0.008365 0.072035 -0.000907 0.997367
1504645469.585371 0.672907 -1.108500 1.200217 0.007061 0.070840 -0.001252 0.997462
1504645469.651986 0.676441 -1.082455 1.188916 0.007953 0.067631 -0.002042 0.997677
1504645469.718652 0.657547 -1.069157 1.178091 0.007064 0.067347 -0.002997 0.997700
1504645469.785322 0.649208 -1.052761 1.162514 0.005704 0.064789 -0.003476 0.997877
1504645469.851986 0.635067 -1.039457 1.145635 0.004252 0.061918 -0.002684 0.998069
1504645469.918658 0.618138 -1.025777 1.135239 0.003563 0.060469 -0.002466 0.998161
1504645469.985317 0.596573 -1.014052 1.125748 0.003076 0.059968 -0.002533 0.998192
1504645470.051999 0.587185 -1.003363 1.108436 0.002484 0.055579 0.003416 0.998445
1504645470.118653 0.553284 -0.998367 1.102063 -0.000577 0.053288 0.010806 0.998521
1504645470.185342 0.520974 -0.988865 1.085620 -0.000861 0.051281 0.017747 0.998526
1504645470.252014 0.501265 -0.989438 1.069378 -0.002260 0.049222 0.021379 0.998556
1504645470.318651 0.480879 -0.986056 1.057800 -0.003816 0.048608 0.022517 0.998557
1504645470.385318 0.447164 -0.973464 1.046746 -0.003600 0.049703 0.023009 0.998493
1504645470.451986 0.426596 -0.980810 1.034184 -0.006019 0.049911 0.023569 0.998457
1504645470.518652 0.405197 -0.984324 1.025533 -0.007721 0.050108 0.024569 0.998412
1504645470.585316 0.391894 -0.979987 1.012010 -0.008241 0.048771 0.025219 0.998458
1504645470.651983 0.356119 -0.979917 1.011476 -0.010118 0.051374 0.024244 0.998334
1504645470.718652 0.342938 -0.981969 0.995671 -0.012247 0.050208 0.024717 0.998358
1504645470.785316 0.321344 -0.991165 0.987251 -0.015731 0.050709 0.026445 0.998239
1504645470.851995 0.301258 -0.997034 0.983002 -0.016953 0.050738 0.026733 0.998210
1504645470.918653 0.284515 -1.002063 0.979575 -0.015325 0.050994 0.026840 0.998221
1504645470.985316 0.253555 -1.011208 0.976699 -0.014965 0.051591 0.029511 0.998120
1504645471.051983 0.223648 -1.018203 0.981477 -0.014691 0.052517 0.031486 0.998015
1504645471.118652 0.206624 -1.024468 0.984445 -0.012703 0.051232 0.035720 0.997967
1504645471.185316 0.198632 -1.040462 0.983024 -0.012405 0.049536 0.039405 0.997918
1504645471.251984 0.176459 -1.042038 0.993854 -0.009151 0.050153 0.039602 0.997914
1504645471.318652 0.174833 -1.039426 1.001221 -0.007433 0.048859 0.038457 0.998037
1504645471.385355 0.227501 -1.065076 1.001577 -0.010200 0.041318 0.039698 0.998305
1504645471.451987 0.155521 -1.056236 1.030931 -0.007583 0.052962 0.032508 0.998038
1504645471.518656 0.138000 -1.059110 1.033392 -0.009804 0.054193 0.029207 0.998055
1504645471.585329 0.131476 -1.062768 1.056204 -0.011130 0.053373 0.027346 0.998138
1504645471.651991 0.125976 -1.067884 1.065153 -0.013078 0.051147 0.026711 0.998248
1504645471.718650 0.111754 -1.077682 1.078609 -0.016239 0.049262 0.028721 0.998241
1504645471.785318 0.103695 -1.086153 1.100003 -0.019361 0.047377 0.030351 0.998228
1504645471.851995 0.091683 -1.099209 1.117035 -0.023686 0.045724 0.031209 0.998186
1504645471.918658 0.082523 -1.107045 1.140996 -0.025338 0.044710 0.031660 0.998177
1504645471.985315 0.076139 -1.107122 1.166841 -0.023220 0.043754 0.032808 0.998234
1504645472.051982 0.086245 -1.110342 1.191198 -0.020403 0.041085 0.029507 0.998511
1504645472.118651 0.081683 -1.131145 1.224296 -0.022110 0.041980 0.024996 0.998561
1504645472.185317 0.062363 -1.158042 1.249081 -0.023315 0.043602 0.021261 0.998551
1504645472.251983 0.065196 -1.156328 1.287059 -0.018539 0.042734 0.019840 0.998717
1504645472.318647 0.052837 -1.181538 1.324157 -0.014622 0.045730 0.015699 0.998724
1504645472.385317 0.054379 -1.202123 1.362421 -0.009010 0.048206 0.006409 0.998776
1504645472.451981 0.053069 -1.218954 1.400455 -0.003217 0.052387 -0.003697 0.998615
1504645472.518660 0.052548 -1.226464 1.448775 0.005174 0.054339 -0.009859 0.998460
1504645472.585327 0.042976 -1.246505 1.490144 0.010747 0.054987 -0.012957 0.998345
1504645472.651982 0.028606 -1.249666 1.533372 0.017114 0.056326 -0.016300 0.998133
1504645472.718649 0.016595 -1.269908 1.570465 0.018489 0.056215 -0.018214 0.998081
1504645472.785320 -0.000327 -1.270255 1.608240 0.021102 0.054183 -0.016692 0.998169
1504645472.851983 -0.025169 -1.277951 1.646285 0.022413 0.051953 -0.012532 0.998319
1504645472.918656 -0.047414 -1.295381 1.671584 0.021729 0.049110 -0.009290 0.998514
1504645472.985314 -0.077364 -1.300099 1.707288 0.022856 0.046831 -0.005241 0.998628
1504645473.051980 -0.107240 -1.308870 1.739797 0.023673 0.043311 -0.000562 0.998781
1504645473.118648 -0.137264 -1.316357 1.765678 0.024182 0.038183 0.006087 0.998960
1504645473.185325 -0.171118 -1.331338 1.793563 0.023278 0.034437 0.010974 0.999076
1504645473.251981 -0.203491 -1.332691 1.812846 0.025149 0.031222 0.011812 0.999126
1504645473.318647 -0.226882 -1.347574 1.828483 0.024249 0.027617 0.011461 0.999259
1504645473.385317 -0.260510 -1.359388 1.846767 0.023384 0.027099 0.010059 0.999309
1504645473.451982 -0.288716 -1.362950 1.863722 0.022855 0.024082 0.009376 0.999405
1504645473.518660 -0.320026 -1.376925 1.874428 0.019375 0.020894 0.008800 0.999555
1504645473.585347 -0.348996 -1.388863 1.887760 0.019028 0.018262 0.007497 0.999624
1504645473.651982 -0.379585 -1.397588 1.898719 0.019809 0.014770 0.006160 0.999676
1504645473.718649 -0.403434 -1.408759 1.905293 0.019004 0.010199 0.003967 0.999760
1504645473.785313 -0.426836 -1.421881 1.911432 0.018521 0.005835 0.002162 0.999809
1504645473.851983 -0.457155 -1.434279 1.920891 0.019736 0.002203 -0.000176 0.999803
1504645473.918647 -0.489114 -1.439071 1.928977 0.022746 -0.001392 -0.003663 0.999734
1504645473.985313 -0.517113 -1.452937 1.929884 0.022251 -0.004892 -0.006170 0.999721
1504645474.051980 -0.537152 -1.464267 1.932784 0.022052 -0.010402 -0.008101 0.999670
1504645474.118646 -0.568792 -1.468927 1.935393 0.022883 -0.012770 -0.013440 0.999566
1504645474.185317 -0.595847 -1.478674 1.934143 0.022652 -0.017014 -0.016661 0.999460
1504645474.251984 -0.620341 -1.492384 1.931483 0.021263 -0.020285 -0.019607 0.999376
1504645474.318647 -0.647679 -1.495985 1.929417 0.022215 -0.022176 -0.021582 0.999274
1504645474.385322 -0.671205 -1.510415 1.923732 0.020475 -0.025141 -0.023784 0.999191
1504645474.451985 -0.700440 -1.510852 1.919971 0.020184 -0.027027 -0.024993 0.999118
1504645474.518646 -0.727780 -1.516767 1.914126 0.015805 -0.030398 -0.023533 0.999136
1504645474.585319 -0.760003 -1.515411 1.903716 0.011112 -0.032992 -0.023444 0.999119
1504645474.651986 -0.786942 -1.514424 1.898911 0.006804 -0.036267 -0.023810 0.999035
1504645474.718687 -0.813384 -1.508622 1.893898 0.006603 -0.039899 -0.024676 0.998877
1504645474.785320 -0.845443 -1.503937 1.890676 0.005051 -0.043177 -0.026758 0.998696
1504645474.851981 -0.876526 -1.503486 1.884097 0.002376 -0.046701 -0.028020 0.998513
1504645474.918648 -0.900039 -1.495080 1.878480 0.001252 -0.051774 -0.030243 0.998200
1504645474.985314 -0.928144 -1.486099 1.875309 0.000627 -0.057277 -0.033297 0.997803
1504645475.051986 -0.960243 -1.481101 1.873690 -0.000752 -0.063652 -0.035094 0.997355
1504645475.118653 -0.987009 -1.479392 1.872204 -0.001713 -0.070255 -0.038294 0.996792
1504645475.185312 -1.017243 -1.473685 1.872517 -0.000366 -0.076694 -0.041413 0.996194
1504645475.251979 -1.050949 -1.470296 1.868605 0.000834 -0.083139 -0.045828 0.995483
1504645475.318646 -1.075667 -1.467512 1.869850 0.001959 -0.091717 -0.049174 0.994568
1504645475.385326 -1.113828 -1.468922 1.865271 0.003251 -0.097846 -0.051770 0.993849
1504645475.451984 -1.140169 -1.471141 1.868223 0.004532 -0.104545 -0.054969 0.992990
1504645475.518645 -1.165332 -1.461107 1.874656 0.008362 -0.111699 -0.056619 0.992093
1504645475.585312 -1.200239 -1.467213 1.871765 0.010673 -0.115872 -0.059574 0.991419
1504645475.651980 -1.226635 -1.462604 1.872979 0.014588 -0.120583 -0.060819 0.990731
1504645475.718649 -1.258317 -1.460047 1.866179 0.016550 -0.123481 -0.061788 0.990283
1504645475.785318 -1.288686 -1.457804 1.869005 0.017187 -0.126981 -0.064210 0.989675
1504645475.851983 -1.315284 -1.460026 1.863505 0.014193 -0.131874 -0.065915 0.988971
1504645475.918658 -1.345385 -1.460293 1.855959 0.011666 -0.136570 -0.069094 0.988149
1504645475.985315 -1.373301 -1.448752 1.847874 0.011261 -0.142702 -0.072582 0.987037
1504645476.051982 -1.396729 -1.449708 1.838393 0.008395 -0.149983 -0.074709 0.985826
1504645476.118665 -1.432328 -1.449337 1.828315 0.006216 -0.155445 -0.078562 0.984696
1504645476.185318 -1.451840 -1.443184 1.821330 0.006512 -0.163749 -0.081305 0.983124
1504645476.252004 -1.480455 -1.443603 1.807299 0.006623 -0.170684 -0.085648 0.981574
1504645476.318645 -1.502807 -1.445237 1.803073 0.007425 -0.178302 -0.089942 0.979829
1504645476.385326 -1.530216 -1.452989 1.791695 0.009630 -0.183312 -0.094101 0.978493
1504645476.451977 -1.553948 -1.458270 1.783210 0.012992 -0.188305 -0.097538 0.977169
1504645476.518645 -1.579068 -1.471096 1.768795 0.013357 -0.192228 -0.099302 0.976222
1504645476.585316 -1.600198 -1.471197 1.756152 0.014766 -0.195551 -0.100602 0.975408
1504645476.651977 -1.632876 -1.483993 1.741683 0.012431 -0.195960 -0.102560 0.975155
1504645476.718645 -1.655680 -1.497511 1.725594 0.010412 -0.197847 -0.103310 0.974718
1504645476.785323 -1.690051 -1.501130 1.709040 0.009014 -0.196849 -0.104645 0.974792
1504645476.852020 -1.710782 -1.508376 1.690177 0.006302 -0.197153 -0.103611 0.974862
1504645476.918663 -1.731800 -1.512334 1.673828 0.004422 -0.197070 -0.101547 0.975106
1504645476.985316 -1.755397 -1.535331 1.657390 -0.000007 -0.195877 -0.098457 0.975673
1504645477.051991 -1.777665 -1.534466 1.638567 -0.001694 -0.193384 -0.092825 0.976721
1504645477.118646 -1.804782 -1.544059 1.626951 -0.003498 -0.190414 -0.089337 0.977624
1504645477.185311 -1.815733 -1.564840 1.611056 -0.006811 -0.188454 -0.087011 0.978196
1504645477.252024 -1.836173 -1.556754 1.598247 -0.005148 -0.185151 -0.083785 0.979118
1504645477.318659 -1.856495 -1.556331 1.590943 -0.005617 -0.180711 -0.082763 0.980032
1504645477.385331 -1.880763 -1.563787 1.579798 -0.006734 -0.175270 -0.079620 0.981273
1504645477.451982 -1.893686 -1.561330 1.571190 -0.005947 -0.172005 -0.075712 0.982164
1504645477.518673 -1.910932 -1.566706 1.565581 -0.006027 -0.167752 -0.073680 0.983054
1504645477.585311 -1.924037 -1.577452 1.556383 -0.006383 -0.162915 -0.070287 0.984113
1504645477.651989 -1.940460 -1.562396 1.563886 -0.001599 -0.159391 -0.066704 0.984958
1504645477.718657 -1.965907 -1.563098 1.563048 -0.000150 -0.152799 -0.065611 0.986077
1504645477.785313 -1.964474 -1.573381 1.553293 -0.000771 -0.151262 -0.063596 0.986445
1504645477.851982 -1.968492 -1.560802 1.553465 0.002415 -0.148687 -0.060603 0.987023
1504645477.918651 -1.986178 -1.562711 1.554193 0.001562 -0.144906 -0.059331 0.987664
1504645477.985444 -1.991848 -1.561918 1.555400 0.001786 -0.141713 -0.055681 0.988339
1504645478.052052 -2.015039 -1.547793 1.561403 0.002353 -0.138077 -0.055375 0.988869
1504645478.118643 -2.007239 -1.552548 1.558714 0.001115 -0.139319 -0.052862 0.988835
1504645478.185330 -2.027632 -1.553867 1.564277 0.000041 -0.135912 -0.050347 0.989441
1504645478.251987 -2.032943 -1.544077 1.563242 -0.000415 -0.134776 -0.050902 0.989568
1504645478.318960 -2.009472 -1.556245 1.552490 -0.003247 -0.137657 -0.050651 0.989179
1504645478.385322 -2.019037 -1.542052 1.549947 -0.001755 -0.136209 -0.049337 0.989449
1504645478.451982 -2.016421 -1.540499 1.561951 -0.002329 -0.136244 -0.049464 0.989437
1504645478.518664 -2.008223 -1.512661 1.564534 0.003186 -0.137390 -0.045439 0.989469
1504645478.585358 -2.009800 -1.534838 1.564337 -0.000013 -0.136442 -0.047303 0.989518
1504645478.651998 -2.014237 -1.523751 1.568231 0.001463 -0.134696 -0.047913 0.989727
1504645478.718642 -1.990638 -1.534143 1.557226 -0.000339 -0.137863 -0.048021 0.989286
1504645478.785338 -1.989137 -1.540773 1.555841 -0.000756 -0.136149 -0.049339 0.989459
1504645478.851975 -1.966470 -1.544014 1.554151 -0.000710 -0.137568 -0.049350 0.989262
1504645478.918648 -1.939398 -1.545823 1.555961 -0.001138 -0.139818 -0.048457 0.988990
1504645478.985317 -1.939626 -1.566705 1.556098 -0.003070 -0.136080 -0.050052 0.989428
1504645479.051975 -1.918634 -1.571152 1.566703 -0.000499 -0.136016 -0.050314 0.989428
1504645479.118646 -1.894826 -1.576239 1.559799 0.001298 -0.134578 -0.051555 0.989560
1504645479.185309 -1.879993 -1.585202 1.567181 0.001958 -0.132565 -0.051368 0.989840
1504645479.251981 -1.855055 -1.579158 1.572854 0.007102 -0.131367 -0.049837 0.990055
1504645479.318641 -1.822247 -1.577483 1.574339 0.012790 -0.130725 -0.048730 0.990138
1504645479.385311 -1.805478 -1.591419 1.573894 0.013731 -0.126420 -0.049695 0.990636
1504645479.451984 -1.779183 -1.587256 1.581201 0.015752 -0.124332 -0.049325 0.990889
1504645479.518641 -1.746985 -1.590928 1.580829 0.013771 -0.122641 -0.048303 0.991179
1504645479.585308 -1.723382 -1.597345 1.578605 0.010212 -0.119694 -0.046245 0.991681
1504645479.651980 -1.691254 -1.600514 1.583490 0.006726 -0.118167 -0.044654 0.991966
1504645479.718644 -1.672865 -1.589227 1.588864 0.006860 -0.114370 -0.044147 0.992433
1504645479.785321 -1.642299 -1.576566 1.598024 0.008878 -0.111313 -0.043138 0.992809
1504645479.851976 -1.612391 -1.581344 1.600897 0.006426 -0.106541 -0.043607 0.993331
1504645479.918643 -1.581578 -1.576683 1.603808 0.003440 -0.101570 -0.043651 0.993864
1504645479.985310 -1.555988 -1.569559 1.610384 -0.000811 -0.095402 -0.044078 0.994462
1504645480.051974 -1.526362 -1.557026 1.614328 -0.003175 -0.089491 -0.042286 0.995085
1504645480.118642 -1.489490 -1.550327 1.623977 -0.004867 -0.085314 -0.040693 0.995511
1504645480.185310 -1.460492 -1.532999 1.634843 -0.003948 -0.080450 -0.039078 0.995985
1504645480.251987 -1.429371 -1.523490 1.647556 -0.005291 -0.075419 -0.037982 0.996414
1504645480.318642 -1.409799 -1.519256 1.657012 -0.007185 -0.068633 -0.037825 0.996899
1504645480.385316 -1.386287 -1.501201 1.672453 -0.006645 -0.063215 -0.036152 0.997323
1504645480.451976 -1.360953 -1.490694 1.690572 -0.007119 -0.059168 -0.033913 0.997647
1504645480.518641 -1.332510 -1.476361 1.710440 -0.005471 -0.055525 -0.032460 0.997915
1504645480.585308 -1.298959 -1.466959 1.724469 -0.002852 -0.051826 -0.030969 0.998172
1504645480.651975 -1.276106 -1.454673 1.744383 -0.000132 -0.048143 -0.029997 0.998390
1504645480.718643 -1.252070 -1.441297 1.760831 0.003125 -0.045652 -0.028867 0.998535
1504645480.785308 -1.230920 -1.442088 1.776263 0.004873 -0.043294 -0.027101 0.998683
1504645480.851976 -1.206757 -1.431208 1.800878 0.008671 -0.042357 -0.024924 0.998754
1504645480.918641 -1.193189 -1.425307 1.815233 0.011165 -0.040704 -0.023811 0.998825
1504645480.985308 -1.168362 -1.414744 1.832247 0.014395 -0.039637 -0.020258 0.998905
1504645481.051980 -1.148793 -1.412230 1.846022 0.014878 -0.038731 -0.019358 0.998951
1504645481.118652 -1.132714 -1.400535 1.855769 0.015129 -0.037192 -0.015713 0.999070
1504645481.185317 -1.108769 -1.403876 1.866527 0.010734 -0.036634 -0.012721 0.999190
1504645481.251975 -1.088571 -1.396208 1.877080 0.009053 -0.035436 -0.010023 0.999281
1504645481.318644 -1.068287 -1.387965 1.891075 0.009459 -0.033077 -0.007945 0.999376
1504645481.385317 -1.044330 -1.392421 1.898880 0.008109 -0.030767 -0.006969 0.999469
1504645481.451985 -1.016499 -1.378757 1.913801 0.009610 -0.028440 -0.004500 0.999539
1504645481.518664 -0.985437 -1.379578 1.920504 0.009314 -0.025457 -0.003446 0.999627
1504645481.585335 -0.957526 -1.379244 1.929842 0.010171 -0.022136 -0.003486 0.999697
1504645481.651973 -0.931886 -1.379097 1.940319 0.011003 -0.018293 -0.003221 0.999767
1504645481.718639 -0.908621 -1.376211 1.949376 0.012309 -0.013356 -0.003134 0.999830
1504645481.785306 -0.878989 -1.374899 1.956530 0.012167 -0.009842 -0.001353 0.999877
1504645481.851973 -0.849712 -1.366197 1.964465 0.013514 -0.006637 0.000541 0.999887
1504645481.918643 -0.827677 -1.370053 1.971803 0.013148 -0.001806 0.001408 0.999911
1504645481.985308 -0.800811 -1.373269 1.976411 0.013449 0.001668 0.003561 0.999902
1504645482.051982 -0.776541 -1.369812 1.979855 0.013552 0.006127 0.004820 0.999878
1504645482.118642 -0.747863 -1.366992 1.983792 0.014068 0.008360 0.006076 0.999848
1504645482.185305 -0.724406 -1.373424 1.983021 0.013386 0.011640 0.008097 0.999810
1504645482.251974 -0.699641 -1.373553 1.985025 0.014011 0.014580 0.009803 0.999748
1504645482.318639 -0.672834 -1.372047 1.985969 0.015382 0.016083 0.011894 0.999682
1504645482.385306 -0.644666 -1.381875 1.978450 0.014146 0.017491 0.014080 0.999648
1504645482.451974 -0.613401 -1.389151 1.977796 0.013991 0.018454 0.015093 0.999618
1504645482.518681 -0.587331 -1.399474 1.974727 0.013652 0.020151 0.014955 0.999592
1504645482.585308 -0.560614 -1.403176 1.969451 0.016332 0.021765 0.014568 0.999524
1504645482.652006 -0.533676 -1.412671 1.962678 0.017111 0.023448 0.015020 0.999466
1504645482.718647 -0.506701 -1.420331 1.953355 0.017793 0.024778 0.015061 0.999421
1504645482.785309 -0.480031 -1.433031 1.945976 0.017526 0.025931 0.015369 0.999392
1504645482.851979 -0.449437 -1.447515 1.931812 0.018122 0.026048 0.016154 0.999366
1504645482.918655 -0.422030 -1.453017 1.921490 0.020276 0.027710 0.016484 0.999274
1504645482.985309 -0.396526 -1.461626 1.907816 0.020911 0.030884 0.016200 0.999173
1504645483.051975 -0.364996 -1.468443 1.894817 0.019829 0.033595 0.016348 0.999105
1504645483.118638 -0.338759 -1.477528 1.881027 0.018435 0.036886 0.015514 0.999029
1504645483.185304 -0.308934 -1.482468 1.862257 0.018001 0.039153 0.015573 0.998950
1504645483.251975 -0.273960 -1.490873 1.850509 0.016279 0.041338 0.017011 0.998868
1504645483.318646 -0.250393 -1.492464 1.833618 0.015091 0.046074 0.016751 0.998684
1504645483.385303 -0.214635 -1.502554 1.817950 0.013349 0.048420 0.018153 0.998573
1504645483.451979 -0.186203 -1.502423 1.806062 0.013441 0.051946 0.019181 0.998375
1504645483.518637 -0.157710 -1.508581 1.787949 0.011938 0.055587 0.020017 0.998182
1504645483.585307 -0.134562 -1.514264 1.769824 0.010213 0.060050 0.022175 0.997897
1504645483.652007 -0.110650 -1.518716 1.758831 0.009533 0.063243 0.025007 0.997639
1504645483.718663 -0.084595 -1.517691 1.741559 0.008288 0.065569 0.030283 0.997354
1504645483.785314 -0.067177 -1.517859 1.730486 0.006853 0.068573 0.033853 0.997048
1504645483.851981 -0.048831 -1.519404 1.712888 0.007641 0.071710 0.035138 0.996777
1504645483.918637 -0.019686 -1.518614 1.706015 0.008510 0.073885 0.037359 0.996531
1504645483.985304 0.008073 -1.515921 1.690116 0.009555 0.075935 0.038450 0.996325
1504645484.051973 0.028506 -1.517291 1.679991 0.008977 0.079305 0.036784 0.996131
1504645484.118654 0.059259 -1.511883 1.663219 0.009512 0.080954 0.036049 0.996020
1504645484.185319 0.080759 -1.506261 1.648894 0.010544 0.082690 0.035112 0.995901
1504645484.251976 0.093467 -1.496058 1.641251 0.010923 0.085220 0.034127 0.995718
1504645484.318642 0.108338 -1.494747 1.624804 0.009611 0.086541 0.033244 0.995647
1504645484.385303 0.135112 -1.485524 1.617705 0.010141 0.086182 0.033457 0.995666
1504645484.451971 0.155239 -1.477069 1.609230 0.008900 0.085987 0.032750 0.995718
1504645484.518639 0.171614 -1.467331 1.597171 0.006590 0.085985 0.032839 0.995733
1504645484.585306 0.204355 -1.461896 1.579569 0.005626 0.083347 0.032646 0.995970
1504645484.651970 0.216982 -1.446198 1.581017 0.006592 0.084026 0.031543 0.995942
1504645484.718638 0.230853 -1.437043 1.571671 0.006800 0.084146 0.032244 0.995908
1504645484.785304 0.253579 -1.426345 1.562157 0.008373 0.082372 0.032467 0.996037
1504645484.851973 0.261862 -1.420574 1.559600 0.007863 0.083284 0.032647 0.995960
1504645484.918648 0.282606 -1.418162 1.553005 0.007534 0.082671 0.032222 0.996027
1504645484.985311 0.295957 -1.407756 1.548113 0.009178 0.082363 0.030445 0.996095
1504645485.052016 0.306851 -1.396026 1.545735 0.013379 0.081721 0.030206 0.996108
1504645485.118659 0.322595 -1.397981 1.541943 0.016281 0.082277 0.029205 0.996048
1504645485.185331 0.338950 -1.389378 1.531802 0.019653 0.082225 0.027958 0.996028
1504645485.252003 0.347088 -1.386440 1.526939 0.020025 0.084650 0.025292 0.995888
1504645485.318639 0.363235 -1.379954 1.515545 0.020263 0.085166 0.021511 0.995929
1504645485.385302 0.374917 -1.374774 1.507122 0.019355 0.085637 0.018765 0.995962
1504645485.451977 0.376379 -1.375985 1.495685 0.017295 0.088099 0.017024 0.995816
1504645485.518641 0.385886 -1.357345 1.484319 0.019536 0.087960 0.014690 0.995824
1504645485.585320 0.382237 -1.331856 1.474495 0.022900 0.089374 0.012297 0.995659
1504645485.651978 0.384983 -1.321183 1.457361 0.022434 0.089719 0.010222 0.995662
1504645485.718652 0.386938 -1.314530 1.449617 0.020841 0.089181 0.011197 0.995734
1504645485.785323 0.395454 -1.293548 1.444078 0.021966 0.086268 0.011267 0.995966
1504645485.851976 0.388212 -1.273328 1.430078 0.022476 0.085634 0.013108 0.995987
1504645485.918636 0.390080 -1.272175 1.413728 0.020239 0.083285 0.013040 0.996235
1504645485.985303 0.368172 -1.251602 1.401653 0.021466 0.084665 0.013606 0.996085
1504645486.051980 0.363836 -1.236395 1.391361 0.021684 0.083545 0.013985 0.996170
1504645486.118643 0.340639 -1.235401 1.359680 0.020001 0.084563 0.015108 0.996103
1504645486.185306 0.321847 -1.229014 1.335224 0.018660 0.084627 0.014859 0.996127
1504645486.251972 0.306153 -1.212189 1.318311 0.020510 0.084013 0.015443 0.996134
1504645486.318655 0.278209 -1.203337 1.299070 0.021174 0.084721 0.017197 0.996031
1504645486.385309 0.262097 -1.193758 1.279908 0.021739 0.082238 0.021685 0.996140
1504645486.451985 0.231935 -1.185148 1.256897 0.022645 0.081923 0.024221 0.996087
1504645486.518656 0.214230 -1.186656 1.231789 0.022029 0.080515 0.025247 0.996190
1504645486.585304 0.190939 -1.170366 1.222917 0.025885 0.080661 0.025412 0.996081
1504645486.651969 0.154349 -1.161562 1.183938 0.029337 0.081804 0.024624 0.995912
1504645486.718640 0.134936 -1.157401 1.154040 0.032272 0.080403 0.024502 0.995939
1504645486.785303 0.108769 -1.139003 1.124264 0.034748 0.079827 0.024537 0.995901
1504645486.852029 0.087985 -1.117528 1.102552 0.035568 0.077784 0.025325 0.996014
1504645486.918642 0.043886 -1.099264 1.066376 0.035548 0.079331 0.024708 0.995908
1504645486.985321 0.046930 -1.107029 1.036416 0.030985 0.074033 0.026949 0.996410
1504645487.051982 -0.011474 -1.054146 1.014784 0.037732 0.076529 0.024908 0.996042
1504645487.118668 -0.063096 -1.031788 0.985347 0.037844 0.077924 0.024887 0.995930
1504645487.185301 -0.096346 -0.999339 0.952129 0.037227 0.077106 0.026283 0.995981
1504645487.251975 -0.121181 -0.987179 0.912012 0.030257 0.072796 0.030441 0.996423
1504645487.318637 -0.168228 -0.948647 0.878992 0.027256 0.072015 0.034943 0.996419
1504645487.385300 -0.204384 -0.915698 0.845830 0.024348 0.070238 0.037063 0.996544
1504645487.451967 -0.239025 -0.875149 0.815423 0.024227 0.068667 0.039335 0.996570
1504645487.518634 -0.271422 -0.845400 0.780467 0.023218 0.066909 0.042592 0.996579
1504645487.585299 -0.310682 -0.816685 0.746328 0.021183 0.065901 0.044949 0.996588
1504645487.651967 -0.336409 -0.775635 0.710733 0.022916 0.063839 0.045902 0.996641
1504645487.718634 -0.366160 -0.749109 0.665230 0.024158 0.063859 0.046562 0.996579
1504645487.785313 -0.399262 -0.704498 0.635976 0.028022 0.064240 0.043942 0.996573
1504645487.851966 -0.437511 -0.669446 0.593234 0.027683 0.066228 0.042709 0.996506
1504645487.918637 -0.469371 -0.632104 0.555208 0.027218 0.066750 0.042170 0.996507
1504645487.985300 -0.496804 -0.595884 0.507663 0.026691 0.065864 0.043200 0.996536
1504645488.051969 -0.522557 -0.551261 0.468142 0.025300 0.065009 0.044604 0.996566
1504645488.118633 -0.548336 -0.504117 0.425547 0.021957 0.063532 0.047141 0.996624
1504645488.185300 -0.575144 -0.461039 0.379457 0.020579 0.062841 0.050351 0.996540
1504645488.251966 -0.599282 -0.416096 0.335726 0.021966 0.061123 0.052794 0.996491
1504645488.318635 -0.630081 -0.378003 0.286320 0.021799 0.061855 0.052553 0.996462
1504645488.385300 -0.647162 -0.333413 0.238757 0.022972 0.059512 0.052733 0.996569
1504645488.451966 -0.670389 -0.294626 0.188418 0.022665 0.057603 0.053158 0.996666
1504645488.518639 -0.694147 -0.249021 0.133325 0.021620 0.053763 0.053738 0.996872
1504645488.585302 -0.712942 -0.210680 0.075861 0.016390 0.048925 0.053828 0.997216
1504645488.651966 -0.728751 -0.161768 0.025223 0.011914 0.043418 0.051495 0.997658
1504645488.718633 -0.738907 -0.124561 -0.037018 0.007256 0.036609 0.048671 0.998117
1504645488.785299 -0.747058 -0.077537 -0.091417 0.006032 0.029328 0.045274 0.998526
1504645488.851966 -0.754489 -0.037051 -0.143700 0.003719 0.022373 0.041954 0.998862
1504645488.918632 -0.758782 0.007928 -0.200082 -0.000377 0.014295 0.039514 0.999117
1504645488.985299 -0.765194 0.052054 -0.248898 -0.005756 0.006316 0.037094 0.999275
1504645489.051966 -0.762900 0.092963 -0.303740 -0.010260 -0.001985 0.034316 0.999356
1504645489.118632 -0.761129 0.137187 -0.350364 -0.012971 -0.009725 0.030155 0.999414
1504645489.185299 -0.755513 0.181145 -0.397258 -0.012357 -0.017003 0.024524 0.999478
1504645489.251965 -0.751512 0.221236 -0.438693 -0.010804 -0.021263 0.017595 0.999561
1504645489.318632 -0.737538 0.259329 -0.482189 -0.007750 -0.026467 0.011061 0.999559
1504645489.385300 -0.722159 0.297658 -0.520547 -0.004220 -0.030918 0.003667 0.999506
1504645489.451966 -0.704083 0.333453 -0.562644 -0.001334 -0.035314 -0.004199 0.999367
1504645489.518632 -0.690518 0.367740 -0.602670 0.000704 -0.038778 -0.011966 0.999176
1504645489.585299 -0.671668 0.401543 -0.640356 0.003836 -0.043244 -0.015850 0.998932
1504645489.651965 -0.650962 0.428983 -0.671750 0.006253 -0.048261 -0.020129 0.998612
1504645489.718633 -0.624825 0.461060 -0.713783 0.008275 -0.055157 -0.021076 0.998221
1504645489.785300 -0.622401 0.494474 -0.748258 0.003165 -0.058950 -0.022148 0.998010
1504645489.851966 -0.608392 0.522803 -0.787217 -0.002936 -0.063339 -0.024634 0.997684
1504645489.918632 -0.587577 0.545737 -0.818618 -0.005920 -0.068011 -0.026671 0.997311
1504645489.985300 -0.570816 0.563313 -0.873111 -0.009148 -0.070226 -0.028988 0.997068
1504645490.051975 -0.548843 0.584096 -0.915198 -0.015696 -0.073702 -0.028713 0.996743
1504645490.118631 -0.530242 0.603518 -0.953666 -0.023215 -0.075855 -0.030524 0.996381
1504645490.185299 -0.504050 0.618520 -0.989643 -0.029666 -0.078356 -0.031679 0.995980
1504645490.251964 -0.482690 0.630934 -1.023730 -0.035115 -0.079481 -0.034144 0.995632
1504645490.318632 -0.474102 0.646248 -1.046890 -0.037168 -0.078682 -0.035449 0.995576
1504645490.385298 -0.459196 0.661247 -1.057858 -0.038101 -0.080217 -0.039316 0.995273
1504645490.451973 -0.444094 0.655323 -1.085241 -0.039391 -0.079018 -0.042817 0.995174
1504645490.518635 -0.440182 0.650803 -1.110680 -0.039287 -0.076328 -0.046685 0.995214
1504645490.585301 -0.415861 0.651378 -1.118967 -0.038001 -0.076415 -0.050082 0.995092
1504645490.651981 -0.424078 0.636422 -1.133297 -0.039041 -0.072682 -0.050559 0.995307
1504645490.718637 -0.382604 0.626903 -1.132021 -0.038252 -0.077109 -0.051978 0.994932
1504645490.785298 -0.364485 0.615139 -1.146557 -0.037392 -0.078311 -0.052283 0.994855
1504645490.851977 -0.341558 0.598378 -1.156719 -0.036708 -0.080722 -0.052008 0.994702
1504645490.918637 -0.344453 0.582607 -1.154963 -0.037626 -0.078789 -0.050779 0.994886
1504645490.985308 -0.324210 0.566715 -1.148205 -0.036718 -0.079959 -0.049030 0.994914
1504645491.051965 -0.309470 0.548323 -1.138677 -0.036732 -0.080823 -0.048388 0.994875
1504645491.118648 -0.300542 0.550549 -1.103248 -0.034925 -0.081005 -0.049173 0.994887
1504645491.185325 -0.289236 0.516873 -1.102610 -0.037263 -0.081417 -0.049899 0.994733
1504645491.251963 -0.281111 0.472721 -1.098085 -0.038673 -0.080622 -0.051164 0.994679
1504645491.318634 -0.268992 0.456593 -1.068734 -0.036049 -0.081529 -0.051266 0.994699
1504645491.385319 -0.268407 0.438296 -1.034136 -0.034244 -0.081074 -0.050232 0.994852
1504645491.451964 -0.277307 0.413787 -1.009696 -0.033117 -0.080302 -0.050605 0.994934
1504645491.518634 -0.264977 0.389609 -0.976022 -0.031003 -0.081407 -0.050004 0.994943
1504645491.585296 -0.261289 0.362871 -0.934251 -0.028033 -0.082551 -0.050275 0.994923
1504645491.651967 -0.257081 0.337388 -0.892870 -0.022119 -0.084271 -0.050460 0.994919
1504645491.718633 -0.257112 0.310702 -0.850341 -0.014602 -0.084124 -0.051582 0.995012
1504645491.785299 -0.260086 0.286138 -0.808972 -0.008903 -0.085220 -0.052011 0.994964
1504645491.851965 -0.257498 0.258902 -0.765759 -0.007095 -0.085709 -0.051668 0.994954
1504645491.918633 -0.261224 0.240808 -0.716731 -0.005498 -0.086149 -0.052539 0.994881
1504645491.985303 -0.261489 0.218128 -0.670283 -0.005729 -0.086502 -0.053204 0.994814
1504645492.051966 -0.269601 0.179393 -0.641662 -0.007362 -0.085919 -0.053775 0.994823
1504645492.118629 -0.275159 0.150093 -0.592747 -0.004463 -0.086816 -0.054149 0.994742
1504645492.185296 -0.272677 0.118195 -0.551310 0.000562 -0.088109 -0.053243 0.994687
1504645492.251962 -0.280361 0.088158 -0.505068 0.005713 -0.088523 -0.053156 0.994638
1504645492.318629 -0.285413 0.052336 -0.466463 0.008119 -0.088381 -0.053680 0.994606
1504645492.385298 -0.290622 0.022455 -0.425188 0.010132 -0.088802 -0.053387 0.994566
1504645492.451968 -0.296752 -0.012095 -0.382755 0.010546 -0.088770 -0.054039 0.994529
1504645492.518629 -0.308810 -0.050643 -0.350227 0.010249 -0.087109 -0.055588 0.994594
1504645492.585302 -0.315037 -0.085073 -0.314514 0.008386 -0.086294 -0.054750 0.994729
1504645492.651964 -0.328167 -0.118742 -0.280925 0.004907 -0.084647 -0.055408 0.994857
1504645492.718632 -0.335765 -0.152655 -0.250835 0.000220 -0.083349 -0.055856 0.994954
1504645492.785316 -0.340637 -0.193967 -0.219940 -0.005267 -0.082605 -0.053499 0.995131
1504645492.851963 -0.357934 -0.235893 -0.191040 -0.007935 -0.080182 -0.054772 0.995243
1504645492.918635 -0.367488 -0.277179 -0.158290 -0.008783 -0.079423 -0.053163 0.995384
1504645492.985295 -0.385600 -0.317988 -0.129930 -0.008578 -0.077054 -0.052420 0.995611
1504645493.051967 -0.405734 -0.357625 -0.099383 -0.008870 -0.074500 -0.052135 0.995818
1504645493.118631 -0.423693 -0.404844 -0.065800 -0.011019 -0.072178 -0.051206 0.996016
1504645493.185295 -0.437685 -0.451089 -0.033530 -0.011765 -0.070871 -0.050094 0.996157
1504645493.251963 -0.453259 -0.494713 0.001495 -0.012521 -0.069572 -0.046856 0.996397
1504645493.318628 -0.477140 -0.539732 0.034053 -0.013534 -0.068082 -0.043320 0.996647
1504645493.385296 -0.494415 -0.586562 0.061228 -0.014526 -0.067372 -0.039681 0.996833
1504645493.451961 -0.526001 -0.635890 0.101170 -0.016108 -0.065274 -0.035385 0.997110
1504645493.518629 -0.547225 -0.681818 0.137268 -0.017260 -0.064875 -0.032298 0.997221
1504645493.585297 -0.563243 -0.725434 0.180386 -0.015868 -0.065357 -0.028024 0.997342
1504645493.651962 -0.576102 -0.773196 0.226472 -0.015616 -0.066942 -0.024390 0.997337
1504645493.718631 -0.604468 -0.809803 0.268239 -0.015088 -0.065467 -0.022114 0.997496
1504645493.785295 -0.630521 -0.851056 0.310545 -0.016727 -0.063697 -0.022283 0.997580
1504645493.851961 -0.639809 -0.887186 0.364039 -0.017701 -0.064958 -0.020258 0.997525
1504645493.918628 -0.667061 -0.928554 0.412505 -0.020165 -0.062857 -0.020581 0.997607
1504645493.985295 -0.681783 -0.964161 0.471160 -0.019809 -0.063424 -0.020925 0.997571
1504645494.051964 -0.687260 -0.997352 0.525436 -0.020059 -0.064558 -0.021017 0.997491
1504645494.118627 -0.700003 -1.046958 0.584026 -0.023107 -0.063604 -0.022651 0.997451
1504645494.185294 -0.710698 -1.080940 0.643875 -0.020724 -0.063278 -0.023682 0.997500
1504645494.251961 -0.729037 -1.094534 0.714405 -0.014261 -0.061153 -0.025953 0.997689
1504645494.318627 -0.734246 -1.141694 0.776087 -0.013106 -0.060868 -0.027572 0.997679
1504645494.385294 -0.743836 -1.182348 0.841562 -0.011093 -0.060287 -0.029564 0.997681
1504645494.451969 -0.761169 -1.202145 0.912705 -0.006245 -0.058122 -0.032917 0.997747
1504645494.518627 -0.765644 -1.243827 0.976593 -0.004041 -0.058165 -0.035037 0.997684
1504645494.585296 -0.771319 -1.279458 1.052072 0.000096 -0.056906 -0.036764 0.997702
1504645494.651960 -0.779944 -1.309223 1.121076 0.005942 -0.056605 -0.038571 0.997634
1504645494.718636 -0.790308 -1.347498 1.187969 0.012114 -0.056344 -0.039954 0.997538
1504645494.785292 -0.804971 -1.375262 1.255370 0.019471 -0.055417 -0.041425 0.997414
1504645494.852015 -0.814264 -1.413047 1.321284 0.021661 -0.054761 -0.042533 0.997358
1504645494.918629 -0.816050 -1.438244 1.388652 0.022236 -0.056282 -0.042716 0.997253
1504645494.985296 -0.835542 -1.465526 1.447729 0.022639 -0.055034 -0.043613 0.997275
1504645495.051965 -0.841483 -1.487319 1.514781 0.023406 -0.055818 -0.044332 0.997182
1504645495.118631 -0.862913 -1.516905 1.569048 0.021910 -0.055480 -0.045251 0.997193
1504645495.185295 -0.862736 -1.530660 1.638740 0.023593 -0.057289 -0.043970 0.997110
1504645495.251961 -0.870172 -1.545956 1.699927 0.024605 -0.059285 -0.043844 0.996974
1504645495.318626 -0.883762 -1.564181 1.758381 0.026829 -0.059587 -0.044343 0.996877
1504645495.385321 -0.894224 -1.578091 1.815741 0.029331 -0.059739 -0.044778 0.996778
1504645495.451965 -0.909829 -1.605425 1.866166 0.029042 -0.059016 -0.045529 0.996795
1504645495.518627 -0.911653 -1.618501 1.920897 0.031872 -0.061151 -0.043504 0.996670
1504645495.585295 -0.932356 -1.639480 1.970467 0.033546 -0.061389 -0.044018 0.996578
1504645495.651959 -0.941654 -1.653248 2.015591 0.035342 -0.062257 -0.043058 0.996504
1504645495.718626 -0.952239 -1.671473 2.055754 0.034464 -0.063004 -0.041947 0.996536
1504645495.785292 -0.966936 -1.680063 2.095663 0.034849 -0.062141 -0.040810 0.996624
1504645495.851974 -0.979233 -1.689292 2.134820 0.035018 -0.061396 -0.039185 0.996729
1504645495.918631 -0.986481 -1.698391 2.180549 0.036071 -0.061804 -0.037930 0.996715
1504645495.985303 -1.005781 -1.716535 2.203210 0.035556 -0.058150 -0.038330 0.996938
1504645496.051970 -1.008877 -1.710728 2.244257 0.039418 -0.059380 -0.034172 0.996871
1504645496.118635 -1.015377 -1.715095 2.267626 0.040362 -0.058812 -0.031457 0.996957
1504645496.185294 -1.026231 -1.726681 2.304090 0.041076 -0.057374 -0.029852 0.997061
1504645496.251974 -1.040663 -1.723492 2.335186 0.045882 -0.054127 -0.029117 0.997054
1504645496.318624 -1.044766 -1.739840 2.355716 0.043670 -0.052314 -0.030028 0.997223
1504645496.385305 -1.053284 -1.733108 2.375252 0.045887 -0.050070 -0.026710 0.997333
1504645496.452024 -1.060841 -1.726065 2.398019 0.048980 -0.049497 -0.023895 0.997286
1504645496.518637 -1.059089 -1.725169 2.410836 0.050667 -0.048853 -0.023218 0.997250
1504645496.585299 -1.062923 -1.732771 2.426537 0.050432 -0.048842 -0.024507 0.997231
1504645496.651966 -1.055699 -1.736004 2.425543 0.048939 -0.049461 -0.022195 0.997329
1504645496.718707 -1.062388 -1.730561 2.428574 0.048057 -0.048394 -0.021416 0.997442
1504645496.785375 -1.062633 -1.718580 2.423594 0.049139 -0.048834 -0.019291 0.997411
1504645496.851979 -1.060948 -1.715766 2.410300 0.048305 -0.048161 -0.017872 0.997511
1504645496.918765 -1.056959 -1.707127 2.401306 0.049442 -0.048712 -0.016789 0.997447
1504645496.985313 -1.052153 -1.692085 2.392735 0.050651 -0.048866 -0.015123 0.997406
1504645497.051997 -1.045163 -1.700871 2.374815 0.047846 -0.049471 -0.014072 0.997530
1504645497.118628 -1.042989 -1.685417 2.359338 0.049480 -0.048008 -0.013061 0.997535
1504645497.185294 -1.032010 -1.683061 2.335988 0.048498 -0.046252 -0.014571 0.997645
1504645497.251959 -1.030752 -1.666289 2.319135 0.049743 -0.043620 -0.014425 0.997705
1504645497.318624 -1.013628 -1.651160 2.293892 0.049912 -0.042147 -0.013946 0.997766
1504645497.385316 -0.996959 -1.634510 2.267254 0.050580 -0.040016 -0.012961 0.997834
1504645497.451959 -0.977252 -1.611413 2.234806 0.051277 -0.037611 -0.014929 0.997864
1504645497.518633 -0.942949 -1.594886 2.202629 0.051067 -0.035960 -0.017407 0.997896
1504645497.585294 -0.907106 -1.561222 2.158385 0.053398 -0.031813 -0.021670 0.997831
1504645497.651965 -0.891558 -1.536936 2.120296 0.052193 -0.025693 -0.024946 0.997995
1504645497.718638 -0.869533 -1.502567 2.082687 0.050050 -0.021514 -0.025607 0.998187
1504645497.785292 -0.857162 -1.463142 2.035430 0.043475 -0.016948 -0.025074 0.998596
1504645497.851957 -0.838290 -1.422683 1.989590 0.035498 -0.014175 -0.024910 0.998959
1504645497.918625 -0.826121 -1.381410 1.942672 0.029648 -0.010580 -0.025212 0.999186
1504645497.985295 -0.809697 -1.347067 1.897283 0.025462 -0.009101 -0.024761 0.999328
1504645498.051960 -0.796724 -1.303966 1.845959 0.023948 -0.008313 -0.022190 0.999432
1504645498.118623 -0.788835 -1.265756 1.795969 0.022417 -0.007509 -0.020343 0.999514
1504645498.185289 -0.776303 -1.237051 1.747677 0.020413 -0.007421 -0.020687 0.999550
1504645498.251958 -0.766436 -1.191753 1.688804 0.024567 -0.006641 -0.021178 0.999452
1504645498.318624 -0.749541 -1.161259 1.633265 0.026384 -0.009287 -0.020528 0.999398
1504645498.385306 -0.748105 -1.130070 1.577032 0.030111 -0.009854 -0.019469 0.999308
1504645498.451961 -0.727743 -1.106807 1.521023 0.031836 -0.013599 -0.019134 0.999217
1504645498.518625 -0.724718 -1.060400 1.463351 0.036067 -0.014280 -0.018842 0.999070
1504645498.585293 -0.714212 -1.025623 1.402778 0.035652 -0.016609 -0.019509 0.999036
1504645498.651958 -0.714371 -0.997713 1.336327 0.034156 -0.016116 -0.020957 0.999067
1504645498.718625 -0.692443 -0.961385 1.273681 0.032431 -0.018826 -0.019253 0.999111
1504645498.785291 -0.704266 -0.928323 1.199955 0.030184 -0.016484 -0.021309 0.999181
1504645498.851959 -0.698022 -0.889637 1.132222 0.029275 -0.016690 -0.021086 0.999210
1504645498.918622 -0.699046 -0.871189 1.059449 0.025796 -0.015430 -0.021712 0.999312
1504645498.985294 -0.693360 -0.838794 0.989208 0.023981 -0.015816 -0.020732 0.999372
1504645499.051957 -0.692824 -0.811741 0.916091 0.019517 -0.015312 -0.018358 0.999524
1504645499.118623 -0.703180 -0.788043 0.835137 0.013817 -0.012394 -0.016778 0.999687
1504645499.185291 -0.704626 -0.751944 0.762382 0.012219 -0.011057 -0.014664 0.999757
1504645499.251962 -0.701418 -0.720073 0.695518 0.011239 -0.009979 -0.012722 0.999806
1504645499.318622 -0.703973 -0.696792 0.619329 0.009639 -0.007464 -0.010747 0.999868
1504645499.385289 -0.702320 -0.658430 0.550378 0.010214 -0.005280 -0.008888 0.999894
1504645499.451960 -0.709189 -0.624861 0.481217 0.009297 -0.001489 -0.007356 0.999929
1504645499.518624 -0.714176 -0.592811 0.412480 0.008293 0.002980 -0.007296 0.999935
1504645499.585291 -0.710626 -0.556846 0.344014 0.008587 0.006094 -0.006150 0.999926
1504645499.651957 -0.720351 -0.518833 0.273524 0.008794 0.011573 -0.007304 0.999868
1504645499.718624 -0.722927 -0.484363 0.209027 0.008387 0.014942 -0.005036 0.999841
1504645499.785290 -0.732090 -0.436590 0.142951 0.010542 0.018028 -0.003610 0.999775
1504645499.851959 -0.742268 -0.405874 0.076637 0.009562 0.019935 0.000823 0.999755
1504645499.918625 -0.732409 -0.362012 0.022073 0.010390 0.018615 0.006815 0.999750
1504645499.985292 -0.742266 -0.322026 -0.044609 0.010412 0.020251 0.011526 0.999674
1504645500.051964 -0.753202 -0.284831 -0.116909 0.009048 0.021535 0.015020 0.999614
1504645500.118622 -0.754422 -0.231759 -0.167501 0.009962 0.022402 0.019505 0.999509
1504645500.185291 -0.765679 -0.186152 -0.231615 0.009203 0.024214 0.023018 0.999399
1504645500.251956 -0.770053 -0.137835 -0.292259 0.009362 0.025455 0.026759 0.999274
1504645500.318621 -0.774261 -0.091379 -0.348319 0.006518 0.026988 0.029215 0.999187
1504645500.385295 -0.775353 -0.035246 -0.411678 0.001796 0.027762 0.031203 0.999126
1504645500.451963 -0.775642 0.014497 -0.469878 -0.006107 0.028140 0.035064 0.998970
1504645500.518623 -0.776360 0.069092 -0.528340 -0.014366 0.029017 0.038223 0.998745
1504645500.585288 -0.773591 0.120591 -0.578666 -0.022807 0.029763 0.041219 0.998446
1504645500.651955 -0.771374 0.171353 -0.635251 -0.031231 0.031561 0.042545 0.998107
1504645500.718621 -0.758431 0.219609 -0.685388 -0.037590 0.032015 0.043744 0.997822
1504645500.785292 -0.748467 0.261727 -0.730643 -0.041192 0.033564 0.044035 0.997616
1504645500.851963 -0.744196 0.306157 -0.770489 -0.041253 0.037649 0.042684 0.997526
1504645500.918621 -0.724979 0.339111 -0.817428 -0.044045 0.038195 0.041026 0.997456
1504645500.985292 -0.706671 0.375992 -0.849222 -0.043302 0.039760 0.040593 0.997445
1504645501.051956 -0.693862 0.410303 -0.877205 -0.041265 0.041044 0.040485 0.997484
1504645501.118621 -0.680250 0.435288 -0.898730 -0.039186 0.042319 0.040410 0.997517
1504645501.185288 -0.656681 0.453471 -0.940675 -0.039385 0.041834 0.040662 0.997520
1504645501.251961 -0.628503 0.465771 -0.968068 -0.040290 0.041972 0.041021 0.997463
1504645501.318621 -0.608932 0.483906 -0.984560 -0.039182 0.042462 0.040292 0.997516
1504645501.385289 -0.583508 0.490232 -1.003069 -0.039903 0.041924 0.039655 0.997536
1504645501.451963 -0.567670 0.495058 -1.030114 -0.041358 0.043126 0.038125 0.997485
1504645501.518620 -0.526046 0.497913 -1.052339 -0.042724 0.039986 0.037393 0.997586
1504645501.585288 -0.500655 0.505222 -1.075062 -0.041877 0.036864 0.035795 0.997801
1504645501.651954 -0.450293 0.506779 -1.068360 -0.042906 0.031944 0.034158 0.997984
1504645501.718630 -0.424714 0.501884 -1.065101 -0.045736 0.029489 0.032285 0.997996
1504645501.785288 -0.393856 0.507643 -1.068805 -0.044347 0.026210 0.030223 0.998215
1504645501.851955 -0.364903 0.509601 -1.062566 -0.043448 0.022325 0.027781 0.998420
1504645501.918622 -0.328441 0.504838 -1.066565 -0.043510 0.020276 0.023966 0.998560
1504645501.985288 -0.299268 0.497086 -1.082487 -0.042808 0.017601 0.021110 0.998705
1504645502.051957 -0.269875 0.475627 -1.047617 -0.043770 0.016314 0.015787 0.998784
1504645502.118627 -0.217128 0.460437 -1.031157 -0.041732 0.015266 0.010569 0.998956
1504645502.185300 -0.163475 0.443834 -1.015425 -0.038814 0.011764 0.007432 0.999150
1504645502.251955 -0.135129 0.426429 -1.001533 -0.035594 0.014332 -0.000102 0.999264
1504645502.318624 -0.079637 0.414473 -0.975576 -0.031643 0.013345 -0.003970 0.999402
1504645502.385286 -0.037700 0.394053 -0.954453 -0.029251 0.013153 -0.006825 0.999462
1504645502.451953 0.004784 0.384355 -0.922073 -0.024750 0.012340 -0.007602 0.999589
1504645502.518620 0.048421 0.357364 -0.894269 -0.024380 0.011683 -0.007898 0.999603
1504645502.585291 0.089536 0.342472 -0.862265 -0.021006 0.011975 -0.009747 0.999660
1504645502.651957 0.127030 0.321330 -0.834797 -0.017923 0.013667 -0.015956 0.999619
1504645502.718624 0.173908 0.305080 -0.800526 -0.014536 0.015631 -0.021521 0.999541
1504645502.785286 0.213575 0.285298 -0.771594 -0.011070 0.017488 -0.028036 0.999393
1504645502.851953 0.248248 0.270806 -0.728756 -0.008918 0.019915 -0.031803 0.999256
1504645502.918619 0.277325 0.251417 -0.692845 -0.007854 0.021982 -0.034487 0.999133
1504645502.985288 0.305686 0.231016 -0.659259 -0.005230 0.022948 -0.037432 0.999022
1504645503.051952 0.340249 0.209107 -0.622302 -0.002521 0.022229 -0.039289 0.998977
1504645503.118620 0.359805 0.197904 -0.579908 0.001538 0.022948 -0.041049 0.998892
1504645503.185286 0.382934 0.173404 -0.549577 0.002256 0.023772 -0.043155 0.998783
1504645503.251973 0.398224 0.151997 -0.518934 0.002143 0.023353 -0.044266 0.998744
1504645503.318621 0.411484 0.128718 -0.479769 0.002385 0.023259 -0.046320 0.998653
1504645503.385296 0.418484 0.113478 -0.431004 0.004395 0.022550 -0.047979 0.998584
1504645503.451957 0.410121 0.100533 -0.384871 0.006257 0.023763 -0.049006 0.998496
1504645503.518624 0.421556 0.074985 -0.359901 0.007059 0.021523 -0.048455 0.998569
1504645503.585285 0.420012 0.055681 -0.309224 0.008549 0.022339 -0.047662 0.998577
1504645503.651954 0.411021 0.033452 -0.274954 0.007880 0.022304 -0.047912 0.998572
1504645503.718619 0.402383 0.002548 -0.251069 0.005527 0.021901 -0.048499 0.998568
1504645503.785285 0.393652 -0.018669 -0.218734 0.006399 0.021275 -0.048547 0.998574
1504645503.851951 0.369493 -0.036514 -0.177888 0.006124 0.021698 -0.048579 0.998565
1504645503.918626 0.352337 -0.066400 -0.155507 0.004936 0.020701 -0.045965 0.998716
1504645503.985287 0.329622 -0.092206 -0.117246 0.003226 0.019709 -0.043599 0.998850
1504645504.051954 0.302821 -0.117532 -0.085601 0.001142 0.016872 -0.038169 0.999128
1504645504.118618 0.271095 -0.134613 -0.055178 0.000657 0.012967 -0.029826 0.999471
1504645504.185284 0.233759 -0.160314 -0.024654 -0.003268 0.009377 -0.023223 0.999681
1504645504.251957 0.205224 -0.184438 0.001296 -0.005218 0.004750 -0.019562 0.999784
1504645504.318622 0.173268 -0.204903 0.033610 -0.005582 0.002330 -0.018628 0.999808
1504645504.385286 0.134931 -0.230117 0.064608 -0.006130 0.001160 -0.018523 0.999809
1504645504.451952 0.105200 -0.249000 0.101922 -0.007376 -0.003167 -0.015500 0.999848
1504645504.518618 0.074243 -0.275737 0.134390 -0.010599 -0.006102 -0.014396 0.999822
1504645504.585287 0.042478 -0.298840 0.169813 -0.010982 -0.008584 -0.013661 0.999810
1504645504.651951 0.000638 -0.324456 0.204419 -0.012628 -0.008969 -0.015771 0.999756
1504645504.718623 -0.027614 -0.341495 0.243967 -0.013933 -0.011352 -0.015291 0.999722
1504645504.785284 -0.069535 -0.360997 0.286810 -0.013146 -0.011444 -0.018524 0.999676
1504645504.851953 -0.102616 -0.386771 0.326912 -0.013434 -0.013467 -0.017787 0.999661
1504645504.918621 -0.134157 -0.410559 0.371220 -0.013053 -0.014783 -0.017758 0.999648
1504645504.985284 -0.171973 -0.436121 0.410788 -0.012545 -0.014965 -0.018615 0.999636
1504645505.051951 -0.205924 -0.462840 0.455217 -0.012727 -0.016262 -0.018103 0.999623
1504645505.118618 -0.240097 -0.484272 0.502838 -0.011858 -0.016725 -0.016598 0.999652
1504645505.185285 -0.267698 -0.512780 0.544512 -0.012302 -0.018393 -0.014646 0.999648
1504645505.251950 -0.314581 -0.548219 0.586621 -0.014840 -0.017136 -0.013679 0.999650
1504645505.318617 -0.349239 -0.577678 0.635532 -0.015991 -0.017033 -0.011864 0.999657
1504645505.385285 -0.383971 -0.609817 0.678888 -0.016210 -0.017241 -0.010412 0.999666
1504645505.451957 -0.413730 -0.644051 0.727483 -0.016876 -0.017925 -0.006832 0.999674
1504645505.518617 -0.449901 -0.677383 0.774012 -0.017002 -0.016325 -0.007504 0.999694
1504645505.585283 -0.483839 -0.709016 0.827056 -0.015838 -0.015219 -0.008027 0.999727
1504645505.651953 -0.516457 -0.735016 0.880666 -0.013167 -0.014915 -0.006862 0.999779
1504645505.718616 -0.552811 -0.763139 0.939452 -0.011713 -0.013214 -0.006815 0.999821
1504645505.785285 -0.580626 -0.795176 0.996286 -0.011218 -0.014034 -0.005277 0.999825
1504645505.851956 -0.617267 -0.828627 1.051786 -0.011653 -0.013212 -0.004599 0.999834
1504645505.918617 -0.646169 -0.856385 1.116073 -0.009938 -0.014307 -0.002594 0.999845
1504645505.985288 -0.679748 -0.886674 1.178372 -0.007579 -0.015349 0.000846 0.999853
1504645506.051949 -0.711241 -0.914841 1.237386 -0.003475 -0.017448 0.004153 0.999833
1504645506.118618 -0.736009 -0.940613 1.304135 -0.000744 -0.019246 0.007258 0.999788
1504645506.185287 -0.764336 -0.972432 1.367783 -0.000148 -0.019096 0.007799 0.999787
1504645506.251950 -0.785110 -1.009969 1.427196 0.000080 -0.020314 0.008251 0.999760
1504645506.318624 -0.798618 -1.023976 1.496176 0.005519 -0.021670 0.008480 0.999714
1504645506.385285 -0.823357 -1.069133 1.558239 0.005835 -0.020903 0.009030 0.999724
1504645506.451949 -0.846555 -1.095144 1.619712 0.010220 -0.020051 0.007178 0.999721
1504645506.518619 -0.870052 -1.139876 1.679369 0.011225 -0.018411 0.005055 0.999755
1504645506.585283 -0.882116 -1.168218 1.743203 0.017564 -0.019147 0.003412 0.999657
1504645506.651949 -0.906097 -1.205060 1.802910 0.020504 -0.017873 0.001013 0.999629
1504645506.718616 -0.913030 -1.245713 1.857486 0.020899 -0.019146 0.000838 0.999598
1504645506.785282 -0.920801 -1.279941 1.914973 0.023499 -0.020156 -0.000029 0.999521
1504645506.851950 -0.941803 -1.324913 1.970231 0.024606 -0.017850 -0.004212 0.999529
1504645506.918617 -0.947312 -1.356472 2.026320 0.029170 -0.018467 -0.005789 0.999387
1504645506.985285 -0.968907 -1.396597 2.080411 0.028943 -0.017232 -0.008309 0.999398
1504645507.051956 -0.976903 -1.432682 2.133262 0.028260 -0.019117 -0.009036 0.999377
1504645507.118626 -0.990136 -1.463526 2.187310 0.028580 -0.020057 -0.009131 0.999349
1504645507.185282 -1.007082 -1.494460 2.242790 0.029619 -0.020128 -0.009919 0.999309
1504645507.251953 -1.019683 -1.524194 2.298452 0.031185 -0.020266 -0.010277 0.999255
1504645507.318615 -1.029180 -1.547970 2.347099 0.032982 -0.020885 -0.010270 0.999185
1504645507.385284 -1.042685 -1.578204 2.398605 0.036833 -0.020750 -0.011285 0.999042
1504645507.451948 -1.051310 -1.601581 2.449807 0.046875 -0.021927 -0.009589 0.998614
1504645507.518616 -1.063653 -1.623424 2.499401 0.057056 -0.022026 -0.009494 0.998083
1504645507.585281 -1.084294 -1.644012 2.545411 0.062768 -0.019972 -0.009650 0.997782
1504645507.651947 -1.091264 -1.669422 2.576348 0.065118 -0.021216 -0.010654 0.997595
1504645507.718636 -1.101109 -1.687711 2.613885 0.066894 -0.022474 -0.008562 0.997470
1504645507.785288 -1.120984 -1.711168 2.650282 0.066517 -0.020672 -0.009077 0.997530
1504645507.851951 -1.136168 -1.728533 2.678234 0.067942 -0.019590 -0.008775 0.997458
1504645507.918616 -1.149043 -1.749901 2.699319 0.068241 -0.019189 -0.008095 0.997452
1504645507.985283 -1.157714 -1.763605 2.711464 0.069961 -0.019654 -0.006908 0.997332
1504645508.051957 -1.178032 -1.777713 2.728376 0.070144 -0.017572 -0.008949 0.997342
1504645508.118627 -1.188495 -1.784814 2.736799 0.071342 -0.017658 -0.006874 0.997272
1504645508.185313 -1.204243 -1.796170 2.745506 0.070411 -0.016697 -0.008197 0.997345
1504645508.251999 -1.213876 -1.803116 2.744808 0.069028 -0.017093 -0.006625 0.997446
1504645508.318614 -1.224594 -1.805129 2.736132 0.069732 -0.017564 -0.006089 0.997393
1504645508.385330 -1.269194 -1.796762 2.752934 0.069954 -0.010248 -0.009257 0.997455
1504645508.451958 -1.281236 -1.796443 2.744791 0.069816 -0.011942 -0.007098 0.997463
1504645508.518623 -1.296823 -1.793677 2.738089 0.069581 -0.014198 -0.002662 0.997472
1504645508.585295 -1.313712 -1.787714 2.720243 0.068573 -0.014899 -0.001503 0.997534
1504645508.651959 -1.329908 -1.782144 2.704043 0.065327 -0.016726 0.001465 0.997723
1504645508.718618 -1.342281 -1.772281 2.682551 0.062243 -0.018296 0.004228 0.997884
1504645508.785304 -1.355887 -1.760945 2.646537 0.056015 -0.020754 0.008789 0.998176
1504645508.851952 -1.370015 -1.753491 2.616090 0.048115 -0.024011 0.012490 0.998475
1504645508.918617 -1.378999 -1.740704 2.582467 0.040847 -0.028413 0.017377 0.998610
1504645508.985282 -1.390445 -1.726350 2.552430 0.033019 -0.032825 0.020545 0.998704
1504645509.051947 -1.393358 -1.716937 2.513427 0.027758 -0.036865 0.021773 0.998697
1504645509.118617 -1.398595 -1.704859 2.477186 0.025530 -0.039782 0.019298 0.998696
1504645509.185283 -1.400045 -1.695809 2.443687 0.024272 -0.043602 0.016408 0.998619
1504645509.251947 -1.393100 -1.683706 2.411085 0.024085 -0.049801 0.015003 0.998356
1504645509.318615 -1.387056 -1.675241 2.375123 0.023216 -0.055013 0.011695 0.998147
1504645509.385301 -1.379581 -1.659912 2.343868 0.023880 -0.060222 0.007375 0.997872
1504645509.451946 -1.373568 -1.648915 2.310280 0.023193 -0.063832 0.000234 0.997691
1504645509.518614 -1.359833 -1.629501 2.276648 0.024702 -0.069154 -0.006737 0.997277
1504645509.585281 -1.339891 -1.614250 2.244638 0.024213 -0.075404 -0.014263 0.996757
1504645509.651947 -1.321389 -1.596606 2.215538 0.023066 -0.080514 -0.022854 0.996224
1504645509.718613 -1.299814 -1.573072 2.190031 0.022788 -0.085023 -0.032930 0.995574
1504645509.785279 -1.285283 -1.553150 2.159304 0.020679 -0.088128 -0.043616 0.994939
1504645509.851959 -1.269936 -1.528220 2.135016 0.020594 -0.093577 -0.049494 0.994168
1504645509.918612 -1.251366 -1.502957 2.103549 0.021821 -0.100230 -0.054881 0.993210
1504645509.985303 -1.242983 -1.485330 2.076474 0.022636 -0.105958 -0.059292 0.992343
1504645510.051953 -1.232295 -1.464643 2.047726 0.023007 -0.111623 -0.064063 0.991417
1504645510.118615 -1.220831 -1.443327 2.021362 0.023060 -0.118687 -0.067275 0.990382
1504645510.185291 -1.203666 -1.420938 1.990401 0.024398 -0.126638 -0.069631 0.989201
1504645510.251951 -1.195370 -1.405719 1.955354 0.023296 -0.133116 -0.072439 0.988175
1504645510.318613 -1.183656 -1.393355 1.926758 0.022265 -0.139378 -0.073880 0.987228
1504645510.385281 -1.169276 -1.371762 1.895356 0.023053 -0.144806 -0.075030 0.986342
1504645510.451948 -1.158147 -1.349099 1.864107 0.024051 -0.148295 -0.076488 0.985687
1504645510.518612 -1.145607 -1.333578 1.833845 0.023163 -0.151945 -0.077380 0.985083
1504645510.585279 -1.140271 -1.330646 1.796458 0.022778 -0.152420 -0.079477 0.984852
1504645510.651952 -1.125985 -1.305838 1.770104 0.027318 -0.154654 -0.080607 0.984296
1504645510.718612 -1.113668 -1.282837 1.738998 0.029382 -0.154761 -0.080452 0.984232
1504645510.785292 -1.109326 -1.268238 1.703151 0.027386 -0.154137 -0.081168 0.984329
1504645510.851957 -1.089100 -1.246485 1.676932 0.027644 -0.156262 -0.081076 0.983994
1504645510.918616 -1.068805 -1.230051 1.637820 0.027779 -0.156777 -0.079814 0.984012
1504645510.985295 -1.068137 -1.200087 1.611776 0.029888 -0.155585 -0.080307 0.984099
1504645511.051948 -1.060577 -1.176573 1.574652 0.029570 -0.153536 -0.080327 0.984429
1504645511.118636 -1.035696 -1.134066 1.551413 0.032692 -0.155786 -0.079224 0.984066
1504645511.185297 -1.032362 -1.120445 1.506526 0.030504 -0.153229 -0.078718 0.984578
1504645511.251968 -1.038580 -1.086763 1.472530 0.032264 -0.150007 -0.078735 0.985017
1504645511.318614 -1.021133 -1.067773 1.436003 0.031813 -0.150187 -0.078415 0.985029
1504645511.385279 -1.000924 -1.025169 1.397191 0.035637 -0.150447 -0.077683 0.984917
1504645511.451953 -0.991885 -1.002566 1.368532 0.036179 -0.150132 -0.077540 0.984956
1504645511.518619 -0.978508 -0.965359 1.322862 0.039090 -0.149401 -0.074687 0.985177
1504645511.585278 -0.972220 -0.950486 1.274801 0.036829 -0.148212 -0.075812 0.985358
1504645511.651947 -0.959875 -0.927617 1.231685 0.036496 -0.148672 -0.076273 0.985265
1504645511.718621 -0.955482 -0.902629 1.183448 0.036771 -0.147699 -0.075641 0.985450
1504645511.785289 -0.955963 -0.872264 1.131607 0.036698 -0.146154 -0.076001 0.985655
1504645511.851943 -0.932298 -0.832320 1.079986 0.038773 -0.148418 -0.074874 0.985324
1504645511.918615 -0.926027 -0.798755 1.028052 0.039856 -0.148952 -0.074551 0.985224
1504645511.985279 -0.920176 -0.775262 0.974435 0.036747 -0.149687 -0.074186 0.985261
1504645512.051944 -0.906598 -0.745957 0.911008 0.036045 -0.150940 -0.072794 0.985200
1504645512.118615 -0.907696 -0.717550 0.847809 0.033781 -0.150197 -0.074513 0.985265
1504645512.185277 -0.897981 -0.676554 0.795987 0.032546 -0.151136 -0.074137 0.985192
1504645512.251943 -0.883574 -0.656272 0.735732 0.028136 -0.153606 -0.074087 0.984949
1504645512.318611 -0.871883 -0.621026 0.676747 0.026945 -0.155944 -0.073022 0.984694
1504645512.385280 -0.869078 -0.588277 0.619884 0.026632 -0.156229 -0.074575 0.984541
1504645512.451945 -0.865642 -0.556374 0.555096 0.025034 -0.155500 -0.074578 0.984698
1504645512.518620 -0.855121 -0.517889 0.499044 0.025268 -0.157298 -0.074559 0.984408
1504645512.585287 -0.854128 -0.489512 0.429297 0.023265 -0.157032 -0.073800 0.984557
1504645512.651951 -0.844800 -0.457557 0.364470 0.023506 -0.158274 -0.071417 0.984529
1504645512.718613 -0.844821 -0.426148 0.299294 0.022423 -0.159651 -0.068728 0.984523
1504645512.785278 -0.843138 -0.387042 0.241859 0.021882 -0.160900 -0.065725 0.984537
1504645512.851945 -0.842264 -0.358660 0.178422 0.019913 -0.160315 -0.063928 0.984792
1504645512.918620 -0.838138 -0.319416 0.121850 0.021206 -0.160475 -0.062020 0.984861
1504645512.985286 -0.847880 -0.293252 0.053447 0.020046 -0.157089 -0.059634 0.985578
1504645513.051944 -0.843040 -0.260168 -0.007714 0.019469 -0.155644 -0.054339 0.986125
1504645513.118612 -0.835143 -0.224221 -0.067857 0.019645 -0.153957 -0.048509 0.986691
1504645513.185276 -0.820164 -0.186594 -0.128008 0.018733 -0.151885 -0.044162 0.987233
1504645513.251943 -0.810300 -0.151570 -0.194587 0.018404 -0.148287 -0.039607 0.987980
1504645513.318609 -0.800630 -0.106104 -0.247174 0.017348 -0.144091 -0.035945 0.988759
1504645513.385276 -0.779741 -0.057749 -0.301968 0.015394 -0.139954 -0.029018 0.989613
1504645513.451944 -0.764965 -0.012407 -0.357189 0.011856 -0.134611 -0.025124 0.990509
1504645513.518611 -0.753821 0.030361 -0.417894 0.007563 -0.127240 -0.022060 0.991598
1504645513.585278 -0.735399 0.076712 -0.471754 0.003959 -0.120916 -0.018726 0.992478
1504645513.651942 -0.715816 0.122946 -0.521480 0.000014 -0.115369 -0.014249 0.993221
1504645513.718609 -0.696397 0.169027 -0.568655 -0.005722 -0.109557 -0.011030 0.993903
1504645513.785277 -0.672967 0.216302 -0.612994 -0.011926 -0.104951 -0.004604 0.994395
1504645513.851942 -0.652692 0.258436 -0.661089 -0.016593 -0.099127 -0.000964 0.994936
1504645513.918608 -0.625991 0.303626 -0.698662 -0.017665 -0.094608 0.003675 0.995351
1504645513.985280 -0.599106 0.348573 -0.732906 -0.017186 -0.090114 0.006641 0.995761
1504645514.051944 -0.575159 0.387869 -0.770197 -0.018069 -0.084726 0.009599 0.996194
1504645514.118608 -0.539389 0.425718 -0.800928 -0.018860 -0.081773 0.012832 0.996390
1504645514.185276 -0.505655 0.458438 -0.828741 -0.019555 -0.078389 0.014251 0.996629
1504645514.251942 -0.465158 0.493769 -0.857627 -0.020164 -0.075928 0.016526 0.996772
1504645514.318610 -0.433383 0.527671 -0.876270 -0.020076 -0.071678 0.014587 0.997119
1504645514.385275 -0.391554 0.553208 -0.902634 -0.020984 -0.068105 0.010432 0.997403
1504645514.451944 -0.342774 0.572580 -0.923580 -0.023745 -0.064650 0.004372 0.997616
1504645514.518608 -0.299571 0.589892 -0.940498 -0.027394 -0.062163 0.000119 0.997690
1504645514.585275 -0.258142 0.602103 -0.957864 -0.030904 -0.059868 -0.001547 0.997727
1504645514.651942 -0.215338 0.621214 -0.963457 -0.030797 -0.058410 -0.003271 0.997812
1504645514.718615 -0.167278 0.627241 -0.978324 -0.031467 -0.058593 -0.004119 0.997777
1504645514.785274 -0.127488 0.627164 -0.988534 -0.032062 -0.057796 -0.003429 0.997808
1504645514.851953 -0.090507 0.627313 -0.999956 -0.032039 -0.058287 -0.002276 0.997783
1504645514.918609 -0.050947 0.613979 -1.014930 -0.032962 -0.058577 -0.000830 0.997738
1504645514.985279 0.011923 0.604695 -1.006241 -0.032374 -0.061370 0.001857 0.997588
1504645515.051944 0.049623 0.590746 -1.009828 -0.031055 -0.060527 0.001696 0.997682
1504645515.118610 0.100419 0.574744 -0.998391 -0.030048 -0.061678 0.001108 0.997643
1504645515.185274 0.155571 0.557111 -0.992611 -0.029209 -0.060424 -0.000773 0.997745
1504645515.251940 0.212087 0.538830 -0.984578 -0.027797 -0.059715 -0.002873 0.997824
1504645515.318607 0.263918 0.515989 -0.974721 -0.025867 -0.055037 -0.008474 0.998113
1504645515.385274 0.312849 0.495295 -0.958013 -0.022038 -0.049154 -0.013769 0.998453
1504645515.451940 0.366006 0.468883 -0.932358 -0.018676 -0.042936 -0.017862 0.998744
1504645515.518612 0.424130 0.444470 -0.905861 -0.015080 -0.038041 -0.017775 0.999004
1504645515.585274 0.468310 0.427386 -0.881447 -0.012081 -0.031587 -0.016479 0.999292
1504645515.651941 0.521954 0.399521 -0.860666 -0.012017 -0.025914 -0.014725 0.999484
1504645515.718607 0.572134 0.371591 -0.837582 -0.012398 -0.020171 -0.012204 0.999645
1504645515.785275 0.624666 0.344246 -0.809190 -0.012960 -0.014103 -0.009488 0.999772
1504645515.851943 0.667302 0.325504 -0.773749 -0.011913 -0.006871 -0.006096 0.999887
1504645515.918609 0.712711 0.306832 -0.735285 -0.010101 -0.001073 -0.002637 0.999945
1504645515.985273 0.758451 0.289032 -0.699836 -0.007581 0.003875 0.000643 0.999964
1504645516.051939 0.808780 0.257208 -0.668174 -0.006338 0.009017 -0.000588 0.999939
1504645516.118606 0.850335 0.235730 -0.621608 -0.002099 0.014731 -0.004141 0.999881
1504645516.185277 0.888110 0.213366 -0.577066 0.001513 0.020494 -0.005962 0.999771
1504645516.251940 0.927418 0.186848 -0.533254 0.003446 0.023976 -0.008535 0.999670
1504645516.318606 0.963888 0.161479 -0.492648 0.007286 0.027425 -0.013080 0.999512
1504645516.385273 0.993950 0.144514 -0.439490 0.012326 0.028469 -0.014683 0.999411
1504645516.451944 1.009096 0.117945 -0.396614 0.015580 0.030920 -0.017406 0.999249
1504645516.518620 1.036641 0.091291 -0.354024 0.018366 0.028859 -0.019927 0.999216
1504645516.585284 1.057386 0.066029 -0.303741 0.020040 0.025884 -0.023164 0.999196
1504645516.651942 1.075580 0.032111 -0.272127 0.020165 0.021681 -0.024341 0.999265
1504645516.718611 1.091171 -0.000535 -0.239292 0.020100 0.017210 -0.026247 0.999305
1504645516.785274 1.104865 -0.027496 -0.198259 0.020491 0.012420 -0.028797 0.999298
1504645516.851943 1.116953 -0.071824 -0.174874 0.017330 0.008665 -0.028179 0.999415
1504645516.918606 1.119465 -0.096749 -0.143508 0.017477 0.004993 -0.027977 0.999443
1504645516.985274 1.108718 -0.124830 -0.106794 0.017813 0.003413 -0.027384 0.999460
1504645517.051944 1.122876 -0.166533 -0.084942 0.015856 -0.002447 -0.025132 0.999555
1504645517.118628 1.113612 -0.193075 -0.045725 0.016343 -0.003256 -0.025159 0.999545
1504645517.185272 1.099455 -0.213969 -0.012088 0.017331 -0.003301 -0.024809 0.999537
1504645517.251944 1.103190 -0.249639 0.029175 0.016258 -0.005490 -0.025832 0.999519
1504645517.318607 1.093946 -0.282589 0.064930 0.016040 -0.006073 -0.026017 0.999514
1504645517.385280 1.079713 -0.300280 0.097403 0.017065 -0.005963 -0.026833 0.999476
1504645517.451938 1.064428 -0.316863 0.137176 0.017607 -0.006245 -0.024789 0.999518
1504645517.518608 1.043889 -0.347596 0.166084 0.016302 -0.005387 -0.023927 0.999566
1504645517.585273 1.015302 -0.360379 0.206412 0.016942 -0.005509 -0.019805 0.999645
1504645517.651941 1.007723 -0.389398 0.234472 0.014319 -0.009390 -0.016319 0.999720
1504645517.718605 0.986409 -0.421160 0.266698 0.013029 -0.011498 -0.012117 0.999776
1504645517.785277 0.970752 -0.444704 0.300484 0.013975 -0.014452 -0.009327 0.999754
1504645517.851942 0.942170 -0.476355 0.329970 0.013542 -0.014696 -0.008202 0.999767
1504645517.918605 0.921345 -0.491468 0.365353 0.013654 -0.015720 -0.005695 0.999767
1504645517.985275 0.892828 -0.522853 0.395438 0.010594 -0.015696 -0.004734 0.999810
1504645518.051938 0.865044 -0.549157 0.421899 0.010064 -0.015396 -0.004491 0.999821
1504645518.118605 0.835057 -0.583018 0.451353 0.008396 -0.014713 -0.004354 0.999847
1504645518.185274 0.798008 -0.613998 0.479187 0.007995 -0.013013 -0.004645 0.999873
1504645518.251938 0.782447 -0.633178 0.513599 0.011235 -0.014948 -0.003482 0.999819
1504645518.318607 0.753617 -0.662827 0.548463 0.011105 -0.013610 -0.001479 0.999845
1504645518.385277 0.720016 -0.679453 0.580752 0.012004 -0.012000 0.000611 0.999856
1504645518.451943 0.696351 -0.698094 0.610759 0.012481 -0.011463 0.001971 0.999855
1504645518.518604 0.666279 -0.728262 0.653744 0.011337 -0.009117 0.002531 0.999891
1504645518.585274 0.638956 -0.751005 0.684952 0.013158 -0.008166 0.003545 0.999874
1504645518.651937 0.617450 -0.787664 0.716340 0.014423 -0.008753 0.005796 0.999841
1504645518.718608 0.595776 -0.811215 0.757394 0.018026 -0.008413 0.006495 0.999781
1504645518.785292 0.561498 -0.835949 0.783947 0.023196 -0.007042 0.006910 0.999682
1504645518.851943 0.534953 -0.862245 0.815363 0.027472 -0.007151 0.008515 0.999561
1504645518.918604 0.506827 -0.898343 0.842959 0.028784 -0.005729 0.008983 0.999529
1504645518.985280 0.477494 -0.929998 0.874791 0.029626 -0.003800 0.008124 0.999521
1504645519.051943 0.455447 -0.955759 0.897834 0.030839 -0.002846 0.009595 0.999474
1504645519.118614 0.422971 -0.988669 0.913739 0.028784 -0.000172 0.010132 0.999534
1504645519.185273 0.408800 -1.013277 0.935841 0.027379 0.001411 0.010607 0.999568
1504645519.251940 0.372416 -1.031607 0.961797 0.024532 0.006787 0.010916 0.999616
1504645519.318621 0.350751 -1.050086 0.981744 0.020565 0.010516 0.014829 0.999623
1504645519.385270 0.328967 -1.066698 1.008656 0.017802 0.014701 0.017458 0.999581
1504645519.451946 0.283400 -1.062241 1.035480 0.022104 0.022820 0.017838 0.999336
1504645519.518633 0.276453 -1.080650 1.060340 0.020301 0.024812 0.022435 0.999234
1504645519.585319 0.248555 -1.097208 1.081896 0.018529 0.029900 0.024396 0.999083
1504645519.651936 0.220866 -1.104301 1.105539 0.017643 0.035699 0.025230 0.998888
1504645519.718608 0.204676 -1.120393 1.129094 0.017381 0.039097 0.025644 0.998755
1504645519.785269 0.170385 -1.142825 1.144780 0.017690 0.042461 0.026977 0.998577
1504645519.851935 0.130568 -1.155299 1.166972 0.018436 0.046555 0.030200 0.998289
1504645519.918632 0.113790 -1.165658 1.188613 0.018237 0.046596 0.033136 0.998198
1504645519.985269 0.092642 -1.183171 1.204195 0.018037 0.047789 0.033964 0.998117
1504645520.051939 0.067776 -1.180944 1.235149 0.020161 0.048902 0.035138 0.997982
1504645520.118608 0.039563 -1.208208 1.250483 0.016455 0.049495 0.036150 0.997984
1504645520.185277 0.010167 -1.225437 1.269978 0.015644 0.049897 0.034380 0.998040
1504645520.251942 -0.013050 -1.265801 1.288154 0.010318 0.049211 0.033059 0.998188
1504645520.318607 -0.041544 -1.276535 1.305980 0.010268 0.046525 0.031705 0.998361
1504645520.385270 -0.054338 -1.310448 1.317133 0.006545 0.041238 0.029890 0.998681
1504645520.451941 -0.083564 -1.315251 1.342134 0.010124 0.036027 0.026329 0.998953
1504645520.518605 -0.104127 -1.342899 1.364141 0.010519 0.030335 0.023332 0.999212
1504645520.585277 -0.131912 -1.366765 1.380804 0.011352 0.023976 0.019131 0.999465
1504645520.651938 -0.155921 -1.395135 1.397473 0.011011 0.017024 0.016566 0.999657
1504645520.718605 -0.181287 -1.419608 1.414177 0.009973 0.010587 0.013112 0.999808
1504645520.785269 -0.207572 -1.448504 1.430698 0.007751 0.004789 0.009335 0.999915
1504645520.851940 -0.229485 -1.472420 1.451259 0.007023 -0.001552 0.005752 0.999958
1504645520.918604 -0.257269 -1.500521 1.476323 0.006852 -0.006561 0.002346 0.999952
1504645520.985270 -0.283652 -1.525261 1.500877 0.006009 -0.009863 0.000105 0.999933
1504645521.051941 -0.307408 -1.542550 1.529589 0.006357 -0.013559 -0.001226 0.999887
1504645521.118604 -0.333708 -1.570730 1.557573 0.003321 -0.016337 -0.001996 0.999859
1504645521.185270 -0.353213 -1.581859 1.586656 0.003996 -0.019432 -0.001643 0.999802
1504645521.251935 -0.381780 -1.602803 1.616234 0.003065 -0.020468 -0.002127 0.999784
1504645521.318603 -0.402409 -1.623552 1.654823 0.002299 -0.021515 -0.003730 0.999759
1504645521.385274 -0.433602 -1.631508 1.682074 0.004949 -0.019703 -0.006707 0.999771
1504645521.451949 -0.453600 -1.648219 1.716735 0.005183 -0.021630 -0.007099 0.999727
1504645521.518606 -0.479513 -1.666780 1.758153 0.004695 -0.021909 -0.006883 0.999725
1504645521.585268 -0.504035 -1.676506 1.799723 0.007995 -0.021684 -0.006662 0.999711
1504645521.651934 -0.529715 -1.707211 1.837080 0.006466 -0.021424 -0.007693 0.999720
1504645521.718605 -0.552988 -1.718393 1.877965 0.008731 -0.021632 -0.006170 0.999709
1504645521.785288 -0.579066 -1.728574 1.913674 0.008908 -0.021520 -0.005516 0.999714
1504645521.851943 -0.610332 -1.752417 1.951975 0.007036 -0.020458 -0.004868 0.999754
1504645521.918604 -0.634821 -1.775687 1.992343 0.006773 -0.020749 -0.003694 0.999755
1504645521.985281 -0.653094 -1.790746 2.035441 0.008299 -0.021548 -0.002103 0.999731
1504645522.051935 -0.678042 -1.821312 2.075928 0.007471 -0.020834 -0.002209 0.999753
1504645522.118605 -0.703386 -1.845985 2.122031 0.006440 -0.019726 -0.001487 0.999784
1504645522.185266 -0.731565 -1.871175 2.163712 0.006655 -0.018249 -0.001455 0.999810
1504645522.251935 -0.748060 -1.900491 2.204714 0.006569 -0.019296 -0.000801 0.999792
1504645522.318617 -0.776056 -1.932444 2.252417 0.008352 -0.018262 0.001226 0.999798
1504645522.385267 -0.810766 -1.944852 2.306636 0.016292 -0.016358 0.001915 0.999732
1504645522.451937 -0.830280 -1.974256 2.351909 0.020211 -0.016763 0.004240 0.999646
1504645522.518603 -0.856746 -2.001809 2.397944 0.026931 -0.015779 0.004472 0.999503
1504645522.585268 -0.874558 -2.024281 2.441014 0.033167 -0.016986 0.005322 0.999291
1504645522.651938 -0.907996 -2.045124 2.481907 0.036648 -0.014695 0.005853 0.999203
1504645522.718608 -0.930505 -2.071428 2.527861 0.037127 -0.014351 0.007314 0.999181
1504645522.785304 -0.946536 -2.096968 2.565365 0.037680 -0.015801 0.009746 0.999117
1504645522.851933 -0.963939 -2.115078 2.609733 0.039586 -0.017276 0.012786 0.998985
1504645522.918600 -0.975674 -2.148823 2.630515 0.038618 -0.017966 0.012628 0.999013
1504645522.985272 -0.994740 -2.164516 2.663526 0.039272 -0.017035 0.011550 0.999017
1504645523.051935 -1.012366 -2.182298 2.700140 0.039199 -0.016799 0.010525 0.999035
1504645523.118610 -1.031602 -2.202679 2.731219 0.039043 -0.017182 0.010561 0.999034
1504645523.185266 -1.045370 -2.219274 2.763284 0.039040 -0.019631 0.009957 0.998995
1504645523.251944 -1.054148 -2.231613 2.794290 0.039454 -0.022598 0.007673 0.998936
1504645523.318608 -1.049123 -2.242432 2.818095 0.040368 -0.027768 0.005449 0.998784
1504645523.385288 -1.056823 -2.252077 2.841292 0.041564 -0.030789 0.002195 0.998659
1504645523.451946 -1.062314 -2.262164 2.869759 0.042198 -0.035562 -0.001462 0.998475
1504645523.518610 -1.080541 -2.271577 2.895795 0.043672 -0.037422 -0.007428 0.998317
1504645523.585268 -1.081613 -2.284262 2.919195 0.045802 -0.043453 -0.011058 0.997944
1504645523.651933 -1.086147 -2.298567 2.943499 0.048497 -0.048725 -0.013806 0.997539
1504645523.718606 -1.092880 -2.299024 2.960447 0.051803 -0.052554 -0.018541 0.997101
1504645523.785271 -1.091727 -2.309183 2.975992 0.052530 -0.057168 -0.022855 0.996720
1504645523.851932 -1.093192 -2.308394 2.989575 0.054792 -0.060837 -0.025935 0.996305
1504645523.918604 -1.132408 -2.309915 3.001665 0.056825 -0.057118 -0.030345 0.996287
1504645523.985271 -1.136986 -2.310122 3.008989 0.057862 -0.058891 -0.031690 0.996082
1504645524.051934 -1.147173 -2.304206 3.017393 0.060443 -0.059299 -0.031939 0.995897
1504645524.118605 -1.146424 -2.318324 3.014455 0.059699 -0.061859 -0.033543 0.995733
1504645524.185265 -1.151661 -2.325678 3.009934 0.060124 -0.062446 -0.033642 0.995668
1504645524.251932 -1.171275 -2.324274 3.010348 0.060537 -0.060297 -0.035649 0.995705
1504645524.318631 -1.167429 -2.330651 2.994256 0.059625 -0.062841 -0.034224 0.995653
1504645524.385381 -1.180053 -2.329605 2.984197 0.060162 -0.061283 -0.035361 0.995678
1504645524.451990 -1.186333 -2.327355 2.968658 0.060512 -0.061686 -0.035178 0.995638
1504645524.518617 -1.194516 -2.315639 2.952499 0.062637 -0.060900 -0.033831 0.995602
1504645524.585265 -1.189281 -2.304476 2.944849 0.063886 -0.062487 -0.034267 0.995409
1504645524.651934 -1.195223 -2.297771 2.913527 0.062875 -0.061762 -0.034360 0.995516
1504645524.718606 -1.209507 -2.288129 2.891701 0.059503 -0.060575 -0.035495 0.995756
1504645524.785309 -1.200135 -2.264216 2.872455 0.058831 -0.062370 -0.034116 0.995733
1504645524.851948 -1.207637 -2.242640 2.846068 0.057392 -0.062176 -0.034877 0.995803
1504645524.918600 -1.195421 -2.222870 2.819917 0.054159 -0.064168 -0.034891 0.995857
1504645524.985265 -1.199392 -2.199591 2.791906 0.049709 -0.064674 -0.035441 0.996037
1504645525.051951 -1.206296 -2.174802 2.764297 0.045187 -0.065459 -0.033638 0.996264
1504645525.118604 -1.210117 -2.150186 2.735094 0.041348 -0.067808 -0.030860 0.996363
1504645525.185265 -1.216105 -2.119589 2.701624 0.038182 -0.069681 -0.029338 0.996407
1504645525.251932 -1.220743 -2.094578 2.665710 0.032370 -0.071136 -0.027498 0.996562
1504645525.318602 -1.229753 -2.073020 2.634343 0.028405 -0.072277 -0.027270 0.996607
1504645525.385270 -1.227189 -2.047178 2.598904 0.028421 -0.074309 -0.026239 0.996485
1504645525.451943 -1.237227 -2.028161 2.562844 0.028196 -0.074030 -0.027642 0.996474
1504645525.518605 -1.235461 -2.009732 2.532214 0.027990 -0.076040 -0.026626 0.996356
1504645525.585263 -1.241268 -1.989264 2.498961 0.028467 -0.076386 -0.027255 0.996299
1504645525.651962 -1.244076 -1.973199 2.461791 0.028898 -0.077157 -0.027187 0.996229
1504645525.718630 -1.246738 -1.954910 2.424659 0.029207 -0.077906 -0.026110 0.996191
1504645525.785281 -1.246457 -1.938008 2.393472 0.028353 -0.079565 -0.025788 0.996093
1504645525.851931 -1.241838 -1.915328 2.353989 0.029563 -0.081446 -0.024045 0.995949
1504645525.918597 -1.242990 -1.895213 2.323820 0.029198 -0.081170 -0.023155 0.996003
1504645525.985270 -1.247837 -1.872056 2.291768 0.029651 -0.080508 -0.024752 0.996005
1504645526.051954 -1.239776 -1.849712 2.257058 0.029999 -0.081600 -0.024848 0.995904
1504645526.118604 -1.237139 -1.828126 2.223374 0.029986 -0.081345 -0.025573 0.995907
1504645526.185273 -1.237703 -1.801074 2.191985 0.030739 -0.080977 -0.026540 0.995888
1504645526.251930 -1.232228 -1.771662 2.159268 0.031290 -0.081172 -0.027384 0.995832
1504645526.318610 -1.232843 -1.743285 2.137504 0.030390 -0.080618 -0.027615 0.995899
1504645526.385298 -1.223743 -1.713504 2.106892 0.030023 -0.081500 -0.028388 0.995817
1504645526.451931 -1.222426 -1.679109 2.080914 0.030339 -0.081275 -0.028327 0.995827
1504645526.518599 -1.220137 -1.648504 2.052779 0.029787 -0.081053 -0.029454 0.995829
1504645526.585263 -1.217548 -1.610923 2.025386 0.030195 -0.080229 -0.029475 0.995883
1504645526.651939 -1.217430 -1.574404 2.001544 0.030722 -0.078865 -0.029270 0.995982
1504645526.718602 -1.216879 -1.535053 1.978665 0.030315 -0.078269 -0.029264 0.996041
1504645526.785263 -1.205055 -1.498663 1.948574 0.028979 -0.078491 -0.028164 0.996095
1504645526.851932 -1.198904 -1.459161 1.923763 0.029250 -0.077825 -0.028395 0.996133
1504645526.918603 -1.191062 -1.421454 1.899480 0.028861 -0.076717 -0.026599 0.996280
1504645526.985263 -1.190245 -1.380441 1.871740 0.029605 -0.074937 -0.027270 0.996376
1504645527.051933 -1.178929 -1.346290 1.848973 0.027542 -0.076044 -0.025391 0.996401
1504645527.118601 -1.177492 -1.305463 1.819411 0.027768 -0.074989 -0.023180 0.996528
1504645527.185264 -1.175654 -1.261673 1.799948 0.028356 -0.073836 -0.023111 0.996599
1504645527.251938 -1.175347 -1.218366 1.773877 0.028329 -0.073730 -0.020721 0.996660
1504645527.318598 -1.167637 -1.177238 1.748429 0.027962 -0.075972 -0.016952 0.996574
1504645527.385267 -1.169888 -1.135620 1.721620 0.026302 -0.076869 -0.012979 0.996610
1504645527.451930 -1.161070 -1.088454 1.695475 0.022316 -0.079443 -0.008823 0.996551
1504645527.518596 -1.152932 -1.043113 1.669136 0.012722 -0.081990 -0.006024 0.996534
1504645527.585263 -1.140825 -0.994029 1.644297 0.002816 -0.084561 -0.005036 0.996402
1504645527.651929 -1.139052 -0.948603 1.625316 -0.000896 -0.083271 -0.006715 0.996504
1504645527.718595 -1.120303 -0.907346 1.607902 -0.000932 -0.084607 -0.008026 0.996382
1504645527.785264 -1.115145 -0.862204 1.596562 0.000099 -0.082972 -0.011218 0.996489
1504645527.851935 -1.104039 -0.820572 1.585346 0.000433 -0.081753 -0.014281 0.996550
1504645527.918595 -1.086909 -0.777459 1.575744 0.002596 -0.081162 -0.017734 0.996540
1504645527.985264 -1.072402 -0.736791 1.564239 0.004352 -0.079579 -0.021812 0.996580
1504645528.051929 -1.055520 -0.696541 1.556810 0.005194 -0.078893 -0.024128 0.996578
1504645528.118602 -1.038516 -0.658514 1.550225 0.005331 -0.079514 -0.023633 0.996539
1504645528.185261 -1.023103 -0.615367 1.548554 0.008555 -0.080038 -0.023135 0.996487
1504645528.251934 -1.006920 -0.580987 1.547677 0.012348 -0.080680 -0.023404 0.996389
1504645528.318599 -0.990474 -0.546012 1.546694 0.017869 -0.080721 -0.024338 0.996279
1504645528.385262 -0.972988 -0.507713 1.544999 0.020396 -0.081118 -0.025220 0.996177
1504645528.451933 -0.958047 -0.469063 1.543482 0.019717 -0.081204 -0.024348 0.996205
1504645528.518598 -0.946156 -0.433684 1.540504 0.019956 -0.081175 -0.023455 0.996224
1504645528.585265 -0.930473 -0.400593 1.538961 0.023433 -0.081816 -0.024329 0.996075
1504645528.651930 -0.908221 -0.367613 1.538275 0.028558 -0.082265 -0.024537 0.995899
1504645528.718594 -0.893328 -0.337628 1.534596 0.032341 -0.080648 -0.027160 0.995848
1504645528.785264 -0.878169 -0.308577 1.529765 0.034563 -0.079854 -0.028739 0.995793
1504645528.851928 -0.860711 -0.282309 1.520239 0.035631 -0.079641 -0.028440 0.995781
1504645528.918596 -0.845899 -0.259661 1.510080 0.036260 -0.079071 -0.028348 0.995806
1504645528.985263 -0.830757 -0.237365 1.496187 0.036864 -0.077980 -0.028220 0.995873
1504645529.051928 -0.817380 -0.215455 1.482226 0.037987 -0.077264 -0.028996 0.995865
1504645529.118597 -0.804389 -0.195963 1.463369 0.039223 -0.076190 -0.028988 0.995900
1504645529.185261 -0.788677 -0.179183 1.442355 0.039174 -0.076323 -0.028872 0.995895
1504645529.251935 -0.774740 -0.163888 1.419015 0.040711 -0.076613 -0.028064 0.995834
1504645529.318599 -0.765943 -0.153311 1.396012 0.041156 -0.074360 -0.027208 0.996010
1504645529.385261 -0.751274 -0.143513 1.366579 0.043267 -0.074863 -0.026936 0.995891
1504645529.451932 -0.740191 -0.133620 1.334979 0.044225 -0.073209 -0.026827 0.995974
1504645529.518595 -0.727186 -0.119602 1.304855 0.045465 -0.073507 -0.027953 0.995866
1504645529.585262 -0.712517 -0.112474 1.265884 0.043281 -0.073716 -0.027397 0.995963
1504645529.651928 -0.700201 -0.105448 1.227451 0.041951 -0.075089 -0.026522 0.995941
1504645529.718603 -0.693114 -0.092748 1.193315 0.042540 -0.075288 -0.025398 0.995930
1504645529.785261 -0.680564 -0.083759 1.149720 0.042220 -0.076540 -0.024680 0.995866
1504645529.851928 -0.676289 -0.070678 1.105989 0.041813 -0.075844 -0.024724 0.995936
1504645529.918596 -0.667111 -0.055620 1.063994 0.042467 -0.075773 -0.025833 0.995885
1504645529.985260 -0.658930 -0.036171 1.026122 0.043168 -0.077158 -0.024282 0.995788
1504645530.051926 -0.649365 -0.018767 0.973491 0.042212 -0.079015 -0.022242 0.995731
1504645530.118593 -0.640302 -0.001000 0.927978 0.039665 -0.081360 -0.019897 0.995696
1504645530.185264 -0.629839 0.021520 0.889958 0.039376 -0.083408 -0.018483 0.995566
1504645530.251931 -0.616371 0.044642 0.843532 0.038405 -0.084267 -0.017996 0.995540
1504645530.318594 -0.607891 0.070948 0.797913 0.036590 -0.085272 -0.016717 0.995545
1504645530.385261 -0.596240 0.095153 0.751520 0.035127 -0.086361 -0.016495 0.995508
1504645530.451929 -0.585891 0.122803 0.711385 0.035487 -0.085859 -0.019096 0.995492
1504645530.518594 -0.570044 0.149233 0.666603 0.035657 -0.086627 -0.019938 0.995403
1504645530.585261 -0.554762 0.174377 0.625957 0.034711 -0.087691 -0.019471 0.995352
1504645530.651928 -0.537834 0.201842 0.578732 0.034036 -0.087783 -0.019214 0.995373
1504645530.718597 -0.521565 0.229250 0.531876 0.032363 -0.087306 -0.019189 0.995471
1504645530.785259 -0.503028 0.258996 0.485317 0.028716 -0.086494 -0.019540 0.995647
1504645530.851926 -0.485911 0.289889 0.440529 0.025680 -0.085313 -0.018799 0.995846
1504645530.918593 -0.465101 0.320747 0.395799 0.024680 -0.085412 -0.017351 0.995889
1504645530.985259 -0.443555 0.352093 0.353424 0.023843 -0.085073 -0.017858 0.995929
1504645531.051925 -0.418742 0.385403 0.308700 0.022409 -0.084581 -0.019719 0.995969
1504645531.118592 -0.396759 0.414656 0.265179 0.019460 -0.082695 -0.021219 0.996159
1504645531.185259 -0.371837 0.445334 0.222358 0.018150 -0.081848 -0.021980 0.996237
1504645531.251925 -0.349145 0.475036 0.182252 0.016449 -0.080477 -0.024117 0.996329
1504645531.318596 -0.321528 0.501410 0.140704 0.015109 -0.079072 -0.026900 0.996391
1504645531.385258 -0.298707 0.526858 0.105431 0.017513 -0.076880 -0.029833 0.996440
1504645531.451925 -0.276116 0.549269 0.063871 0.020552 -0.074941 -0.031143 0.996490
1504645531.518593 -0.253612 0.575448 0.027909 0.021204 -0.075214 -0.029648 0.996501
1504645531.585258 -0.232285 0.603267 -0.012545 0.019380 -0.075085 -0.028593 0.996579
1504645531.651927 -0.208430 0.626080 -0.056006 0.015535 -0.075813 -0.027042 0.996634
1504645531.718595 -0.187660 0.648973 -0.089895 0.015719 -0.074639 -0.028570 0.996677
1504645531.785262 -0.164342 0.669367 -0.128639 0.016456 -0.073788 -0.028629 0.996727
1504645531.851925 -0.150537 0.691755 -0.159115 0.020217 -0.074165 -0.027982 0.996648
1504645531.918593 -0.122997 0.714677 -0.196568 0.022775 -0.075663 -0.022748 0.996614
1504645531.985260 -0.098573 0.738840 -0.235831 0.023258 -0.075593 -0.024795 0.996559
1504645532.051925 -0.077426 0.759964 -0.275265 0.020338 -0.073378 -0.025399 0.996773
1504645532.118591 -0.051685 0.784092 -0.313746 0.018290 -0.072629 -0.027756 0.996805
1504645532.185260 -0.027188 0.812141 -0.354017 0.015915 -0.071470 -0.029622 0.996876
1504645532.251924 0.001170 0.834340 -0.397568 0.013177 -0.070671 -0.031427 0.996917
