1504645186.555332 -0.000000 -0.000000 -0.000000 -0.000000 -0.000000 -0.000000 1.000000
1504645186.755335 0.039081 -0.026921 0.051974 -0.002815 -0.002447 0.000500 0.999993
1504645186.955332 0.082206 -0.058481 0.111422 -0.002075 -0.005310 0.000828 0.999983
1504645187.155332 0.135053 -0.110080 0.174670 0.002718 -0.005042 -0.004663 0.999973
1504645187.355339 0.190081 -0.162691 0.233122 0.004945 0.001910 -0.007125 0.999961
1504645187.555333 0.240046 -0.224065 0.288719 0.002897 0.013452 -0.003683 0.999899
1504645187.755334 0.289617 -0.283995 0.347360 0.001630 0.026880 0.001613 0.999636
1504645187.955336 0.335958 -0.335978 0.413576 0.000995 0.040792 0.008218 0.999133
1504645188.155336 0.381898 -0.386846 0.487995 0.001284 0.049520 0.014690 0.998664
1504645188.355363 0.416143 -0.447051 0.559902 0.000645 0.054034 0.016898 0.998396
1504645188.555333 0.455687 -0.513021 0.636963 -0.000409 0.053770 0.017942 0.998392
1504645188.755336 0.488390 -0.576906 0.723141 0.001224 0.052687 0.018827 0.998433
1504645188.955337 0.527040 -0.635380 0.814813 0.001665 0.055145 0.019217 0.998292
1504645189.155334 0.564966 -0.679096 0.908173 0.002635 0.061088 0.022695 0.997871
1504645189.355345 0.598633 -0.738773 1.008809 0.006008 0.067874 0.024589 0.997373
1504645189.555337 0.638080 -0.798061 1.105690 0.008725 0.072068 0.024858 0.997052
1504645189.755333 0.669945 -0.878189 1.187394 0.009164 0.075376 0.027332 0.996738
1504645189.955334 0.706902 -0.959329 1.267127 0.016954 0.083306 0.025611 0.996051
1504645190.155334 0.739775 -1.039074 1.335452 0.020480 0.091747 0.029556 0.995133
1504645190.355333 0.761359 -1.102039 1.399010 0.020003 0.104544 0.030895 0.993839
1504645190.555356 0.770536 -1.152458 1.456464 0.017454 0.112759 0.036805 0.992787
1504645190.755344 0.777592 -1.211953 1.507501 0.013737 0.115756 0.041164 0.992329
1504645190.955341 0.772067 -1.268590 1.550873 0.017646 0.118454 0.040725 0.991967
1504645191.155334 0.758808 -1.326694 1.592186 0.017479 0.117984 0.041989 0.991973
1504645191.355353 0.744114 -1.369770 1.616993 0.003023 0.111426 0.040622 0.992938
1504645191.555335 0.717256 -1.407593 1.663779 0.006623 0.097893 0.030854 0.994696
1504645191.755336 0.688573 -1.448611 1.711450 0.003887 0.088218 0.019967 0.995894
1504645191.955355 0.669955 -1.492882 1.761454 0.003051 0.082954 0.011017 0.996488
1504645192.155359 0.624060 -1.538570 1.823254 -0.002749 0.084294 0.012630 0.996357
1504645192.355335 0.576243 -1.576524 1.896782 -0.010795 0.080237 0.022143 0.996471
1504645192.555344 0.524123 -1.629019 1.990339 -0.013315 0.082858 0.026442 0.996122
1504645192.755334 0.482302 -1.683790 2.097659 -0.013060 0.085480 0.027517 0.995874
1504645192.955348 0.444913 -1.754131 2.217639 -0.016635 0.084933 0.031160 0.995760
1504645193.155334 0.391174 -1.843404 2.358821 -0.004558 0.085196 0.031810 0.995846
1504645193.355343 0.341418 -1.941462 2.509876 -0.001886 0.081640 0.038085 0.995932
1504645193.555337 0.303653 -2.027346 2.673760 0.004021 0.076618 0.044794 0.996046
1504645193.755339 0.271726 -2.123287 2.841628 0.015066 0.072173 0.051011 0.995973
1504645193.955335 0.254655 -2.230302 2.997440 0.030685 0.069073 0.052896 0.995736
1504645194.155352 0.250713 -2.339272 3.136141 0.033174 0.068412 0.048631 0.995919
1504645194.355337 0.263730 -2.438401 3.252336 0.033345 0.070097 0.045800 0.995930
1504645194.555339 0.286482 -2.515345 3.365519 0.033366 0.075955 0.044427 0.995562
1504645194.755337 0.321116 -2.573968 3.465816 0.038060 0.082855 0.044826 0.994825
1504645194.955336 0.354695 -2.599908 3.566197 0.043214 0.087739 0.048020 0.994047
1504645195.155339 0.399882 -2.660822 3.621463 0.038820 0.090569 0.050328 0.993860
1504645195.355334 0.447074 -2.697593 3.671412 0.036258 0.096468 0.042270 0.993777
1504645195.555335 0.505324 -2.732489 3.702507 0.032862 0.100786 0.038866 0.993605
1504645195.755375 0.554012 -2.740946 3.738478 0.033589 0.106711 0.037707 0.993007
1504645195.955350 0.597177 -2.734305 3.767236 0.033449 0.111377 0.037620 0.992502
1504645196.155357 0.646141 -2.725627 3.771486 0.033570 0.108850 0.045242 0.992460
1504645196.355342 0.683202 -2.722302 3.773957 0.033721 0.110354 0.044845 0.992307
1504645196.555344 0.720245 -2.716882 3.759269 0.034461 0.112719 0.037812 0.992309
1504645196.755345 0.747183 -2.702775 3.750448 0.034528 0.113983 0.036520 0.992211
1504645196.955340 0.766742 -2.691891 3.731258 0.032010 0.112208 0.036955 0.992481
1504645197.155371 0.797621 -2.675220 3.679939 0.033115 0.108889 0.037997 0.992775
1504645197.355373 0.810282 -2.663432 3.639997 0.031285 0.109390 0.035701 0.992865
1504645197.555420 0.810106 -2.641590 3.601173 0.031266 0.109300 0.036877 0.992832
1504645197.755345 0.813022 -2.618261 3.543563 0.032387 0.108298 0.036008 0.992938
1504645197.955354 0.808152 -2.572920 3.489381 0.033172 0.109978 0.035739 0.992737
1504645198.155335 0.802882 -2.520761 3.436645 0.033799 0.108549 0.037699 0.992801
1504645198.355336 0.789895 -2.464159 3.377095 0.033670 0.106928 0.040501 0.992871
1504645198.555337 0.783337 -2.401454 3.305146 0.032304 0.105677 0.042221 0.992978
1504645198.755353 0.767888 -2.343254 3.222275 0.031017 0.107916 0.042050 0.992786
1504645198.955346 0.756157 -2.281202 3.135536 0.031383 0.114155 0.042972 0.992037
1504645199.155335 0.745418 -2.205075 3.043209 0.026053 0.124136 0.043009 0.990990
1504645199.355355 0.720947 -2.119915 2.948409 0.014451 0.134185 0.046706 0.989750
1504645199.555335 0.691615 -2.049598 2.859682 0.009509 0.140000 0.050117 0.988837
1504645199.755337 0.646734 -1.990331 2.778281 0.007070 0.143137 0.052241 0.988298
1504645199.955348 0.598146 -1.941029 2.713659 0.006235 0.144574 0.056235 0.987875
1504645200.155339 0.541126 -1.899467 2.662313 0.012533 0.144485 0.065693 0.987244
1504645200.355336 0.483685 -1.866393 2.616270 0.015631 0.153222 0.069614 0.985613
1504645200.555341 0.429358 -1.822295 2.572425 0.012642 0.169732 0.077060 0.982392
1504645200.755337 0.384066 -1.783358 2.536272 0.009538 0.182510 0.093172 0.978733
1504645200.955344 0.345734 -1.762041 2.492206 0.007583 0.190503 0.106180 0.975898
1504645201.155340 0.335878 -1.759062 2.460515 0.008271 0.196552 0.113107 0.973913
1504645201.355338 0.294184 -1.782010 2.446184 0.012410 0.209944 0.118459 0.970431
1504645201.555343 0.300700 -1.794853 2.428521 0.014603 0.219360 0.127289 0.967195
1504645201.755336 0.318902 -1.801941 2.401212 0.015119 0.235626 0.131057 0.962848
1504645201.955336 0.347323 -1.819457 2.383610 0.017611 0.252506 0.133443 0.958188
1504645202.155338 0.375642 -1.825432 2.370270 0.018210 0.264619 0.139912 0.953976
1504645202.355355 0.408394 -1.839992 2.353893 0.015750 0.273182 0.144679 0.950890
1504645202.555343 0.469347 -1.843095 2.330862 0.016788 0.277000 0.145966 0.949570
1504645202.755336 0.518240 -1.835929 2.324418 0.024828 0.281532 0.143919 0.948373
1504645202.955367 0.572043 -1.814283 2.326726 0.033962 0.282700 0.144064 0.947720
1504645203.155338 0.628192 -1.801144 2.301691 0.036509 0.284487 0.140566 0.947616
1504645203.355338 0.668845 -1.778297 2.273476 0.037945 0.288760 0.135866 0.946952
1504645203.555344 0.703015 -1.742040 2.234385 0.036581 0.289696 0.140647 0.946021
1504645203.755355 0.735953 -1.696852 2.186890 0.031805 0.290898 0.145653 0.945067
1504645203.955346 0.771027 -1.639727 2.134633 0.028784 0.291732 0.150345 0.944172
1504645204.155342 0.795810 -1.581724 2.082372 0.027416 0.296573 0.152448 0.942366
1504645204.355337 0.833251 -1.516088 2.023893 0.028021 0.299382 0.153645 0.941264
1504645204.555338 0.874995 -1.466491 1.942610 0.028281 0.305037 0.148944 0.940196
1504645204.755339 0.903388 -1.423933 1.874056 0.026206 0.308574 0.148406 0.939186
1504645204.955338 0.929514 -1.378577 1.798913 0.025005 0.304978 0.151502 0.939899
1504645205.155337 0.955721 -1.337022 1.715442 0.023976 0.292596 0.155445 0.943212
1504645205.355354 0.988419 -1.305326 1.614709 0.020713 0.276211 0.149647 0.949149
1504645205.555343 1.022446 -1.289957 1.529432 0.020302 0.254366 0.134397 0.957509
1504645205.755364 1.054417 -1.296667 1.424759 0.020335 0.237269 0.119980 0.963792
1504645205.955337 1.091103 -1.297569 1.330763 0.019279 0.231234 0.109386 0.966537
1504645206.155341 1.138479 -1.290084 1.240265 0.018592 0.224960 0.106416 0.968361
1504645206.355352 1.197566 -1.288012 1.155481 0.013909 0.218097 0.107122 0.969930
1504645206.555352 1.266810 -1.268267 1.090617 0.015154 0.208674 0.104259 0.972294
1504645206.755342 1.272708 -1.251987 1.045340 0.017355 0.207747 0.096976 0.973209
1504645206.955338 1.295271 -1.206810 1.012649 0.020636 0.203811 0.091770 0.974481
1504645207.155340 1.326417 -1.156846 0.979555 0.018868 0.193759 0.085394 0.977143
1504645207.355338 1.363240 -1.112303 0.955801 0.019457 0.175401 0.079250 0.981109
1504645207.555338 1.374203 -1.073625 0.932585 0.021782 0.157789 0.067682 0.984910
1504645207.755350 1.375825 -1.051890 0.905012 0.021075 0.144150 0.057684 0.987648
1504645207.955350 1.378354 -1.001955 0.889863 0.023692 0.143649 0.043480 0.988389
1504645208.155341 1.392197 -0.966238 0.866696 0.022675 0.143187 0.034714 0.988827
1504645208.355343 1.357426 -0.912682 0.859192 0.023549 0.143227 0.035000 0.988790
1504645208.555338 1.290902 -0.869808 0.841792 0.027382 0.131890 0.041987 0.989996
1504645208.755343 1.217324 -0.831980 0.827915 0.029695 0.115239 0.043193 0.991954
1504645208.955340 1.146902 -0.787733 0.804439 0.031527 0.103138 0.031210 0.993677
1504645209.155343 1.059649 -0.737471 0.782679 0.031055 0.088410 0.020211 0.995395
1504645209.355341 0.957748 -0.684176 0.749432 0.029344 0.066508 0.016362 0.997220
1504645209.555342 0.845297 -0.627270 0.715910 0.028591 0.045636 0.011578 0.998482
1504645209.755338 0.741546 -0.577805 0.672362 0.029385 0.030529 0.007412 0.999074
1504645209.955339 0.637580 -0.509363 0.631760 0.029126 0.022781 0.003131 0.999311
1504645210.155339 0.534744 -0.447039 0.580495 0.026873 0.017947 -0.000261 0.999478
1504645210.355340 0.428450 -0.376481 0.532043 0.026369 0.014186 -0.002877 0.999547
1504645210.555340 0.318195 -0.304484 0.473503 0.022034 0.010733 -0.004865 0.999688
1504645210.755349 0.207058 -0.236834 0.412048 0.014731 0.005238 -0.006610 0.999856
1504645210.955338 0.092109 -0.185878 0.356533 0.012806 -0.000049 -0.009586 0.999872
1504645211.155354 -0.017251 -0.140373 0.307135 0.018423 -0.006311 -0.011208 0.999748
1504645211.355343 -0.128947 -0.104698 0.258129 0.029996 -0.011649 -0.011815 0.999412
1504645211.555384 -0.238000 -0.070982 0.197137 0.033567 -0.015712 -0.014402 0.999209
1504645211.755340 -0.350027 -0.028880 0.124636 0.030535 -0.018834 -0.014264 0.999255
1504645211.955339 -0.448563 0.015993 0.040874 0.019669 -0.020670 -0.013474 0.999502
1504645212.155344 -0.549582 0.055802 -0.042401 0.008974 -0.020350 -0.010828 0.999694
1504645212.355361 -0.628542 0.098986 -0.110390 0.001997 -0.019290 -0.010528 0.999757
1504645212.555342 -0.707957 0.128374 -0.167670 0.001184 -0.017933 -0.007578 0.999810
1504645212.755339 -0.780616 0.161753 -0.205571 0.000232 -0.020041 -0.006781 0.999776
1504645212.955345 -0.845794 0.200105 -0.226988 0.001995 -0.023794 -0.006981 0.999691
1504645213.155339 -0.906536 0.216210 -0.243936 0.002169 -0.030095 -0.006103 0.999526
1504645213.355340 -0.951202 0.219541 -0.247973 -0.001085 -0.036021 -0.006053 0.999332
1504645213.555346 -0.998331 0.201021 -0.226366 -0.001710 -0.035451 -0.009365 0.999326
1504645213.755346 -1.021933 0.135944 -0.248505 -0.001223 -0.032193 -0.014842 0.999371
1504645213.955343 -1.043814 0.080214 -0.221986 0.005385 -0.032010 -0.010626 0.999417
1504645214.155342 -1.056007 0.015606 -0.194573 0.008774 -0.029415 -0.006271 0.999509
1504645214.355341 -1.074532 -0.032704 -0.161124 0.016406 -0.021848 -0.005690 0.999610
1504645214.555341 -1.063577 -0.091076 -0.133523 0.018356 -0.022315 -0.004138 0.999574
1504645214.755349 -1.054595 -0.142444 -0.091997 0.019937 -0.023241 -0.000790 0.999531
1504645214.955341 -1.052625 -0.195124 -0.064237 0.016040 -0.021760 -0.004107 0.999626
1504645215.155341 -1.022346 -0.236980 -0.041467 0.012279 -0.023295 -0.007977 0.999621
1504645215.355350 -0.979873 -0.261906 0.000531 0.008585 -0.025653 -0.011284 0.999570
1504645215.555339 -0.943956 -0.287820 0.043825 0.009326 -0.028537 -0.010766 0.999491
1504645215.755383 -0.895141 -0.294550 0.106798 0.010749 -0.031290 -0.009936 0.999403
1504645215.955340 -0.846909 -0.308721 0.168520 0.011958 -0.034284 -0.010268 0.999288
1504645216.155343 -0.786928 -0.332597 0.234386 0.015667 -0.036316 -0.011513 0.999151
1504645216.355353 -0.724142 -0.364088 0.290990 0.016193 -0.036474 -0.017631 0.999048
1504645216.555341 -0.657706 -0.388294 0.355347 0.014945 -0.037221 -0.023792 0.998912
1504645216.755347 -0.590399 -0.421265 0.414284 0.011625 -0.040506 -0.025173 0.998795
1504645216.955342 -0.529454 -0.462017 0.476564 0.007705 -0.042882 -0.024839 0.998742
1504645217.155340 -0.468881 -0.506600 0.542976 0.008123 -0.042494 -0.029511 0.998628
1504645217.355345 -0.414567 -0.566767 0.614289 0.009396 -0.041831 -0.034580 0.998482
1504645217.555357 -0.367822 -0.625070 0.687449 0.008801 -0.044312 -0.035574 0.998345
1504645217.755341 -0.331494 -0.692907 0.758365 0.005943 -0.046580 -0.034303 0.998308
1504645217.955345 -0.308165 -0.758570 0.849731 0.001580 -0.050293 -0.029173 0.998307
1504645218.155342 -0.290621 -0.823548 0.954451 0.001296 -0.053424 -0.023197 0.998302
1504645218.355351 -0.277847 -0.886300 1.081760 0.001436 -0.054344 -0.024090 0.998231
1504645218.555340 -0.252240 -0.952415 1.211238 0.004943 -0.055696 -0.024895 0.998125
1504645218.755340 -0.212908 -1.021248 1.350812 0.012601 -0.057163 -0.029444 0.997851
1504645218.955345 -0.187306 -1.095246 1.489631 0.024418 -0.056983 -0.034521 0.997479
1504645219.155341 -0.168408 -1.181228 1.621301 0.029724 -0.059045 -0.036557 0.997143
1504645219.355343 -0.149913 -1.264423 1.725053 0.027045 -0.060670 -0.037299 0.997094
1504645219.555352 -0.129708 -1.339765 1.831269 0.024793 -0.063493 -0.038737 0.996922
1504645219.755355 -0.112684 -1.384857 1.942324 0.023748 -0.066413 -0.037547 0.996803
1504645219.955362 -0.098051 -1.422903 2.049104 0.024679 -0.068792 -0.040580 0.996500
1504645220.155381 -0.089432 -1.435427 2.161970 0.026246 -0.070300 -0.043934 0.996212
1504645220.355391 -0.075471 -1.437122 2.260428 0.027233 -0.073368 -0.044463 0.995941
1504645220.555347 -0.057509 -1.433974 2.349999 0.028487 -0.077685 -0.046050 0.995506
1504645220.755364 -0.037770 -1.435600 2.420006 0.026250 -0.082186 -0.048475 0.995091
1504645220.955396 -0.029350 -1.445420 2.481364 0.025830 -0.086650 -0.051541 0.994569
1504645221.155359 -0.012440 -1.445571 2.535401 0.025551 -0.091903 -0.054395 0.993953
1504645221.355350 -0.011885 -1.449753 2.591447 0.025467 -0.093987 -0.057562 0.993582
1504645221.555362 -0.003997 -1.452226 2.630917 0.026236 -0.097876 -0.056429 0.993251
1504645221.755389 0.015027 -1.464155 2.660194 0.023019 -0.102782 -0.057080 0.992798
1504645221.955406 0.018033 -1.483264 2.676308 0.020598 -0.104136 -0.059054 0.992595
1504645222.155356 0.029210 -1.504244 2.672399 0.015360 -0.105824 -0.059660 0.992475
1504645222.355372 0.038907 -1.528575 2.684484 0.010634 -0.108188 -0.061355 0.992178
1504645222.555343 0.063444 -1.537674 2.694533 0.012489 -0.112728 -0.061516 0.991641
1504645222.755352 0.067990 -1.560269 2.711374 0.010334 -0.114940 -0.062582 0.991345
1504645222.955387 0.072235 -1.586369 2.736127 0.008766 -0.116963 -0.064696 0.990988
1504645223.155357 0.074810 -1.630618 2.756958 0.007165 -0.115776 -0.066679 0.991009
1504645223.355341 0.073940 -1.666539 2.796204 0.017964 -0.110567 -0.065922 0.991517
1504645223.555343 0.067500 -1.719931 2.824941 0.021640 -0.099114 -0.062428 0.992880
1504645223.755425 0.071956 -1.740877 2.853340 0.024468 -0.090393 -0.053936 0.994144
1504645223.955349 0.077553 -1.760776 2.872813 0.025287 -0.085573 -0.046000 0.994948
1504645224.155343 0.075497 -1.789176 2.885198 0.021285 -0.081152 -0.038710 0.995722
1504645224.355368 0.087347 -1.816956 2.889849 0.015218 -0.076495 -0.037499 0.996248
1504645224.555358 0.105767 -1.862499 2.887668 0.007321 -0.067791 -0.034683 0.997070
1504645224.755440 0.125667 -1.904548 2.896042 0.003513 -0.057710 -0.030483 0.997862
1504645224.955347 0.150661 -1.923661 2.922382 0.007745 -0.047800 -0.023914 0.998541
1504645225.155348 0.175017 -1.950601 2.954482 0.008987 -0.040182 -0.015726 0.999028
1504645225.355346 0.207932 -1.981145 2.984611 0.006833 -0.034529 -0.010747 0.999323
1504645225.555343 0.256545 -2.018158 3.018581 0.003812 -0.028373 -0.009668 0.999543
1504645225.755346 0.310002 -2.055470 3.068409 0.007269 -0.018396 -0.008826 0.999765
1504645225.955346 0.375509 -2.086757 3.118428 0.018165 -0.003729 -0.009500 0.999783
1504645226.155355 0.437321 -2.108203 3.168581 0.015594 0.008543 -0.006132 0.999823
1504645226.355343 0.487029 -2.136937 3.213587 0.011873 0.019651 0.001680 0.999735
1504645226.555385 0.548741 -2.173334 3.261382 0.015201 0.027232 0.000441 0.999514
1504645226.755342 0.601016 -2.203944 3.300967 0.022012 0.032555 0.000416 0.999227
1504645226.955342 0.642355 -2.227234 3.336268 0.021472 0.034965 0.002210 0.999155
1504645227.155343 0.677655 -2.259559 3.360894 0.013505 0.036459 0.006438 0.999223
1504645227.355350 0.713315 -2.287008 3.389549 0.008769 0.040122 0.010454 0.999102
1504645227.555343 0.744343 -2.309263 3.418426 0.006816 0.045587 0.011009 0.998877
1504645227.755345 0.772021 -2.343845 3.449326 0.006716 0.051928 0.015885 0.998502
1504645227.955373 0.794908 -2.385869 3.482060 0.007925 0.057768 0.020978 0.998078
1504645228.155379 0.813302 -2.437005 3.510194 0.008350 0.068813 0.022847 0.997333
1504645228.355342 0.831771 -2.489100 3.536641 0.014613 0.079135 0.027402 0.996380
1504645228.555344 0.844439 -2.536914 3.573703 0.017798 0.090277 0.034919 0.995145
1504645228.755344 0.852275 -2.572244 3.597723 0.016636 0.101604 0.043112 0.993751
1504645228.955345 0.861008 -2.595001 3.624300 0.017561 0.112953 0.050079 0.992182
1504645229.155354 0.871985 -2.617341 3.648313 0.020748 0.126079 0.053652 0.990351
1504645229.355363 0.878536 -2.611181 3.670080 0.023896 0.136765 0.059958 0.988499
1504645229.555359 0.890370 -2.611134 3.679252 0.020899 0.145207 0.066274 0.986958
1504645229.755343 0.892236 -2.614428 3.686261 0.020605 0.154198 0.071573 0.985229
1504645229.955404 0.892017 -2.615226 3.688882 0.018985 0.162562 0.072000 0.983885
1504645230.155356 0.888402 -2.612835 3.685417 0.019649 0.173285 0.072051 0.982036
1504645230.355350 0.875192 -2.607507 3.673435 0.021243 0.183411 0.079717 0.979568
1504645230.555419 0.871314 -2.575674 3.656193 0.025555 0.191421 0.088183 0.977205
1504645230.755385 0.875444 -2.511954 3.634956 0.028320 0.201419 0.089541 0.974993
1504645230.955354 0.854024 -2.486494 3.605076 0.027279 0.212974 0.096131 0.971935
1504645231.155344 0.835668 -2.472582 3.551862 0.024898 0.223202 0.103642 0.968927
1504645231.355378 0.809267 -2.463786 3.491436 0.024598 0.235263 0.113366 0.964984
1504645231.555346 0.778906 -2.449692 3.429364 0.022717 0.248298 0.123384 0.960525
1504645231.755343 0.752942 -2.435062 3.371387 0.021581 0.262237 0.133742 0.955447
1504645231.955349 0.730210 -2.404561 3.310638 0.022662 0.278265 0.141825 0.949706
1504645232.155346 0.723104 -2.363107 3.251292 0.026445 0.286379 0.149722 0.945976
1504645232.355347 0.706931 -2.316380 3.187285 0.026916 0.293203 0.154821 0.943047
1504645232.555344 0.705732 -2.272973 3.116555 0.026081 0.296422 0.159500 0.941283
1504645232.755353 0.699225 -2.229540 3.037626 0.025628 0.302064 0.160906 0.939260
1504645232.955348 0.706790 -2.171794 2.952385 0.024169 0.309572 0.162710 0.936540
1504645233.155346 0.716668 -2.111480 2.865021 0.022176 0.319487 0.165016 0.932849
1504645233.355353 0.727926 -2.034884 2.780464 0.021064 0.328071 0.169131 0.929150
1504645233.555344 0.747057 -1.951834 2.696401 0.023306 0.334309 0.170036 0.926705
1504645233.755345 0.762986 -1.884214 2.598627 0.022895 0.338632 0.173504 0.924500
1504645233.955359 0.786041 -1.824509 2.491117 0.023002 0.343918 0.174683 0.922322
1504645234.155344 0.811187 -1.775942 2.369614 0.019011 0.348036 0.178721 0.920092
1504645234.355348 0.839074 -1.744130 2.247138 0.018210 0.353868 0.179499 0.917729
1504645234.555344 0.869471 -1.701941 2.112310 0.016267 0.361626 0.181259 0.914389
1504645234.755345 0.905748 -1.674635 1.975370 0.012874 0.371884 0.186885 0.909181
1504645234.955352 0.944625 -1.638966 1.853370 0.012063 0.386925 0.186476 0.902978
1504645235.155382 0.976321 -1.595978 1.746715 0.013384 0.397348 0.190066 0.897669
1504645235.355350 1.000576 -1.533645 1.650744 0.017380 0.403970 0.192808 0.894053
1504645235.555345 1.016137 -1.459520 1.569551 0.018656 0.403428 0.193136 0.894202
1504645235.755351 1.035030 -1.380144 1.486683 0.021095 0.394261 0.188967 0.899113
1504645235.955345 1.057607 -1.318273 1.395211 0.021403 0.379648 0.183375 0.906523
1504645236.155345 1.057905 -1.253958 1.301531 0.020723 0.371392 0.172700 0.912038
1504645236.355353 1.062893 -1.194465 1.200345 0.015823 0.364459 0.169410 0.915543
1504645236.555347 1.048811 -1.125056 1.123704 0.013085 0.365520 0.170193 0.915018
1504645236.755348 1.040488 -1.043463 1.048837 0.014404 0.366100 0.172408 0.914351
1504645236.955355 1.032708 -0.979074 0.980272 0.017755 0.366001 0.170695 0.914653
1504645237.155345 1.021690 -0.896353 0.920917 0.019202 0.358218 0.164614 0.918811
1504645237.355346 0.988237 -0.842235 0.832556 0.017316 0.343533 0.160319 0.925193
1504645237.555354 0.955600 -0.786085 0.764885 0.016527 0.331954 0.152173 0.930794
1504645237.755367 0.922314 -0.732058 0.707939 0.016150 0.321010 0.146180 0.935587
1504645237.955356 0.870924 -0.666051 0.666875 0.020705 0.319251 0.138117 0.937323
1504645238.155349 0.846171 -0.602097 0.601951 0.025014 0.315795 0.138026 0.938401
1504645238.355345 0.781637 -0.527063 0.564144 0.028632 0.320938 0.135830 0.936872
1504645238.555362 0.721300 -0.466577 0.504095 0.029089 0.324725 0.137306 0.935337
1504645238.755350 0.633900 -0.401039 0.435321 0.027862 0.328700 0.140850 0.933457
1504645238.955346 0.537297 -0.332379 0.364145 0.026353 0.327217 0.144175 0.933514
1504645239.155356 0.431643 -0.279859 0.277641 0.022578 0.329662 0.144604 0.932686
1504645239.355345 0.307931 -0.223043 0.197751 0.012558 0.326220 0.148638 0.933450
1504645239.555350 0.183227 -0.185045 0.121597 0.005051 0.308923 0.144731 0.939997
1504645239.755345 0.060556 -0.162951 0.043540 0.005877 0.280261 0.138547 0.949855
1504645239.955346 -0.053807 -0.146549 -0.031455 0.004980 0.246811 0.135273 0.959563
1504645240.155346 -0.144831 -0.135482 -0.108323 0.006384 0.215569 0.124131 0.968546
1504645240.355347 -0.216008 -0.117790 -0.170695 0.006036 0.194130 0.112301 0.974508
1504645240.555345 -0.281729 -0.095171 -0.237496 0.002331 0.176683 0.107185 0.978412
1504645240.755347 -0.322196 -0.066782 -0.297190 0.001032 0.162771 0.101041 0.981476
1504645240.955350 -0.346051 -0.033188 -0.337043 -0.003442 0.154268 0.094366 0.983506
1504645241.155345 -0.370752 -0.002615 -0.377024 -0.012175 0.151441 0.083881 0.984826
1504645241.355353 -0.346824 0.047041 -0.396924 -0.011637 0.148504 0.073283 0.986124
1504645241.555361 -0.303275 0.094379 -0.381916 -0.007648 0.146178 0.064990 0.987092
1504645241.755363 -0.303385 0.129447 -0.368859 -0.005577 0.144474 0.061525 0.987578
1504645241.955351 -0.284988 0.182765 -0.337610 -0.002548 0.136256 0.059805 0.988864
1504645242.155349 -0.258316 0.253160 -0.269476 0.005113 0.126030 0.052747 0.990610
1504645242.355348 -0.243032 0.297966 -0.226721 0.011374 0.114797 0.047217 0.992201
1504645242.555348 -0.230881 0.361824 -0.185007 0.013376 0.106808 0.040303 0.993372
1504645242.755350 -0.230278 0.416506 -0.148380 0.011828 0.100630 0.036860 0.994171
1504645242.955346 -0.236393 0.454705 -0.118288 0.007644 0.100564 0.036760 0.994222
1504645243.155349 -0.245637 0.496495 -0.097154 0.002856 0.101722 0.039191 0.994037
1504645243.355347 -0.262547 0.540512 -0.072186 -0.001559 0.100237 0.042636 0.994048
1504645243.555350 -0.264471 0.575846 -0.035783 0.002478 0.095521 0.045851 0.994368
1504645243.755346 -0.282451 0.602339 -0.009409 -0.002622 0.095946 0.049177 0.994168
1504645243.955349 -0.286005 0.622563 0.024792 -0.000076 0.090777 0.047502 0.994738
1504645244.155346 -0.280146 0.642078 0.071563 0.002253 0.088865 0.042150 0.995149
1504645244.355349 -0.283285 0.662215 0.111412 0.002882 0.088471 0.035994 0.995424
1504645244.555350 -0.319936 0.713922 0.195507 0.017109 0.089705 0.038845 0.995063
1504645244.755347 -0.288928 0.682787 0.201005 -0.000076 0.078628 0.035894 0.996258
1504645244.955364 -0.262102 0.666988 0.227412 -0.014257 0.070173 0.035602 0.996797
1504645245.155348 -0.268267 0.670732 0.215129 -0.000305 0.073226 0.035447 0.996685
1504645245.355349 -0.268351 0.678547 0.210953 -0.001083 0.073211 0.035199 0.996695
1504645245.555349 -0.262750 0.679087 0.209143 -0.004982 0.071001 0.036570 0.996793
1504645245.755364 -0.231313 0.668536 0.223014 -0.002553 0.072079 0.034721 0.996791
