1504645294.385332 -0.000000 -0.000000 -0.000000 -0.000000 -0.000000 -0.000000 1.000000
1504645294.585355 -0.034031 -0.067403 0.061383 0.007008 -0.002229 0.005831 0.999956
1504645294.785348 -0.078742 -0.139353 0.164416 0.013231 -0.003807 0.008074 0.999873
1504645294.985337 -0.118400 -0.226817 0.247326 0.009832 -0.005850 0.004284 0.999925
1504645295.185337 -0.148782 -0.292350 0.362425 0.014979 -0.008511 0.004574 0.999841
1504645295.385333 -0.184398 -0.371191 0.475689 0.024025 -0.007444 0.003161 0.999679
1504645295.585334 -0.228902 -0.444775 0.602666 0.030868 -0.004232 0.004847 0.999503
1504645295.785336 -0.267199 -0.508628 0.725535 0.031116 -0.000359 0.008819 0.999477
1504645295.985333 -0.313670 -0.557812 0.861042 0.031733 0.013360 0.016826 0.999265
1504645296.185334 -0.359561 -0.605347 0.981120 0.032127 0.036690 0.025490 0.998485
1504645296.385335 -0.404163 -0.640483 1.114832 0.034662 0.053736 0.041737 0.997080
1504645296.585344 -0.455006 -0.681110 1.237273 0.045047 0.068328 0.052131 0.995281
1504645296.785333 -0.499814 -0.725041 1.341303 0.052746 0.073556 0.065607 0.993732
1504645296.985334 -0.528091 -0.757862 1.420436 0.054775 0.082639 0.064080 0.993008
1504645297.185342 -0.555348 -0.773262 1.492865 0.047308 0.095099 0.060562 0.992497
1504645297.385337 -0.585133 -0.792369 1.536377 0.028369 0.106138 0.063050 0.991945
1504645297.585335 -0.618856 -0.830972 1.582663 0.026835 0.115703 0.065565 0.990754
1504645297.785336 -0.655209 -0.878155 1.635255 0.035720 0.130617 0.071818 0.988183
1504645297.985333 -0.695368 -0.925615 1.677988 0.036330 0.151888 0.084922 0.984072
1504645298.185340 -0.739570 -0.957903 1.725224 0.031526 0.172117 0.096801 0.979802
1504645298.385337 -0.797581 -1.004621 1.764804 0.028354 0.190705 0.105623 0.975536
1504645298.585333 -0.858216 -1.052103 1.807625 0.029318 0.209219 0.115117 0.970627
1504645298.785337 -0.920980 -1.106522 1.847330 0.024321 0.224769 0.124385 0.966135
1504645298.985336 -0.989647 -1.153069 1.893434 0.016759 0.238318 0.136462 0.961406
1504645299.185338 -1.058716 -1.200283 1.951013 0.014528 0.252929 0.141476 0.956975
1504645299.385338 -1.121511 -1.252181 2.024458 0.016252 0.263668 0.146781 0.953242
1504645299.585334 -1.178702 -1.298847 2.100885 0.017400 0.275138 0.151970 0.949158
1504645299.785336 -1.235106 -1.348085 2.192460 0.020096 0.287954 0.162798 0.943491
1504645299.985342 -1.287132 -1.393339 2.289161 0.021101 0.298607 0.176262 0.937721
1504645300.185337 -1.322450 -1.425671 2.385525 0.022211 0.314121 0.177759 0.932328
1504645300.385336 -1.363439 -1.459448 2.497643 0.023085 0.323693 0.188703 0.926866
1504645300.585337 -1.393410 -1.486120 2.605285 0.027982 0.335080 0.188340 0.922749
1504645300.785334 -1.422405 -1.524247 2.704804 0.030383 0.339743 0.192388 0.920130
1504645300.985336 -1.449611 -1.571833 2.796228 0.039690 0.342497 0.198934 0.917358
1504645301.185341 -1.476621 -1.622469 2.865236 0.040238 0.344529 0.206772 0.914837
1504645301.385338 -1.500014 -1.665757 2.923926 0.037718 0.348071 0.215295 0.911632
1504645301.585352 -1.509113 -1.695966 2.967875 0.031324 0.352823 0.220670 0.908757
1504645301.785346 -1.505322 -1.717784 3.008457 0.031867 0.354693 0.231855 0.905219
1504645301.985334 -1.470314 -1.720824 3.038657 0.033175 0.366961 0.231611 0.900330
1504645302.185371 -1.426878 -1.723747 3.060025 0.037665 0.384634 0.227503 0.893801
1504645302.385343 -1.380233 -1.715484 3.071162 0.037268 0.393558 0.230983 0.889027
1504645302.585374 -1.333254 -1.708791 3.072002 0.039481 0.398852 0.236676 0.885066
1504645302.785360 -1.282946 -1.686587 3.068386 0.042547 0.397899 0.247652 0.882346
1504645302.985341 -1.228247 -1.656343 3.046716 0.042169 0.390882 0.245255 0.886162
1504645303.185336 -1.159108 -1.608200 3.008623 0.040512 0.381601 0.227399 0.895002
1504645303.385340 -1.085909 -1.555434 2.963686 0.037585 0.375233 0.203622 0.903507
1504645303.585341 -1.028639 -1.501203 2.919612 0.038853 0.364916 0.197117 0.909105
1504645303.785340 -0.978752 -1.448029 2.872408 0.038252 0.359619 0.189828 0.912785
1504645303.985338 -0.942625 -1.397547 2.818657 0.040284 0.352830 0.190934 0.915113
1504645304.185340 -0.916838 -1.359623 2.748951 0.043145 0.344352 0.192414 0.917898
1504645304.385335 -0.898340 -1.337502 2.658811 0.041392 0.336407 0.184218 0.922595
1504645304.585343 -0.887676 -1.333908 2.554483 0.041197 0.327686 0.172198 0.928048
1504645304.785340 -0.893918 -1.341224 2.441273 0.041721 0.314368 0.170275 0.932973
1504645304.985339 -0.907874 -1.349428 2.317873 0.041705 0.300603 0.163303 0.938739
1504645305.185339 -0.932506 -1.338359 2.199759 0.041847 0.288117 0.156542 0.943786
1504645305.385340 -0.960007 -1.320050 2.071037 0.038599 0.277993 0.146665 0.948536
1504645305.585338 -1.006487 -1.283005 1.965966 0.038532 0.268340 0.142566 0.951937
1504645305.785335 -1.061628 -1.228996 1.862424 0.040735 0.257657 0.141660 0.954927
1504645305.985335 -1.129228 -1.169283 1.767020 0.042575 0.245281 0.143752 0.957789
1504645306.185338 -1.193834 -1.094125 1.668583 0.042375 0.234688 0.135494 0.961648
1504645306.385343 -1.271775 -1.018412 1.556887 0.042682 0.220943 0.131183 0.965481
1504645306.585335 -1.342395 -0.933952 1.445773 0.041609 0.212207 0.122774 0.968588
1504645306.785335 -1.421262 -0.841245 1.325688 0.039635 0.209540 0.113145 0.970423
1504645306.985335 -1.506663 -0.740703 1.208824 0.033683 0.199253 0.126200 0.971204
1504645307.185335 -1.593843 -0.639157 1.094667 0.027612 0.188151 0.136567 0.972207
1504645307.385335 -1.664270 -0.541492 0.975912 0.016349 0.173479 0.140782 0.974586
1504645307.585340 -1.705289 -0.447629 0.860868 0.006584 0.160339 0.132685 0.978081
1504645307.785336 -1.720955 -0.359668 0.764031 0.002053 0.148330 0.117141 0.981973
1504645307.985338 -1.708040 -0.279148 0.680385 -0.003892 0.135518 0.103402 0.985357
1504645308.185336 -1.699272 -0.215779 0.629257 -0.007682 0.127543 0.088588 0.987839
1504645308.385340 -1.674400 -0.172876 0.597743 -0.011815 0.120675 0.080898 0.989320
1504645308.585342 -1.621994 -0.144211 0.575221 -0.009400 0.109299 0.075313 0.991107
1504645308.785371 -1.615547 -0.167215 0.582978 -0.011404 0.100979 0.073374 0.992114
1504645308.985341 -1.575286 -0.197330 0.629888 -0.012812 0.091372 0.066867 0.993487
1504645309.185336 -1.529186 -0.251246 0.694252 -0.003950 0.084845 0.059999 0.994578
1504645309.385336 -1.482961 -0.329168 0.777989 0.008054 0.080131 0.055877 0.995184
1504645309.585336 -1.440032 -0.421907 0.852233 0.012466 0.078640 0.052843 0.995423
1504645309.785338 -1.401040 -0.516746 0.943008 0.013375 0.075810 0.051757 0.995688
1504645309.985336 -1.368325 -0.607526 1.051031 0.017740 0.066552 0.048311 0.996455
1504645310.185336 -1.339220 -0.696459 1.162621 0.024170 0.052722 0.040898 0.997479
1504645310.385336 -1.313427 -0.778632 1.275429 0.033319 0.039397 0.032024 0.998154
1504645310.585337 -1.296788 -0.845461 1.387503 0.035175 0.028347 0.028055 0.998585
1504645310.785336 -1.281943 -0.896214 1.502962 0.035900 0.020385 0.023176 0.998879
1504645310.985344 -1.276026 -0.935163 1.619089 0.035287 0.010224 0.017964 0.999163
1504645311.185340 -1.269729 -0.968998 1.725869 0.036052 -0.003594 0.012879 0.999260
1504645311.385336 -1.269722 -1.003832 1.819950 0.035291 -0.019843 0.007200 0.999154
1504645311.585337 -1.276630 -1.041993 1.904436 0.033159 -0.038349 -0.003761 0.998707
1504645311.785338 -1.281567 -1.088380 1.976060 0.028408 -0.060436 -0.016102 0.997638
1504645311.985366 -1.290813 -1.145936 2.048814 0.028076 -0.082730 -0.026629 0.995821
1504645312.185343 -1.308260 -1.200519 2.114434 0.027840 -0.101439 -0.038136 0.993721
1504645312.385337 -1.325838 -1.250269 2.187170 0.031242 -0.119670 -0.048452 0.991138
1504645312.585338 -1.343558 -1.300348 2.255586 0.028889 -0.138001 -0.055176 0.988472
1504645312.785337 -1.360180 -1.359595 2.318164 0.026022 -0.148253 -0.061374 0.986700
1504645312.985338 -1.378641 -1.422989 2.381443 0.021194 -0.152628 -0.066999 0.985782
1504645313.185340 -1.397372 -1.488100 2.454630 0.018252 -0.157924 -0.069854 0.984808
1504645313.385340 -1.426838 -1.549806 2.534085 0.020659 -0.162322 -0.071410 0.983934
1504645313.585338 -1.454357 -1.613762 2.621379 0.020597 -0.167361 -0.071776 0.983064
1504645313.785339 -1.488500 -1.674180 2.722034 0.027861 -0.172662 -0.073227 0.981860
1504645313.985337 -1.524228 -1.735945 2.816224 0.032252 -0.179013 -0.076233 0.980358
1504645314.185341 -1.553972 -1.798468 2.911399 0.029581 -0.185101 -0.078941 0.979097
1504645314.385338 -1.584089 -1.852841 3.013833 0.036633 -0.191167 -0.080449 0.977569
1504645314.585338 -1.613750 -1.910882 3.110519 0.046263 -0.196308 -0.086139 0.975655
1504645314.785337 -1.639221 -1.965653 3.195422 0.050661 -0.199424 -0.096096 0.973873
1504645314.985351 -1.655303 -2.021652 3.256088 0.042456 -0.207689 -0.100158 0.972127
1504645315.185337 -1.669525 -2.064570 3.310893 0.035581 -0.218903 -0.097479 0.970213
1504645315.385337 -1.698531 -2.110088 3.366465 0.034105 -0.222520 -0.101046 0.969078
1504645315.585342 -1.716552 -2.151391 3.435513 0.048982 -0.226942 -0.107669 0.966698
1504645315.785339 -1.735142 -2.203394 3.484415 0.053318 -0.229636 -0.114334 0.965066
1504645315.985339 -1.756446 -2.244178 3.526452 0.054803 -0.234611 -0.119540 0.963153
1504645316.185365 -1.780308 -2.298369 3.547056 0.049227 -0.241614 -0.120246 0.961634
1504645316.385338 -1.806037 -2.316696 3.571249 0.045610 -0.243228 -0.126576 0.960593
1504645316.585338 -1.837061 -2.315759 3.587907 0.042731 -0.241834 -0.125607 0.961204
1504645316.785338 -1.868013 -2.330875 3.620450 0.037830 -0.245776 -0.122191 0.960850
1504645316.985341 -1.908099 -2.333686 3.658139 0.034397 -0.246481 -0.120557 0.961005
1504645317.185347 -1.945117 -2.354964 3.701516 0.036518 -0.248114 -0.121569 0.960378
1504645317.385339 -1.972977 -2.383185 3.739905 0.039572 -0.254615 -0.120991 0.958628
1504645317.585344 -2.014357 -2.433750 3.759981 0.041933 -0.253373 -0.121030 0.958851
1504645317.785356 -2.047375 -2.492689 3.797251 0.042389 -0.249230 -0.114182 0.960755
1504645317.985338 -2.067107 -2.529575 3.820110 0.043470 -0.243893 -0.101006 0.963548
1504645318.185399 -2.090151 -2.560197 3.853565 0.052316 -0.232220 -0.097765 0.966322
1504645318.385358 -2.105252 -2.583228 3.872531 0.051435 -0.225520 -0.092993 0.968425
1504645318.585355 -2.100542 -2.600012 3.892781 0.051618 -0.223183 -0.089894 0.969249
1504645318.785338 -2.093870 -2.629038 3.901984 0.051064 -0.216629 -0.088624 0.970881
1504645318.985345 -2.077312 -2.638261 3.918356 0.053433 -0.207250 -0.090442 0.972632
1504645319.185376 -2.039489 -2.648024 3.933316 0.052576 -0.206668 -0.087837 0.973041
1504645319.385341 -2.008432 -2.663271 3.926931 0.051860 -0.203100 -0.086853 0.973919
1504645319.585343 -1.963539 -2.694291 3.907031 0.051407 -0.192140 -0.086337 0.976210
1504645319.785341 -1.916493 -2.715125 3.883239 0.045088 -0.173734 -0.080554 0.980456
1504645319.985346 -1.873145 -2.725946 3.863902 0.039814 -0.152172 -0.068656 0.985162
1504645320.185339 -1.847829 -2.732047 3.834680 0.037677 -0.173784 -0.073657 0.981302
1504645320.385354 -1.822545 -2.747387 3.813844 0.037755 -0.203267 -0.084946 0.974701
1504645320.585339 -1.782246 -2.762798 3.816969 0.048049 -0.225402 -0.100203 0.967907
1504645320.785359 -1.734089 -2.753717 3.829566 0.054481 -0.239643 -0.115364 0.962442
1504645320.985352 -1.682713 -2.722118 3.830734 0.057577 -0.245185 -0.120361 0.960251
1504645321.185341 -1.614811 -2.719786 3.832763 0.053026 -0.241097 -0.115578 0.962134
1504645321.385339 -1.557949 -2.713891 3.815989 0.052343 -0.215728 -0.104551 0.969428
1504645321.585344 -1.497402 -2.689140 3.801354 0.054201 -0.186810 -0.089783 0.976782
1504645321.785340 -1.440392 -2.649824 3.783489 0.051694 -0.154617 -0.073389 0.983888
1504645321.985345 -1.386413 -2.599591 3.774391 0.052405 -0.123787 -0.057228 0.989270
1504645322.185339 -1.339366 -2.548598 3.750005 0.053956 -0.094345 -0.043561 0.993121
1504645322.385339 -1.300544 -2.509237 3.709956 0.051198 -0.072155 -0.026702 0.995721
1504645322.585339 -1.266822 -2.476800 3.657470 0.044775 -0.051239 -0.007467 0.997654
1504645322.785344 -1.226204 -2.442524 3.608613 0.043354 -0.025713 0.003729 0.998722
1504645322.985340 -1.182335 -2.402922 3.567865 0.045325 0.001808 0.016238 0.998839
1504645323.185339 -1.147509 -2.345997 3.537827 0.048036 0.028796 0.030134 0.997976
1504645323.385340 -1.115996 -2.286549 3.505417 0.045774 0.052573 0.044657 0.996567
1504645323.585341 -1.092501 -2.222413 3.469624 0.042473 0.075845 0.057391 0.994560
1504645323.785347 -1.068209 -2.165800 3.436749 0.045348 0.094647 0.069725 0.992030
1504645323.985343 -1.035380 -2.112728 3.394536 0.048387 0.109372 0.080375 0.989564
1504645324.185340 -1.003536 -2.066931 3.342270 0.053539 0.121856 0.084416 0.987501
1504645324.385348 -0.966969 -2.036448 3.273292 0.051545 0.128526 0.088974 0.986361
1504645324.585340 -0.929694 -2.008577 3.187264 0.049560 0.136129 0.092958 0.985074
1504645324.785345 -0.891897 -1.978830 3.098656 0.045160 0.143408 0.101511 0.983407
1504645324.985341 -0.845955 -1.949213 3.011036 0.040511 0.151481 0.110496 0.981429
1504645325.185340 -0.791347 -1.919536 2.922866 0.041204 0.162748 0.115636 0.979001
1504645325.385345 -0.718250 -1.879886 2.839410 0.040158 0.177109 0.115381 0.976579
1504645325.585344 -0.638898 -1.820056 2.773087 0.039771 0.190607 0.120326 0.973452
1504645325.785344 -0.561778 -1.748701 2.717676 0.040838 0.202151 0.125105 0.970472
1504645325.985344 -0.483561 -1.655417 2.672909 0.043208 0.207600 0.126290 0.969065
1504645326.185340 -0.404934 -1.563094 2.627313 0.047533 0.211742 0.120473 0.968707
1504645326.385340 -0.338800 -1.488765 2.571757 0.049979 0.211963 0.120206 0.968568
1504645326.585341 -0.269528 -1.419851 2.498250 0.051827 0.207417 0.124078 0.968967
1504645326.785343 -0.209635 -1.360467 2.412214 0.048398 0.204080 0.127355 0.969427
1504645326.985340 -0.141872 -1.305936 2.304906 0.034176 0.204900 0.123125 0.970406
1504645327.185356 -0.070220 -1.283373 2.190463 0.017202 0.208673 0.115171 0.971028
1504645327.385343 -0.007420 -1.275052 2.098037 0.013937 0.210142 0.113192 0.970996
1504645327.585351 0.058830 -1.291314 2.019721 0.009171 0.209701 0.113634 0.971097
1504645327.785345 0.127092 -1.327053 1.962439 0.009140 0.210763 0.113082 0.970932
1504645327.985352 0.192140 -1.363965 1.930020 0.013957 0.218201 0.108236 0.969783
1504645328.185349 0.250858 -1.417560 1.917199 0.017565 0.227196 0.101894 0.968345
1504645328.385344 0.294722 -1.486176 1.914624 0.019807 0.231359 0.103943 0.967097
1504645328.585340 0.328845 -1.569948 1.935422 0.021030 0.231405 0.108639 0.966544
1504645328.785347 0.340561 -1.648060 1.980564 0.023733 0.225275 0.115290 0.967159
1504645328.985342 0.340379 -1.720539 2.035625 0.027427 0.210888 0.113942 0.970459
1504645329.185344 0.341965 -1.780092 2.104448 0.030663 0.194484 0.106018 0.974677
1504645329.385343 0.347277 -1.840645 2.182443 0.033663 0.179705 0.096879 0.978360
1504645329.585349 0.342057 -1.902027 2.258275 0.032061 0.164861 0.090480 0.981635
1504645329.785343 0.342807 -1.972377 2.334386 0.030536 0.152738 0.085609 0.984078
1504645329.985354 0.331489 -2.054389 2.413004 0.031582 0.147020 0.082820 0.985154
1504645330.185343 0.340016 -2.142195 2.495687 0.035908 0.139716 0.081220 0.986202
1504645330.385342 0.336876 -2.233757 2.572431 0.039653 0.136102 0.075236 0.987038
1504645330.585343 0.340737 -2.335797 2.646219 0.043280 0.131945 0.067679 0.987996
1504645330.785343 0.340091 -2.435605 2.720449 0.041417 0.126296 0.060092 0.989304
1504645330.985343 0.321519 -2.518313 2.799649 0.043899 0.109375 0.054258 0.991547
1504645331.185341 0.296569 -2.614388 2.887381 0.046754 0.092534 0.045181 0.993584
1504645331.385345 0.274654 -2.698536 2.965052 0.046873 0.079278 0.045710 0.994700
1504645331.585344 0.244480 -2.795532 3.039188 0.043466 0.074602 0.042901 0.995341
1504645331.785347 0.224232 -2.895979 3.116186 0.042488 0.075066 0.037215 0.995578
1504645331.985341 0.194770 -2.980860 3.201922 0.046906 0.076427 0.033727 0.995400
1504645332.185345 0.163234 -3.064925 3.297233 0.049242 0.076926 0.028978 0.995398
1504645332.385341 0.118457 -3.140029 3.394552 0.049680 0.076751 0.027242 0.995439
1504645332.585342 0.059291 -3.200202 3.520465 0.049412 0.074010 0.032614 0.995499
1504645332.785349 0.002497 -3.257857 3.637167 0.047059 0.069776 0.038126 0.995722
1504645332.985363 -0.060429 -3.317904 3.759690 0.048857 0.068382 0.038179 0.995730
1504645333.185346 -0.149500 -3.396410 3.875823 0.057365 0.070350 0.034968 0.995257
1504645333.385344 -0.206079 -3.465764 3.991455 0.063610 0.067892 0.034245 0.995074
1504645333.585342 -0.296198 -3.547955 4.096459 0.068481 0.066650 0.030594 0.994953
1504645333.785351 -0.373722 -3.598495 4.189981 0.068431 0.055734 0.026588 0.995743
1504645333.985352 -0.466967 -3.639945 4.275874 0.066659 0.038006 0.023915 0.996765
1504645334.185352 -0.548199 -3.680545 4.361737 0.063132 0.019489 0.014207 0.997714
1504645334.385358 -0.627056 -3.705751 4.442271 0.062673 0.005053 0.005366 0.998007
1504645334.585348 -0.703862 -3.740037 4.517209 0.059841 -0.008612 0.005697 0.998155
1504645334.785342 -0.791274 -3.759614 4.583577 0.056082 -0.015389 0.006000 0.998290
1504645334.985342 -0.854427 -3.776957 4.647586 0.050759 -0.020337 0.002898 0.998500
1504645335.185344 -0.929023 -3.788995 4.712061 0.052409 -0.021983 0.002907 0.998379
1504645335.385343 -0.984328 -3.798382 4.775406 0.054914 -0.018699 -0.006577 0.998294
1504645335.585357 -1.036955 -3.811480 4.836576 0.062603 -0.017997 -0.010832 0.997818
1504645335.785344 -1.074816 -3.837663 4.887771 0.068734 -0.020318 -0.013766 0.997333
1504645335.985356 -1.126339 -3.893391 4.929148 0.063250 -0.020119 -0.014170 0.997694
1504645336.185344 -1.183960 -3.924964 4.961973 0.058473 -0.020884 -0.010768 0.998012
1504645336.385349 -1.247722 -3.917758 4.987079 0.061252 -0.021065 -0.003597 0.997894
1504645336.585342 -1.285553 -3.953228 5.013776 0.052456 -0.022195 -0.001555 0.998375
1504645336.785354 -1.326791 -3.931927 5.030068 0.052162 -0.020278 -0.001361 0.998432
1504645336.985344 -1.372411 -3.890475 5.041312 0.053689 -0.017504 0.000875 0.998404
1504645337.185374 -1.401531 -3.887548 5.041416 0.051482 -0.016221 0.000699 0.998542
1504645337.385354 -1.435393 -3.875909 5.036738 0.052313 -0.015086 -0.000576 0.998517
1504645337.585346 -1.454321 -3.864332 5.013095 0.053380 -0.019935 0.000178 0.998375
1504645337.785354 -1.486163 -3.855444 4.984619 0.053162 -0.019696 0.000885 0.998391
1504645337.985369 -1.506100 -3.853530 4.947735 0.053571 -0.020818 -0.000682 0.998347
1504645338.185348 -1.527713 -3.857612 4.907434 0.053096 -0.020406 -0.002078 0.998379
1504645338.385365 -1.539109 -3.803943 4.852238 0.057347 -0.022676 -0.001547 0.998096
1504645338.585345 -1.546729 -3.719721 4.785016 0.059377 -0.024854 -0.002663 0.997923
1504645338.785345 -1.562360 -3.624003 4.712502 0.052626 -0.023199 -0.006469 0.998324
1504645338.985350 -1.570246 -3.561488 4.634688 0.050513 -0.023905 -0.008191 0.998404
1504645339.185346 -1.591082 -3.478741 4.556079 0.052124 -0.025116 -0.004366 0.998315
1504645339.385343 -1.604436 -3.407837 4.470556 0.052568 -0.030872 -0.003837 0.998133
1504645339.585343 -1.619505 -3.340387 4.383402 0.052179 -0.039241 -0.004045 0.997858
1504645339.785345 -1.633833 -3.281712 4.290680 0.050763 -0.045631 -0.007489 0.997640
1504645339.985347 -1.648431 -3.200173 4.203219 0.048100 -0.049586 -0.011929 0.997540
1504645340.185350 -1.663836 -3.115634 4.120757 0.048175 -0.054866 -0.016295 0.997198
1504645340.385343 -1.680973 -3.015825 4.049453 0.045582 -0.065564 -0.017294 0.996657
1504645340.585343 -1.695349 -2.907887 3.985698 0.044731 -0.075327 -0.022508 0.995901
1504645340.785344 -1.707533 -2.793908 3.937007 0.049691 -0.087105 -0.029042 0.994535
1504645340.985348 -1.714175 -2.680723 3.885306 0.054368 -0.100618 -0.035800 0.992793
1504645341.185351 -1.728547 -2.581200 3.820817 0.054261 -0.112314 -0.040625 0.991358
1504645341.385353 -1.734056 -2.488098 3.754707 0.054950 -0.125586 -0.043194 0.989618
1504645341.585356 -1.734154 -2.402821 3.682258 0.055733 -0.135071 -0.047006 0.988150
1504645341.785356 -1.728910 -2.318738 3.608290 0.056319 -0.143734 -0.050565 0.986718
1504645341.985345 -1.711614 -2.238331 3.529741 0.056753 -0.151732 -0.054023 0.985311
1504645342.185351 -1.694992 -2.150101 3.450202 0.052248 -0.153064 -0.059199 0.985057
1504645342.385350 -1.675312 -2.059645 3.382089 0.053127 -0.155854 -0.062297 0.984381
1504645342.585345 -1.647948 -1.960699 3.322636 0.058333 -0.158417 -0.066820 0.983380
1504645342.785346 -1.621011 -1.853016 3.263554 0.064972 -0.161376 -0.070026 0.982259
1504645342.985344 -1.592144 -1.750108 3.191251 0.064948 -0.162603 -0.074162 0.981755
1504645343.185346 -1.573600 -1.636951 3.115013 0.067505 -0.164890 -0.072080 0.981356
1504645343.385344 -1.551402 -1.525592 3.031422 0.067041 -0.168599 -0.070002 0.980908
1504645343.585350 -1.520756 -1.422913 2.932821 0.065837 -0.169597 -0.070665 0.980770
1504645343.785344 -1.486665 -1.327817 2.823606 0.066571 -0.170923 -0.071740 0.980412
1504645343.985344 -1.452062 -1.241755 2.695760 0.069411 -0.170997 -0.070463 0.980294
1504645344.185357 -1.409891 -1.153176 2.563652 0.068984 -0.172872 -0.069001 0.980100
1504645344.385344 -1.368470 -1.063437 2.424316 0.069111 -0.170809 -0.069531 0.980415
1504645344.585345 -1.321514 -0.976270 2.274458 0.066815 -0.170250 -0.068643 0.980734
1504645344.785346 -1.265989 -0.880020 2.126315 0.060544 -0.170135 -0.066340 0.981319
1504645344.985344 -1.218071 -0.775187 1.984872 0.055464 -0.166357 -0.066660 0.982245
1504645345.185344 -1.161547 -0.655904 1.853398 0.055052 -0.162359 -0.067470 0.982882
1504645345.385344 -1.107000 -0.538569 1.704068 0.050184 -0.156381 -0.062031 0.984469
