1504645453.215340 -0.000000 -0.000000 -0.000000 -0.000000 -0.000000 -0.000000 1.000000
1504645453.415341 0.017357 -0.053269 0.074290 0.000273 0.005321 0.001345 0.999985
1504645453.615342 0.042484 -0.109870 0.144622 0.001470 0.018186 0.003471 0.999828
1504645453.815340 0.068333 -0.160652 0.214571 0.007183 0.035103 0.006239 0.999338
1504645454.015341 0.087243 -0.213583 0.277624 0.010163 0.049696 0.010307 0.998659
1504645454.215341 0.102275 -0.265433 0.331504 0.004195 0.062533 0.016374 0.997900
1504645454.415342 0.111087 -0.309281 0.385929 -0.000527 0.074586 0.025279 0.996894
1504645454.615343 0.117982 -0.358019 0.434718 -0.007724 0.081451 0.034851 0.996038
1504645454.815358 0.119224 -0.387827 0.508009 -0.012275 0.089270 0.033123 0.995381
1504645455.015341 0.117517 -0.446514 0.577459 -0.010388 0.090827 0.036973 0.995126
1504645455.215345 0.131402 -0.520674 0.653147 0.001443 0.092612 0.035121 0.995082
1504645455.415342 0.144068 -0.577245 0.739115 0.013199 0.092986 0.035164 0.994959
1504645455.615342 0.134648 -0.630561 0.811231 0.017906 0.094103 0.036461 0.994733
1504645455.815397 0.131797 -0.661516 0.881379 0.012894 0.092497 0.040749 0.994795
1504645456.015345 0.130583 -0.709701 0.933020 0.005561 0.092479 0.043571 0.994745
1504645456.215352 0.131208 -0.752273 0.979440 0.004287 0.095960 0.041428 0.994513
1504645456.415345 0.134030 -0.809425 1.021825 0.002873 0.100004 0.040666 0.994151
1504645456.615346 0.141710 -0.855966 1.065141 0.001837 0.104857 0.036255 0.993824
1504645456.815343 0.148422 -0.894605 1.110961 0.000916 0.112891 0.031097 0.993120
1504645457.015341 0.142369 -0.913408 1.173397 -0.005443 0.122894 0.027840 0.992014
1504645457.215398 0.109977 -0.916122 1.261717 -0.001142 0.129103 0.031770 0.991122
1504645457.415347 0.075275 -0.957794 1.324451 -0.000809 0.125258 0.039878 0.991322
1504645457.615347 0.028568 -0.992169 1.396245 -0.000312 0.118493 0.043079 0.992020
1504645457.815344 -0.038434 -1.034586 1.467438 0.001010 0.107546 0.038435 0.993456
1504645458.015341 -0.098819 -1.080502 1.540452 0.002648 0.088942 0.029949 0.995583
1504645458.215343 -0.165486 -1.135965 1.606030 0.006305 0.068620 0.019848 0.997425
1504645458.415342 -0.230706 -1.186249 1.672396 0.007790 0.054542 0.013166 0.998394
1504645458.615342 -0.299958 -1.229561 1.737914 0.007305 0.047474 0.007836 0.998815
1504645458.815345 -0.371288 -1.262163 1.802933 0.007339 0.043638 0.004701 0.999009
1504645459.015343 -0.452246 -1.291698 1.871873 0.010058 0.036831 0.004720 0.999260
1504645459.215342 -0.528358 -1.325477 1.926802 0.014599 0.023866 -0.000429 0.999609
1504645459.415345 -0.618210 -1.361704 1.972499 0.014874 0.006932 -0.008813 0.999826
1504645459.615343 -0.705239 -1.397013 2.005212 0.010065 -0.009510 -0.016100 0.999775
1504645459.815343 -0.797648 -1.435798 2.030322 0.007274 -0.028630 -0.024788 0.999256
1504645460.015342 -0.896725 -1.459697 2.060246 0.007812 -0.047418 -0.034020 0.998265
1504645460.215343 -0.993778 -1.483003 2.089438 0.010344 -0.066464 -0.043184 0.996800
1504645460.415342 -1.098869 -1.494446 2.112130 0.013981 -0.083879 -0.051410 0.995051
1504645460.615371 -1.196227 -1.502102 2.125120 0.014080 -0.097145 -0.056659 0.993556
1504645460.815357 -1.296847 -1.506143 2.130748 0.013718 -0.103460 -0.059853 0.992736
1504645461.015347 -1.390332 -1.503538 2.130179 0.014204 -0.106338 -0.061136 0.992347
1504645461.215375 -1.485963 -1.497472 2.117981 0.013164 -0.107865 -0.055346 0.992537
1504645461.415350 -1.573225 -1.494820 2.098089 0.011726 -0.105979 -0.050166 0.993033
1504645461.615354 -1.645477 -1.494340 2.066379 0.008997 -0.101742 -0.045367 0.993735
1504645461.815345 -1.699661 -1.496191 2.031640 0.007261 -0.096091 -0.038897 0.994586
1504645462.015429 -1.754960 -1.498391 1.991991 -0.000996 -0.088139 -0.031362 0.995614
1504645462.215346 -1.783659 -1.475417 1.962855 -0.008951 -0.083312 -0.023976 0.996195
1504645462.415417 -1.793294 -1.443587 1.949803 -0.012939 -0.080159 -0.019697 0.996504
1504645462.615359 -1.804337 -1.440153 1.958572 -0.012396 -0.075507 -0.019003 0.996887
1504645462.815343 -1.794992 -1.429933 1.976675 -0.004871 -0.068718 -0.020506 0.997413
1504645463.015359 -1.780324 -1.436190 1.986608 -0.002941 -0.064163 -0.022033 0.997692
1504645463.215452 -1.752980 -1.442119 2.009865 -0.000835 -0.064565 -0.021277 0.997686
1504645463.415344 -1.706134 -1.461492 2.029668 -0.000104 -0.065100 -0.023883 0.997593
1504645463.615396 -1.660169 -1.474905 2.054438 0.002208 -0.062407 -0.029526 0.997612
1504645463.815343 -1.605802 -1.482107 2.069548 0.004868 -0.062360 -0.033923 0.997465
1504645464.015356 -1.557838 -1.493359 2.080367 0.005810 -0.059908 -0.030795 0.997712
1504645464.215345 -1.496759 -1.497673 2.096402 0.006446 -0.055366 -0.024831 0.998137
1504645464.415347 -1.434018 -1.500017 2.104055 0.009381 -0.045146 -0.020394 0.998728
1504645464.615367 -1.368702 -1.498818 2.111421 0.011958 -0.034652 -0.015677 0.999205
1504645464.815346 -1.295964 -1.502467 2.111378 0.007484 -0.024008 -0.009806 0.999636
1504645465.015361 -1.221109 -1.497058 2.107855 0.010310 -0.009823 -0.004623 0.999888
1504645465.215344 -1.144700 -1.499793 2.094554 0.009660 0.005703 0.001943 0.999935
1504645465.415346 -1.074542 -1.489382 2.075378 0.005436 0.018488 0.011421 0.999749
1504645465.615350 -0.996800 -1.486506 2.055793 0.001860 0.026106 0.022609 0.999402
1504645465.815343 -0.914096 -1.489369 2.038567 0.003323 0.034457 0.027806 0.999014
1504645466.015347 -0.820489 -1.489060 2.021647 0.002640 0.044047 0.031651 0.998524
1504645466.215362 -0.724880 -1.480334 2.009714 0.008885 0.057034 0.031872 0.997824
1504645466.415343 -0.623995 -1.473464 1.988900 0.014012 0.068378 0.033881 0.996986
1504645466.615347 -0.522940 -1.465027 1.959843 0.010676 0.078426 0.040034 0.996059
1504645466.815357 -0.417631 -1.455746 1.921631 0.010002 0.089948 0.045789 0.994843
1504645467.015346 -0.315818 -1.440925 1.883577 0.007884 0.101234 0.054341 0.993346
1504645467.215344 -0.209864 -1.420584 1.847323 0.010167 0.114443 0.060599 0.991528
1504645467.415344 -0.094781 -1.395168 1.810547 0.012844 0.127717 0.063485 0.989693
1504645467.615350 0.005620 -1.357104 1.775402 0.015266 0.137792 0.066408 0.988115
1504645467.815362 0.106653 -1.316806 1.729128 0.015452 0.142417 0.067693 0.987368
1504645468.015344 0.199201 -1.275400 1.678421 0.011342 0.144422 0.068433 0.987082
1504645468.215347 0.283718 -1.253436 1.621313 0.008547 0.141946 0.065555 0.987664
1504645468.415351 0.360935 -1.240550 1.558847 0.008804 0.133286 0.057937 0.989344
1504645468.615355 0.445893 -1.238791 1.489649 0.006632 0.115894 0.050178 0.991971
1504645468.815347 0.507699 -1.238228 1.417994 0.006606 0.100980 0.037798 0.994148
1504645469.015352 0.565769 -1.216981 1.362016 0.009361 0.090236 0.021973 0.995634
1504645469.215361 0.621280 -1.197199 1.307382 0.008335 0.084494 0.012220 0.996314
1504645469.415374 0.653087 -1.154074 1.268740 0.008553 0.080310 0.001405 0.996732
1504645469.615349 0.646926 -1.105182 1.230726 0.006934 0.074460 -0.002023 0.997198
1504645469.815347 0.619991 -1.059277 1.186495 0.003811 0.067988 -0.003472 0.997673
1504645470.015347 0.570285 -1.021791 1.148751 0.000887 0.062957 -0.001678 0.998015
1504645470.215344 0.490457 -0.989519 1.109631 -0.001331 0.054862 0.017827 0.998334
1504645470.415357 0.419217 -0.984175 1.068984 -0.005714 0.053150 0.023148 0.998302
1504645470.615350 0.356666 -0.981556 1.040872 -0.008869 0.053689 0.023627 0.998239
1504645470.815345 0.291340 -0.996006 1.014570 -0.016414 0.054445 0.026263 0.998036
1504645471.015345 0.220103 -1.007242 1.005407 -0.014020 0.056006 0.028044 0.997938
1504645471.215350 0.175570 -1.036422 1.017357 -0.010989 0.051615 0.038821 0.997852
1504645471.415355 0.134057 -1.047002 1.041792 -0.006635 0.054559 0.035222 0.997867
1504645471.615351 0.102807 -1.068474 1.078628 -0.012221 0.057218 0.027074 0.997920
1504645471.815347 0.075065 -1.086986 1.126792 -0.019577 0.051764 0.028619 0.998057
1504645472.015403 0.049010 -1.107166 1.201429 -0.022521 0.048805 0.030112 0.998100
1504645472.215393 0.034802 -1.165269 1.281019 -0.023673 0.049303 0.020607 0.998291
1504645472.415347 0.037529 -1.199568 1.392233 -0.007437 0.053095 0.004571 0.998551
1504645472.615360 0.020681 -1.242435 1.514736 0.012758 0.059441 -0.014135 0.998050
1504645472.815373 -0.020989 -1.264117 1.632566 0.022223 0.057483 -0.016588 0.997961
1504645473.015358 -0.102498 -1.294485 1.737054 0.024203 0.050537 -0.005718 0.998413
1504645473.215348 -0.194694 -1.328989 1.815610 0.024337 0.037390 0.010319 0.998951
1504645473.415345 -0.287497 -1.355318 1.876624 0.024188 0.031006 0.008855 0.999187
1504645473.615345 -0.371673 -1.389681 1.915302 0.019195 0.021184 0.007116 0.999566
1504645473.815353 -0.455650 -1.423995 1.941058 0.018547 0.009635 0.000917 0.999781
1504645474.015347 -0.538221 -1.459916 1.952920 0.021019 -0.002159 -0.006393 0.999756
1504645474.215345 -0.616800 -1.488634 1.954741 0.021281 -0.014098 -0.015845 0.999549
1504645474.415349 -0.699228 -1.515073 1.942375 0.020198 -0.021033 -0.024465 0.999275
1504645474.615347 -0.785809 -1.524448 1.917210 0.008775 -0.029744 -0.023600 0.999240
1504645474.815348 -0.872464 -1.520404 1.901105 0.001831 -0.039629 -0.026484 0.998862
1504645475.015363 -0.965460 -1.508352 1.884759 -0.003353 -0.053074 -0.034003 0.998006
1504645475.215351 -1.060004 -1.492003 1.883072 -0.003567 -0.072139 -0.043080 0.996457
1504645475.415351 -1.147144 -1.480889 1.882352 0.001254 -0.094426 -0.052429 0.994150
1504645475.615349 -1.244323 -1.477852 1.886652 0.009430 -0.110874 -0.059980 0.991978
1504645475.815361 -1.330224 -1.470888 1.883172 0.014456 -0.122430 -0.064798 0.990254
1504645476.015354 -1.417122 -1.466176 1.862824 0.007652 -0.138490 -0.073375 0.987612
1504645476.215347 -1.496966 -1.456937 1.838599 0.003655 -0.160418 -0.082333 0.983602
1504645476.415350 -1.574784 -1.463104 1.815897 0.008625 -0.179454 -0.093577 0.979268
1504645476.615354 -1.646323 -1.485392 1.777151 0.011550 -0.190283 -0.099841 0.976571
1504645476.815350 -1.723444 -1.507456 1.731786 0.007539 -0.194218 -0.102672 0.975541
1504645477.015347 -1.804191 -1.536373 1.676417 -0.000983 -0.189386 -0.096432 0.977155
1504645477.215376 -1.873847 -1.567232 1.637691 -0.007723 -0.180983 -0.087541 0.979552
1504645477.415352 -1.915275 -1.565710 1.608997 -0.007202 -0.172020 -0.077798 0.981990
1504645477.615396 -1.969550 -1.575203 1.595991 -0.005513 -0.157482 -0.067928 0.985167
1504645477.815351 -2.018500 -1.575964 1.594270 -0.001270 -0.143719 -0.060629 0.987759
1504645478.015373 -2.046827 -1.553398 1.594651 0.002857 -0.134665 -0.054638 0.989380
1504645478.215368 -2.068375 -1.545384 1.588418 0.001430 -0.130250 -0.050847 0.990176
1504645478.415442 -2.066981 -1.517787 1.596547 0.002983 -0.129728 -0.047709 0.990397
1504645478.615354 -2.047340 -1.519474 1.594067 0.002335 -0.131619 -0.045757 0.990241
1504645478.815359 -2.008893 -1.531371 1.591189 0.002320 -0.134300 -0.045997 0.989870
1504645479.015352 -1.971196 -1.555001 1.587221 0.000031 -0.131931 -0.048274 0.990083
1504645479.215347 -1.909375 -1.585884 1.596804 0.002243 -0.127685 -0.050576 0.990522
1504645479.415348 -1.834998 -1.597008 1.607537 0.012973 -0.122037 -0.048595 0.991250
1504645479.615347 -1.760611 -1.601016 1.612527 0.009101 -0.113878 -0.045448 0.992413
1504645479.815362 -1.678256 -1.586176 1.624076 0.007346 -0.104668 -0.043112 0.993545
1504645480.015361 -1.588567 -1.569233 1.631379 -0.001812 -0.088697 -0.043629 0.995101
1504645480.215374 -1.498619 -1.544806 1.654379 -0.006651 -0.072832 -0.038935 0.996562
1504645480.415347 -1.417822 -1.509387 1.694615 -0.008309 -0.057157 -0.035168 0.997711
1504645480.615349 -1.327194 -1.474859 1.748672 -0.004144 -0.045928 -0.030180 0.998480
1504645480.815352 -1.263397 -1.449513 1.803729 0.004020 -0.037505 -0.026046 0.998949
1504645481.015355 -1.195196 -1.426507 1.853046 0.012051 -0.033974 -0.020311 0.999144
1504645481.215351 -1.131979 -1.404625 1.888641 0.010114 -0.031277 -0.011831 0.999390
1504645481.415347 -1.063994 -1.394792 1.922383 0.007093 -0.024898 -0.005327 0.999651
1504645481.615389 -0.987154 -1.382995 1.952333 0.009206 -0.014413 -0.003384 0.999848
1504645481.815347 -0.905256 -1.379891 1.974149 0.010642 -0.001715 -0.001262 0.999941
1504645482.015348 -0.829139 -1.373832 1.994348 0.012801 0.010110 0.002789 0.999863
1504645482.215348 -0.744066 -1.379495 2.000259 0.011997 0.018820 0.008448 0.999715
1504645482.415351 -0.670557 -1.387784 1.992645 0.013280 0.025543 0.012847 0.999503
1504645482.615362 -0.577676 -1.415644 1.979194 0.014100 0.028747 0.015177 0.999372
1504645482.815353 -0.493805 -1.449891 1.953567 0.014808 0.032099 0.016258 0.999243
1504645483.015363 -0.404735 -1.481303 1.908458 0.017311 0.036615 0.017118 0.999033
1504645483.215372 -0.318321 -1.500474 1.865407 0.015072 0.045579 0.016183 0.998716
1504645483.415351 -0.228248 -1.523152 1.814783 0.010323 0.056425 0.017617 0.998198
1504645483.615348 -0.145083 -1.532107 1.765036 0.007824 0.067893 0.022193 0.997415
1504645483.815354 -0.078995 -1.527160 1.721533 0.006078 0.076088 0.033797 0.996510
1504645484.015350 -0.004356 -1.531871 1.677607 0.007412 0.083638 0.037437 0.995765
1504645484.215359 0.068674 -1.523454 1.634470 0.008288 0.090491 0.034258 0.995273
1504645484.415360 0.131249 -1.507828 1.597913 0.006260 0.093044 0.032528 0.995111
1504645484.615348 0.192449 -1.485070 1.563503 0.002226 0.091699 0.030965 0.995303
1504645484.815382 0.241542 -1.442863 1.537336 0.006697 0.090479 0.030886 0.995397
1504645485.015349 0.287293 -1.427609 1.521548 0.006950 0.089380 0.029796 0.995528
1504645485.215373 0.338153 -1.405143 1.499694 0.017317 0.089628 0.025088 0.995509
1504645485.415357 0.368088 -1.377076 1.472683 0.019135 0.093938 0.018020 0.995231
1504645485.615367 0.389701 -1.348728 1.438765 0.018975 0.095341 0.011322 0.995199
1504645485.815349 0.378507 -1.308626 1.396996 0.018471 0.094111 0.010171 0.995338
1504645486.015353 0.341143 -1.256039 1.352214 0.019871 0.093974 0.011922 0.995305
1504645486.215350 0.286702 -1.224735 1.304996 0.019357 0.094776 0.012216 0.995235
1504645486.415355 0.212800 -1.202032 1.225817 0.019466 0.093744 0.020345 0.995198
1504645486.615369 0.139558 -1.187345 1.154824 0.022497 0.091437 0.024126 0.995264
1504645486.815350 0.060777 -1.144919 1.088119 0.031941 0.089503 0.023108 0.995206
1504645487.015374 -0.037037 -1.088455 0.997861 0.032089 0.088072 0.022941 0.995333
1504645487.215348 -0.138474 -1.012651 0.906179 0.031667 0.084574 0.025607 0.995585
1504645487.415348 -0.248013 -0.914615 0.801826 0.020930 0.077829 0.036408 0.996082
1504645487.615349 -0.346755 -0.818859 0.683223 0.017291 0.071908 0.044265 0.996279
1504645487.815380 -0.449784 -0.705539 0.570731 0.023429 0.072285 0.042329 0.996210
1504645488.015349 -0.536976 -0.584656 0.451274 0.023461 0.071332 0.042681 0.996263
1504645488.215356 -0.622222 -0.452378 0.319700 0.017720 0.068747 0.050173 0.996214
1504645488.415353 -0.697576 -0.334150 0.168892 0.017694 0.065866 0.052744 0.996276
1504645488.615353 -0.762395 -0.205559 0.002597 0.010658 0.053532 0.054682 0.997011
1504645488.815350 -0.803170 -0.079397 -0.170455 0.000023 0.035149 0.046232 0.998312
1504645489.015349 -0.818595 0.056014 -0.335556 -0.011572 0.010328 0.038637 0.999133
1504645489.215351 -0.816715 0.180354 -0.491741 -0.018381 -0.011722 0.025632 0.999434
1504645489.415349 -0.783714 0.298602 -0.614428 -0.009341 -0.026411 0.005442 0.999593
1504645489.615349 -0.732894 0.400122 -0.731661 -0.001215 -0.039226 -0.012325 0.999154
1504645489.815349 -0.684241 0.486030 -0.857189 -0.004911 -0.054153 -0.019142 0.998337
1504645490.015349 -0.638026 0.555883 -0.979916 -0.016686 -0.065858 -0.024863 0.997380
1504645490.215350 -0.579955 0.610069 -1.101864 -0.037039 -0.071524 -0.029594 0.996312
1504645490.415349 -0.499390 0.640424 -1.166001 -0.045163 -0.077280 -0.036000 0.995335
1504645490.615352 -0.446283 0.634233 -1.225213 -0.044629 -0.075562 -0.045989 0.995080
1504645490.815349 -0.406649 0.591693 -1.238143 -0.044260 -0.076159 -0.047641 0.994973
1504645491.015357 -0.361302 0.537017 -1.234726 -0.043748 -0.078333 -0.045915 0.994908
1504645491.215378 -0.336189 0.486722 -1.201408 -0.044276 -0.077236 -0.045333 0.994997
1504645491.415352 -0.329262 0.417814 -1.119786 -0.040022 -0.076357 -0.045745 0.995226
1504645491.615349 -0.323050 0.342981 -1.020209 -0.033358 -0.076977 -0.046127 0.995407
1504645491.815351 -0.320455 0.269519 -0.890649 -0.014206 -0.079379 -0.047649 0.995604
1504645492.015351 -0.322537 0.194441 -0.763347 -0.012748 -0.080532 -0.049439 0.995444
1504645492.215350 -0.335129 0.106491 -0.627100 -0.004061 -0.081990 -0.049777 0.995381
1504645492.415352 -0.350787 0.007057 -0.501349 0.004948 -0.082093 -0.050543 0.995330
1504645492.615357 -0.372965 -0.096652 -0.390859 0.004098 -0.079695 -0.050713 0.995520
1504645492.815350 -0.398461 -0.210906 -0.300854 -0.010617 -0.075312 -0.050500 0.995824
1504645493.015353 -0.437169 -0.336493 -0.200635 -0.013715 -0.070562 -0.048641 0.996226
1504645493.215350 -0.485409 -0.464740 -0.095651 -0.016498 -0.065229 -0.045968 0.996674
1504645493.415374 -0.543899 -0.609571 0.004472 -0.020030 -0.061473 -0.035454 0.997278
1504645493.615352 -0.605750 -0.736730 0.135100 -0.018049 -0.060698 -0.023306 0.997721
1504645493.815351 -0.672655 -0.861191 0.271771 -0.019785 -0.058786 -0.018108 0.997910
1504645494.015358 -0.722907 -0.974168 0.430610 -0.022470 -0.058008 -0.017447 0.997911
1504645494.215353 -0.765085 -1.075319 0.615296 -0.020157 -0.055278 -0.021866 0.998028
1504645494.415350 -0.782203 -1.184604 0.818784 -0.011398 -0.054203 -0.027678 0.998081
1504645494.615353 -0.803855 -1.291087 1.033088 -0.001195 -0.051609 -0.035783 0.998025
1504645494.815353 -0.823588 -1.393234 1.246032 0.016770 -0.051705 -0.038551 0.997777
1504645495.015351 -0.856670 -1.483833 1.437853 0.018545 -0.051085 -0.041010 0.997680
1504645495.215354 -0.885829 -1.552335 1.628249 0.018104 -0.053131 -0.040711 0.997593
1504645495.415351 -0.926103 -1.597439 1.803282 0.025262 -0.053435 -0.042293 0.997355
1504645495.615353 -0.959259 -1.653902 1.960128 0.029498 -0.055419 -0.041861 0.997149
1504645495.815353 -0.994692 -1.705213 2.083628 0.027685 -0.055913 -0.039469 0.997271
1504645496.015363 -1.034685 -1.729809 2.197104 0.030782 -0.052047 -0.035922 0.997523
1504645496.215351 -1.058650 -1.744122 2.292819 0.035757 -0.049527 -0.028705 0.997720
1504645496.415356 -1.075307 -1.763757 2.367837 0.036926 -0.045053 -0.025789 0.997969
1504645496.615400 -1.078198 -1.757948 2.400825 0.042219 -0.042595 -0.022024 0.997957
1504645496.815354 -1.085096 -1.738825 2.405446 0.042870 -0.042618 -0.016540 0.998034
1504645497.015572 -1.062099 -1.717402 2.369927 0.043185 -0.044781 -0.012132 0.997989
1504645497.215355 -1.039420 -1.692010 2.319103 0.043063 -0.042728 -0.012413 0.998081
1504645497.415353 -0.996009 -1.638296 2.240453 0.045110 -0.037136 -0.011995 0.998220
1504645497.615352 -0.925621 -1.556497 2.130548 0.049793 -0.024800 -0.020264 0.998246
1504645497.815361 -0.877350 -1.455219 2.005880 0.039536 -0.010688 -0.023439 0.998886
1504645498.015352 -0.827311 -1.336266 1.862988 0.022400 -0.004159 -0.022179 0.999494
1504645498.215351 -0.794608 -1.228614 1.704790 0.017945 -0.002073 -0.018998 0.999656
1504645498.415357 -0.771874 -1.115724 1.543524 0.029553 -0.005156 -0.017918 0.999389
1504645498.615355 -0.748827 -1.023263 1.357288 0.031228 -0.009581 -0.018379 0.999297
1504645498.815358 -0.739421 -0.936638 1.147234 0.024597 -0.010391 -0.020146 0.999440
1504645499.015351 -0.732697 -0.851557 0.930200 0.018149 -0.009204 -0.019600 0.999601
1504645499.215351 -0.739281 -0.752822 0.708305 0.008631 -0.005359 -0.013723 0.999854
1504645499.415352 -0.744765 -0.655203 0.490174 0.006908 0.001095 -0.007165 0.999950
1504645499.615354 -0.756305 -0.560523 0.283262 0.004214 0.012788 -0.005511 0.999894
1504645499.815351 -0.759437 -0.442088 0.084046 0.006166 0.021510 -0.000331 0.999750
1504645500.015351 -0.784840 -0.326054 -0.110077 0.006135 0.025602 0.013671 0.999560
1504645500.215360 -0.813067 -0.190074 -0.308751 0.004748 0.029534 0.025824 0.999219
1504645500.415353 -0.829805 -0.035400 -0.497745 -0.004390 0.033686 0.033620 0.998857
1504645500.615355 -0.835578 0.123746 -0.681676 -0.028654 0.036333 0.042176 0.998038
1504645500.815354 -0.814539 0.263808 -0.845940 -0.046020 0.040539 0.044695 0.997117
1504645501.015357 -0.772856 0.381019 -0.969419 -0.048321 0.046645 0.042649 0.996830
1504645501.215355 -0.715279 0.449023 -1.068700 -0.046071 0.048670 0.040552 0.996927
1504645501.415356 -0.641809 0.494669 -1.130471 -0.044310 0.049284 0.038373 0.997063
1504645501.615352 -0.553626 0.506613 -1.183396 -0.046972 0.044736 0.034908 0.997283
1504645501.815352 -0.447480 0.509227 -1.204096 -0.049553 0.032665 0.030326 0.997776
1504645502.015355 -0.322174 0.490965 -1.179618 -0.048814 0.023681 0.020567 0.998315
1504645502.215371 -0.203911 0.435614 -1.148208 -0.045263 0.019502 0.008442 0.998749
1504645502.415354 -0.065208 0.390321 -1.077373 -0.033804 0.018644 -0.004026 0.999246
1504645502.615355 0.058759 0.335223 -0.993699 -0.026665 0.018452 -0.008800 0.999435
1504645502.815354 0.187532 0.279234 -0.887807 -0.017548 0.024411 -0.026486 0.999197
1504645503.015355 0.293733 0.228584 -0.775484 -0.010106 0.027750 -0.035101 0.998947
1504645503.215358 0.370735 0.163155 -0.652511 -0.004356 0.028563 -0.040918 0.998745
1504645503.415360 0.411600 0.096767 -0.534120 -0.002551 0.027456 -0.044244 0.998640
1504645503.615365 0.411023 0.030819 -0.415817 -0.000493 0.026747 -0.044386 0.998656
1504645503.815355 0.384798 -0.042930 -0.314617 -0.002300 0.025337 -0.044688 0.998677
1504645504.015355 0.312965 -0.108268 -0.205738 -0.003743 0.025635 -0.041201 0.998815
1504645504.215355 0.221565 -0.170299 -0.104407 -0.008637 0.013142 -0.019817 0.999680
1504645504.415355 0.121714 -0.238017 -0.001123 -0.010895 0.005200 -0.015589 0.999806
1504645504.615359 0.014249 -0.302760 0.109605 -0.014497 -0.001038 -0.013880 0.999798
1504645504.815360 -0.093781 -0.366552 0.232919 -0.016592 -0.004654 -0.016459 0.999716
1504645505.015353 -0.190480 -0.435672 0.369762 -0.014351 -0.009840 -0.016442 0.999713
1504645505.215353 -0.295653 -0.517554 0.500703 -0.015430 -0.011772 -0.013363 0.999722
1504645505.415353 -0.411123 -0.614379 0.640966 -0.018578 -0.010292 -0.009293 0.999731
1504645505.615353 -0.511413 -0.712776 0.788854 -0.017494 -0.008150 -0.008122 0.999781
1504645505.815353 -0.608439 -0.805541 0.962021 -0.013899 -0.007508 -0.005334 0.999861
1504645506.015353 -0.710201 -0.899040 1.152335 -0.009250 -0.008777 0.000926 0.999918
1504645506.215357 -0.789190 -0.979615 1.347122 -0.000995 -0.012734 0.006718 0.999896
1504645506.415353 -0.851984 -1.077931 1.545532 0.005154 -0.013296 0.006433 0.999878
1504645506.615353 -0.898929 -1.186748 1.737885 0.015329 -0.013634 0.002524 0.999786
1504645506.815353 -0.934730 -1.300847 1.914855 0.020991 -0.014881 -0.000841 0.999669
1504645507.015361 -0.976930 -1.418731 2.089447 0.026687 -0.013654 -0.009933 0.999501
1504645507.215353 -1.014853 -1.517156 2.260227 0.028170 -0.016534 -0.010022 0.999416
1504645507.415358 -1.056817 -1.602986 2.426311 0.035860 -0.015882 -0.012150 0.999157
1504645507.615355 -1.096460 -1.677202 2.573887 0.058177 -0.015644 -0.011294 0.998120
1504645507.815363 -1.139818 -1.745323 2.677591 0.061776 -0.014184 -0.012489 0.997911
1504645508.015371 -1.184837 -1.796251 2.744267 0.065024 -0.012261 -0.011038 0.997747
1504645508.215360 -1.233336 -1.832069 2.774243 0.063364 -0.009679 -0.012471 0.997866
1504645508.415374 -1.283124 -1.834750 2.774115 0.063556 -0.006859 -0.010445 0.997900
1504645508.615480 -1.333416 -1.816596 2.737119 0.064221 -0.010890 -0.002098 0.997874
1504645508.815363 -1.385910 -1.785578 2.662745 0.051722 -0.015396 0.007260 0.998516
1504645509.015356 -1.419240 -1.746482 2.562007 0.029808 -0.028307 0.019417 0.998966
1504645509.215358 -1.427624 -1.716760 2.452784 0.020813 -0.039574 0.015739 0.998876
1504645509.415375 -1.407571 -1.678486 2.346872 0.021015 -0.055520 0.006606 0.998215
1504645509.615354 -1.370137 -1.626461 2.251847 0.021547 -0.070345 -0.015777 0.997165
1504645509.815357 -1.312670 -1.562957 2.159908 0.018286 -0.083699 -0.044572 0.995326
1504645510.015357 -1.272083 -1.497155 2.067387 0.019129 -0.100639 -0.061396 0.992843
1504645510.215360 -1.233765 -1.427995 1.975191 0.021019 -0.121677 -0.070887 0.989812
1504645510.415354 -1.200003 -1.369322 1.878842 0.021796 -0.139376 -0.075897 0.987086
1504645510.615355 -1.172532 -1.334058 1.777981 0.020848 -0.146393 -0.081791 0.985619
1504645510.815367 -1.132621 -1.260441 1.675224 0.026563 -0.149600 -0.080004 0.985147
1504645511.015368 -1.106324 -1.188129 1.576869 0.028854 -0.147767 -0.081190 0.985262
1504645511.215359 -1.074264 -1.099094 1.474130 0.030602 -0.145651 -0.080617 0.985571
1504645511.415360 -1.043506 -1.009804 1.361641 0.033974 -0.142620 -0.080024 0.985952
1504645511.615358 -1.038366 -0.927932 1.226794 0.035478 -0.136954 -0.079686 0.986730
1504645511.815358 -1.016451 -0.850480 1.076235 0.034621 -0.135608 -0.079142 0.986990
1504645512.015383 -1.001679 -0.758314 0.900553 0.033049 -0.136428 -0.078579 0.986975
1504645512.215355 -0.986433 -0.664329 0.719628 0.027246 -0.138071 -0.079403 0.986858
1504645512.415356 -0.971292 -0.567434 0.533264 0.021464 -0.140864 -0.079546 0.986595
1504645512.615355 -0.958728 -0.463718 0.341429 0.019427 -0.142243 -0.078753 0.986503
1504645512.815356 -0.960622 -0.358323 0.145993 0.017487 -0.144591 -0.072710 0.986662
1504645513.015355 -0.971104 -0.245345 -0.035312 0.018461 -0.140931 -0.063514 0.987807
1504645513.215355 -0.949598 -0.141357 -0.228528 0.016787 -0.134683 -0.049443 0.989512
1504645513.415355 -0.921073 -0.015843 -0.422316 0.011608 -0.120287 -0.034487 0.992072
1504645513.615355 -0.877982 0.118906 -0.597567 -0.000128 -0.100928 -0.024079 0.994602
1504645513.815356 -0.818338 0.260138 -0.745073 -0.015805 -0.084504 -0.011420 0.996232
1504645514.015356 -0.748804 0.389455 -0.863423 -0.020852 -0.069648 0.001297 0.997353
1504645514.215355 -0.661394 0.503196 -0.966566 -0.022195 -0.057148 0.008878 0.998079
1504645514.415355 -0.549802 0.597539 -1.037806 -0.023741 -0.046826 0.003422 0.998615
1504645514.615356 -0.419825 0.647447 -1.108934 -0.032788 -0.038040 -0.007530 0.998710
1504645514.815364 -0.292941 0.669278 -1.136769 -0.034242 -0.037298 -0.006874 0.998694
1504645515.015355 -0.161651 0.646137 -1.159243 -0.033666 -0.038080 -0.003310 0.998702
1504645515.215358 -0.017250 0.588681 -1.158460 -0.032323 -0.037520 -0.006225 0.998754
1504645515.415358 0.146848 0.519850 -1.116862 -0.025155 -0.025260 -0.018945 0.999185
1504645515.615355 0.309191 0.447559 -1.049446 -0.016136 -0.008119 -0.019631 0.999644
1504645515.815357 0.463539 0.378787 -0.975667 -0.013963 0.009718 -0.011656 0.999787
1504645516.015358 0.599843 0.319356 -0.864616 -0.008548 0.027984 -0.003339 0.999566
1504645516.215358 0.725138 0.255483 -0.739251 0.002546 0.044928 -0.010056 0.998936
1504645516.415362 0.835327 0.178599 -0.617094 0.012081 0.052884 -0.019400 0.998339
1504645516.615355 0.915832 0.084041 -0.481662 0.017046 0.047882 -0.028494 0.998301
1504645516.815360 0.973719 -0.004956 -0.379695 0.018513 0.033512 -0.033388 0.998709
1504645517.015359 0.975605 -0.097897 -0.276660 0.016505 0.024415 -0.032902 0.999024
1504645517.215374 0.987017 -0.194562 -0.183200 0.014874 0.015205 -0.030828 0.999298
1504645517.415362 0.960858 -0.278252 -0.078568 0.014587 0.014144 -0.032134 0.999277
1504645517.615357 0.899148 -0.338742 0.032539 0.014417 0.014378 -0.026468 0.999442
1504645517.815362 0.848358 -0.419918 0.128104 0.012610 0.007548 -0.014705 0.999784
1504645518.015358 0.763225 -0.491962 0.230148 0.009774 0.007341 -0.010166 0.999874
1504645518.215362 0.690239 -0.575141 0.326751 0.009033 0.007559 -0.009126 0.999889
1504645518.415358 0.612608 -0.653890 0.424398 0.010248 0.009513 -0.005018 0.999890
1504645518.615361 0.528515 -0.722977 0.530841 0.012356 0.013789 -0.001661 0.999827
1504645518.815357 0.450199 -0.808377 0.638290 0.021927 0.015866 0.001541 0.999633
1504645519.015369 0.374463 -0.897517 0.721253 0.028829 0.018182 0.003173 0.999414
1504645519.215377 0.309924 -0.970416 0.792025 0.027784 0.024950 0.004315 0.999293
1504645519.415367 0.245095 -1.035285 0.856571 0.016606 0.035292 0.013021 0.999154
1504645519.615356 0.158153 -1.077808 0.929423 0.014321 0.053346 0.017889 0.998313
1504645519.815359 0.091373 -1.114173 1.003578 0.014780 0.063660 0.023308 0.997590
1504645520.015365 0.009533 -1.153647 1.066393 0.015940 0.070232 0.027463 0.997025
1504645520.215357 -0.063316 -1.218230 1.128164 0.009550 0.071407 0.029946 0.996952
1504645520.415360 -0.130032 -1.278525 1.180145 0.005414 0.061237 0.023250 0.997838
1504645520.615360 -0.203293 -1.352270 1.242344 0.006389 0.043077 0.014013 0.998953
1504645520.815361 -0.279839 -1.428124 1.296968 0.003071 0.025155 0.003855 0.999671
1504645521.015368 -0.348956 -1.493437 1.372432 0.003434 0.010218 -0.003762 0.999935
1504645521.215381 -0.424731 -1.558762 1.456492 -0.000938 0.002494 -0.006337 0.999976
1504645521.415357 -0.485996 -1.601272 1.562404 0.001015 -0.000669 -0.009803 0.999951
1504645521.615364 -0.559170 -1.647260 1.683596 0.003423 -0.001085 -0.010230 0.999941
1504645521.815363 -0.631506 -1.705308 1.802373 0.002808 -0.001092 -0.008552 0.999959
1504645522.015359 -0.700937 -1.768985 1.926439 0.001852 -0.000184 -0.006189 0.999979
1504645522.215362 -0.772434 -1.838676 2.060019 0.002786 0.002129 -0.004608 0.999983
1504645522.415363 -0.844962 -1.909609 2.204009 0.013758 0.003701 -0.000158 0.999899
1504645522.615362 -0.910726 -1.988311 2.343500 0.030496 0.004364 0.001598 0.999524
1504645522.815378 -0.971835 -2.054938 2.475770 0.036303 0.003586 0.007585 0.999306
1504645523.015379 -1.023859 -2.128064 2.580424 0.036173 0.003752 0.007752 0.999308
1504645523.215358 -1.058985 -2.168140 2.674162 0.038174 -0.001291 0.006228 0.999251
1504645523.415438 -1.093023 -2.214507 2.760845 0.038254 -0.008831 -0.001128 0.999228
1504645523.615381 -1.105994 -2.230487 2.831551 0.045626 -0.022183 -0.014193 0.998611
1504645523.815394 -1.119061 -2.257156 2.889884 0.050512 -0.034642 -0.027932 0.997732
1504645524.015361 -1.141960 -2.263279 2.923606 0.054916 -0.040759 -0.034239 0.997071
1504645524.215401 -1.160466 -2.279022 2.926756 0.057290 -0.042470 -0.036491 0.996786
1504645524.415365 -1.165232 -2.300224 2.892472 0.053614 -0.046497 -0.038141 0.996749
1504645524.615372 -1.192296 -2.248340 2.856648 0.061951 -0.043902 -0.038516 0.996369
1504645524.815382 -1.199391 -2.214174 2.780534 0.054002 -0.045233 -0.038293 0.996781
1504645525.015371 -1.216491 -2.146596 2.703360 0.045582 -0.045712 -0.038678 0.997164
1504645525.215366 -1.228077 -2.071296 2.607390 0.032533 -0.052392 -0.032251 0.997575
1504645525.415373 -1.242135 -1.997148 2.508156 0.024332 -0.056583 -0.029613 0.997662
1504645525.615382 -1.255573 -1.938747 2.403576 0.024555 -0.059111 -0.029498 0.997513
1504645525.815362 -1.265302 -1.887179 2.295512 0.024576 -0.062573 -0.027009 0.997372
1504645526.015361 -1.275674 -1.826888 2.192744 0.023921 -0.062443 -0.027745 0.997376
1504645526.215364 -1.261582 -1.762994 2.093574 0.023853 -0.063630 -0.030377 0.997226
1504645526.415391 -1.256710 -1.673583 2.001380 0.023462 -0.063276 -0.031335 0.997228
1504645526.615362 -1.246707 -1.572488 1.917387 0.023772 -0.062874 -0.032701 0.997202
1504645526.815368 -1.236226 -1.458155 1.837863 0.022720 -0.061125 -0.032137 0.997354
1504645527.015368 -1.223324 -1.342706 1.758641 0.021871 -0.057613 -0.029922 0.997651
1504645527.215360 -1.210690 -1.221411 1.681261 0.021385 -0.056464 -0.026759 0.997817
1504645527.415360 -1.206258 -1.100373 1.595213 0.018015 -0.059564 -0.017286 0.997912
1504645527.615359 -1.189567 -0.961502 1.514100 -0.006445 -0.064883 -0.010099 0.997821
1504645527.815358 -1.147685 -0.826603 1.464024 -0.007821 -0.066586 -0.014240 0.997648
1504645528.015358 -1.104833 -0.696448 1.430818 -0.003026 -0.062410 -0.026180 0.997703
1504645528.215358 -1.058198 -0.579425 1.410903 0.000204 -0.062863 -0.027368 0.997647
1504645528.415360 -1.007310 -0.471985 1.401936 0.011555 -0.063323 -0.028608 0.997516
1504645528.615359 -0.961971 -0.366417 1.392787 0.015486 -0.064567 -0.028534 0.997385
1504645528.815360 -0.910532 -0.277875 1.376391 0.024868 -0.062448 -0.032213 0.997218
1504645529.015359 -0.866056 -0.206374 1.338678 0.028263 -0.060224 -0.033486 0.997223
1504645529.215368 -0.823486 -0.151075 1.281008 0.030317 -0.058850 -0.032867 0.997265
1504645529.415364 -0.787731 -0.117043 1.201033 0.034319 -0.057402 -0.031057 0.997278
1504645529.615361 -0.755562 -0.089984 1.098683 0.033454 -0.055430 -0.031658 0.997400
1504645529.815359 -0.728183 -0.062126 0.983161 0.033052 -0.058237 -0.027944 0.997364
1504645530.015362 -0.700997 -0.018403 0.862300 0.033268 -0.061968 -0.025872 0.997188
1504645530.215361 -0.673029 0.038232 0.730760 0.030085 -0.068225 -0.021041 0.996994
1504645530.415360 -0.643982 0.110053 0.591760 0.026010 -0.070996 -0.019636 0.996944
1504645530.615363 -0.606399 0.183896 0.457608 0.024825 -0.072014 -0.021987 0.996852
1504645530.815359 -0.562918 0.267055 0.314438 0.019022 -0.069555 -0.022081 0.997152
1504645531.015360 -0.505376 0.354883 0.179688 0.013940 -0.068834 -0.021038 0.997309
1504645531.215361 -0.438505 0.444855 0.048965 0.007711 -0.065267 -0.025200 0.997520
1504645531.415359 -0.369596 0.520983 -0.071028 0.008248 -0.060141 -0.032686 0.997621
1504645531.615359 -0.308654 0.594239 -0.189679 0.009142 -0.058535 -0.030895 0.997765
1504645531.815360 -0.245571 0.653197 -0.305901 0.006352 -0.057864 -0.030873 0.997827
1504645532.015363 -0.193583 0.717090 -0.414473 0.011946 -0.057101 -0.027860 0.997908
1504645532.215363 -0.114387 0.782248 -0.532045 0.004137 -0.055444 -0.031839 0.997945
1504645532.415359 -0.053635 0.847919 -0.625261 -0.001635 -0.053110 -0.035945 0.997940
1504645532.615360 0.004142 0.914308 -0.701423 -0.007233 -0.054189 -0.037459 0.997802
1504645532.815360 0.060209 0.970180 -0.752587 -0.008622 -0.057945 -0.038172 0.997552
1504645533.015359 0.110528 1.024278 -0.813811 -0.005436 -0.058917 -0.038863 0.997491
1504645533.215360 0.134360 1.055141 -0.836574 -0.002984 -0.054364 -0.039843 0.997721
1504645533.415365 0.174510 1.100700 -0.857893 0.000988 -0.053391 -0.037737 0.997860
1504645533.615366 0.216543 1.140333 -0.885461 0.001212 -0.051596 -0.041119 0.997820
1504645533.815362 0.237009 1.187905 -0.878108 -0.000759 -0.047000 -0.045840 0.997842
1504645534.015362 0.262074 1.233640 -0.881690 0.000229 -0.047787 -0.051144 0.997547
1504645534.215360 0.252368 1.293217 -0.841468 0.002692 -0.051782 -0.046812 0.997557
1504645534.415363 0.240349 1.302578 -0.791776 0.002024 -0.066985 -0.032768 0.997214
1504645534.615362 0.275966 1.279346 -0.777252 0.016575 -0.065134 -0.044726 0.996736
