1504645277.915331 -0.000000 -0.000000 -0.000000 -0.000000 -0.000000 -0.000000 1.000000
1504645278.115332 0.018582 -0.091582 0.100423 0.004949 -0.001165 -0.010841 0.999928
1504645278.315331 0.041851 -0.192249 0.205919 0.010275 -0.002501 -0.019813 0.999748
1504645278.515332 0.064771 -0.293101 0.322637 0.018480 -0.002637 -0.023348 0.999553
1504645278.715332 0.085307 -0.373521 0.446023 0.019845 0.002268 -0.023488 0.999525
1504645278.915332 0.098686 -0.435946 0.580630 0.019953 0.008348 -0.017591 0.999611
1504645279.115333 0.107542 -0.497205 0.722126 0.024433 0.015566 -0.009590 0.999534
1504645279.315332 0.116012 -0.568032 0.852683 0.026545 0.021026 0.000437 0.999426
1504645279.515332 0.127942 -0.642746 0.975749 0.029661 0.028322 0.004449 0.999149
1504645279.715334 0.148487 -0.718678 1.088835 0.041269 0.032192 0.008146 0.998596
1504645279.915332 0.165126 -0.778646 1.191888 0.041888 0.036009 0.012266 0.998398
1504645280.115334 0.194861 -0.838929 1.282233 0.040932 0.040616 0.007296 0.998309
1504645280.315334 0.229435 -0.898875 1.354593 0.039219 0.044969 0.009786 0.998170
1504645280.515335 0.258313 -0.952574 1.416530 0.040062 0.053548 0.022716 0.997503
1504645280.715334 0.299128 -0.985125 1.468265 0.033299 0.065389 0.042433 0.996401
1504645280.915333 0.366394 -1.001268 1.527012 0.037532 0.085156 0.049714 0.994419
1504645281.115332 0.444972 -1.004904 1.578960 0.041873 0.106569 0.054172 0.991945
1504645281.315333 0.531960 -1.001378 1.615941 0.039896 0.123174 0.062083 0.989637
1504645281.515332 0.621733 -1.000185 1.631781 0.024964 0.139630 0.065572 0.987715
1504645281.715332 0.718310 -1.018382 1.644170 0.024605 0.157783 0.058203 0.985450
1504645281.915332 0.806653 -1.050784 1.653907 0.035277 0.166904 0.058833 0.983584
1504645282.115335 0.879635 -1.086862 1.658018 0.039306 0.174347 0.060907 0.982013
1504645282.315333 0.940445 -1.117332 1.652642 0.039140 0.180979 0.063489 0.980655
1504645282.515334 0.985599 -1.140721 1.641399 0.025050 0.185162 0.072517 0.979708
1504645282.715381 1.030385 -1.156534 1.642794 0.023886 0.193422 0.077705 0.977742
1504645282.915337 1.067394 -1.176137 1.648225 0.024880 0.198989 0.091621 0.975392
1504645283.115351 1.108988 -1.185397 1.666259 0.025769 0.208012 0.095662 0.973096
1504645283.315353 1.157300 -1.189787 1.684127 0.033779 0.216570 0.088590 0.971653
1504645283.515354 1.188257 -1.199719 1.702904 0.035802 0.221430 0.087555 0.970578
1504645283.715337 1.210237 -1.216388 1.714713 0.037010 0.223907 0.089058 0.969827
1504645283.915334 1.225298 -1.238303 1.718166 0.037034 0.224888 0.090256 0.969488
1504645284.115370 1.232177 -1.259598 1.724841 0.036348 0.226516 0.086332 0.969493
1504645284.315340 1.228924 -1.281558 1.712779 0.032119 0.227443 0.082610 0.969749
1504645284.515346 1.190157 -1.278521 1.730971 0.032430 0.232375 0.078871 0.968881
1504645284.715333 1.131793 -1.288231 1.741099 0.035655 0.230329 0.087386 0.968525
1504645284.915334 1.065256 -1.298955 1.744204 0.036760 0.223121 0.091228 0.969816
1504645285.115333 0.987880 -1.305287 1.748213 0.035411 0.210277 0.090117 0.972835
1504645285.315334 0.910056 -1.307580 1.748890 0.033459 0.188028 0.089362 0.977517
1504645285.515343 0.834492 -1.303262 1.749873 0.034310 0.165659 0.075870 0.982662
1504645285.715334 0.767995 -1.303928 1.742806 0.036797 0.146731 0.056636 0.986868
1504645285.915339 0.693753 -1.306644 1.726904 0.038215 0.129158 0.045325 0.989850
1504645286.115334 0.618069 -1.310576 1.701407 0.037808 0.113347 0.037698 0.992120
1504645286.315339 0.538258 -1.305763 1.674541 0.038179 0.098144 0.030327 0.993977
1504645286.515338 0.453276 -1.295884 1.643910 0.038332 0.081566 0.021346 0.995702
1504645286.715333 0.364138 -1.279524 1.608322 0.038688 0.062862 0.014116 0.997172
1504645286.915333 0.274434 -1.264718 1.564265 0.037376 0.046681 0.005351 0.998196
1504645287.115336 0.186167 -1.251894 1.510451 0.035852 0.030820 -0.000664 0.998882
1504645287.315335 0.094606 -1.237381 1.454032 0.033680 0.013288 -0.003266 0.999339
1504645287.515335 0.007069 -1.221490 1.394720 0.031760 -0.002317 -0.009732 0.999445
1504645287.715337 -0.068530 -1.200674 1.338086 0.032390 -0.017530 -0.023537 0.999044
1504645287.915334 -0.149347 -1.167158 1.279274 0.028688 -0.031354 -0.032400 0.998571
1504645288.115350 -0.231159 -1.136968 1.225709 0.027534 -0.044834 -0.031219 0.998127
1504645288.315336 -0.306578 -1.113308 1.167058 0.031975 -0.057175 -0.031997 0.997339
1504645288.515335 -0.369761 -1.076154 1.117734 0.036632 -0.068251 -0.038092 0.996267
1504645288.715336 -0.428524 -1.034362 1.061933 0.035186 -0.081120 -0.039626 0.995295
1504645288.915340 -0.468709 -0.984483 1.003069 0.029476 -0.090462 -0.041091 0.994615
1504645289.115352 -0.499081 -0.933737 0.950255 0.031829 -0.093804 -0.044585 0.994083
1504645289.315342 -0.512872 -0.881942 0.902053 0.034035 -0.096618 -0.046002 0.993675
1504645289.515336 -0.517212 -0.813002 0.845074 0.036376 -0.098190 -0.043609 0.993546
1504645289.715334 -0.501893 -0.750720 0.784518 0.035512 -0.099275 -0.045365 0.993391
1504645289.915334 -0.475831 -0.694002 0.719791 0.035446 -0.098572 -0.049862 0.993248
1504645290.115336 -0.437664 -0.639677 0.648867 0.036949 -0.101437 -0.051443 0.992824
1504645290.315335 -0.399708 -0.597973 0.563205 0.044306 -0.103886 -0.052616 0.992208
1504645290.515334 -0.344904 -0.549832 0.470925 0.046541 -0.105053 -0.059373 0.991601
1504645290.715334 -0.282785 -0.490104 0.366855 0.046890 -0.101307 -0.065397 0.991595
1504645290.915336 -0.225713 -0.416100 0.252028 0.041999 -0.092706 -0.061300 0.992917
1504645291.115334 -0.172827 -0.329335 0.139930 0.040648 -0.080544 -0.050729 0.994629
1504645291.315335 -0.122867 -0.233288 0.025320 0.039923 -0.068723 -0.037550 0.996129
1504645291.515335 -0.062304 -0.126927 -0.087572 0.041302 -0.055486 -0.026229 0.997260
1504645291.715336 0.009990 -0.010473 -0.211329 0.033197 -0.045239 -0.014864 0.998314
1504645291.915340 0.080853 0.108441 -0.319690 0.026514 -0.035622 -0.007646 0.998984
1504645292.115335 0.165564 0.206133 -0.437550 0.026058 -0.026221 -0.001713 0.999315
1504645292.315338 0.251102 0.273261 -0.568989 0.020785 -0.015515 0.000431 0.999663
1504645292.515335 0.349723 0.322103 -0.683070 0.021005 -0.009571 0.000668 0.999733
1504645292.715336 0.465722 0.336689 -0.797361 0.020552 -0.008288 0.001947 0.999753
1504645292.915336 0.592571 0.331279 -0.931586 0.014905 -0.001012 -0.005986 0.999871
1504645293.115345 0.726606 0.334337 -1.038878 0.003285 0.008202 -0.010814 0.999902
1504645293.315335 0.845327 0.340223 -1.124556 -0.001484 0.026268 -0.021482 0.999423
1504645293.515338 0.933325 0.363389 -1.144822 -0.001188 0.046943 -0.031666 0.998395
1504645293.715336 0.977288 0.388037 -1.149241 0.000992 0.055921 -0.027665 0.998051
1504645293.915339 1.010750 0.387647 -1.126525 -0.001037 0.057710 -0.019673 0.998139
1504645294.115337 0.934888 0.364410 -1.189478 -0.010049 0.061759 -0.010857 0.997981
1504645294.315335 1.025601 0.309148 -1.098214 -0.007948 0.050112 0.006042 0.998694
1504645294.515336 0.979576 0.236545 -1.026984 0.004438 0.051790 0.011976 0.998576
1504645294.715346 0.965517 0.166352 -0.944983 0.009126 0.047359 0.016822 0.998695
1504645294.915337 0.929197 0.094746 -0.845578 0.012833 0.045605 0.014479 0.998772
1504645295.115335 0.907439 0.012282 -0.747817 0.010958 0.043436 0.011813 0.998926
1504645295.315340 0.886177 -0.052254 -0.627595 0.020429 0.043277 0.009998 0.998804
1504645295.515347 0.859196 -0.128517 -0.513478 0.028161 0.044584 0.011296 0.998545
1504645295.715337 0.829380 -0.182549 -0.377436 0.032769 0.049310 0.012260 0.998171
1504645295.915339 0.808179 -0.237321 -0.252350 0.032034 0.057963 0.018453 0.997634
1504645296.115337 0.776887 -0.285033 -0.131036 0.033416 0.078680 0.027874 0.995950
1504645296.315337 0.750715 -0.324269 -0.002448 0.035414 0.097742 0.041985 0.993695
1504645296.515336 0.718131 -0.361673 0.123248 0.042145 0.113350 0.053883 0.991197
1504645296.715337 0.685015 -0.407272 0.235746 0.053017 0.119675 0.067063 0.989126
1504645296.915339 0.656544 -0.447301 0.319527 0.055513 0.127621 0.068750 0.987879
1504645297.115336 0.643395 -0.475655 0.388776 0.052087 0.137049 0.069596 0.986743
1504645297.315338 0.622677 -0.483785 0.440692 0.030614 0.149674 0.066905 0.985994
1504645297.515339 0.597264 -0.521918 0.495390 0.024373 0.158612 0.069566 0.984586
1504645297.715342 0.569480 -0.561861 0.543806 0.033321 0.170602 0.075707 0.981862
1504645297.915336 0.538047 -0.610578 0.590690 0.038357 0.189770 0.085804 0.977320
1504645298.115340 0.497452 -0.650823 0.636818 0.032656 0.210480 0.099759 0.971946
1504645298.315338 0.452022 -0.685498 0.686913 0.032027 0.228698 0.109357 0.966805
1504645298.515373 0.401504 -0.728034 0.738120 0.032811 0.247328 0.117720 0.961194
1504645298.715337 0.344706 -0.776573 0.780625 0.031772 0.263069 0.127591 0.955775
1504645298.915348 0.283977 -0.829103 0.824601 0.025265 0.277733 0.139166 0.950189
1504645299.115337 0.217674 -0.875302 0.888432 0.020499 0.292099 0.145906 0.944971
1504645299.315337 0.167238 -0.922039 0.957706 0.020941 0.302083 0.151068 0.941003
1504645299.515338 0.120871 -0.972971 1.033411 0.021528 0.312094 0.156499 0.936826
1504645299.715337 0.074312 -1.022257 1.121088 0.024544 0.324915 0.164276 0.931043
1504645299.915338 0.029882 -1.067449 1.220839 0.028247 0.334617 0.179252 0.924717
1504645300.115339 -0.004591 -1.106984 1.317881 0.028737 0.348686 0.184333 0.918484
1504645300.315337 -0.034258 -1.140483 1.424040 0.029461 0.361446 0.189878 0.912379
1504645300.515345 -0.058871 -1.170162 1.532494 0.032674 0.371393 0.194489 0.907289
1504645300.715338 -0.080061 -1.204691 1.637991 0.036060 0.378942 0.196088 0.903688
1504645300.915338 -0.099047 -1.246782 1.731592 0.040439 0.381842 0.200604 0.901288
1504645301.115344 -0.117532 -1.302100 1.808912 0.047749 0.382529 0.209402 0.898633
1504645301.315338 -0.134738 -1.346689 1.868541 0.044992 0.384867 0.217165 0.895931
1504645301.515338 -0.146151 -1.381428 1.918708 0.041211 0.390768 0.222643 0.892206
1504645301.715352 -0.144817 -1.408551 1.963020 0.038943 0.391691 0.234402 0.888885
1504645301.915340 -0.115571 -1.419342 1.989774 0.038803 0.399952 0.237121 0.884481
1504645302.115340 -0.071639 -1.416383 2.008485 0.041644 0.416164 0.234105 0.877649
1504645302.315346 -0.024680 -1.411137 2.021851 0.045449 0.428948 0.234061 0.871294
1504645302.515338 0.019424 -1.401661 2.022857 0.043776 0.435351 0.239188 0.866800
1504645302.715337 0.067645 -1.384610 2.016796 0.050580 0.436827 0.249831 0.862675
1504645302.915376 0.112685 -1.362547 1.998952 0.049927 0.432956 0.251488 0.864182
1504645303.115352 0.172824 -1.320590 1.960368 0.047732 0.423750 0.239292 0.872294
1504645303.315337 0.240391 -1.269197 1.912602 0.044684 0.416901 0.216408 0.881683
1504645303.515338 0.299192 -1.215711 1.861288 0.043174 0.408031 0.204667 0.888683
1504645303.715349 0.347062 -1.161286 1.810368 0.042556 0.401113 0.196868 0.893611
1504645303.915344 0.381443 -1.108971 1.756979 0.045125 0.394685 0.196391 0.896447
1504645304.115345 0.401907 -1.066075 1.693298 0.046673 0.388651 0.197277 0.898807
1504645304.315340 0.416411 -1.037771 1.608855 0.046882 0.379528 0.193059 0.903598
1504645304.515342 0.423069 -1.026966 1.507200 0.043653 0.372132 0.180236 0.909466
1504645304.715344 0.413750 -1.032193 1.395079 0.045231 0.359923 0.176810 0.914958
1504645304.915345 0.386718 -1.040699 1.278113 0.046112 0.347300 0.170461 0.920977
1504645305.115341 0.360197 -1.037769 1.167473 0.045849 0.334608 0.162793 0.927057
1504645305.315338 0.312366 -1.021236 1.047946 0.043156 0.324937 0.154557 0.932022
1504645305.515342 0.261483 -0.988953 0.941769 0.042524 0.315988 0.147378 0.936282
1504645305.715350 0.205018 -0.940385 0.845166 0.043635 0.305712 0.145668 0.939903
1504645305.915345 0.132054 -0.883632 0.749610 0.046721 0.292051 0.149212 0.943535
1504645306.115348 0.062060 -0.815199 0.654045 0.046083 0.281322 0.143052 0.947771
1504645306.315359 -0.024365 -0.743259 0.555609 0.046302 0.268505 0.138428 0.952155
1504645306.515338 -0.106807 -0.660056 0.450835 0.045536 0.256706 0.131617 0.956402
1504645306.715338 -0.188398 -0.568810 0.335928 0.044319 0.252597 0.120230 0.959049
1504645306.915338 -0.287763 -0.469106 0.222395 0.040053 0.246571 0.124192 0.960299
1504645307.115340 -0.389597 -0.366943 0.116151 0.034452 0.234181 0.139582 0.961504
1504645307.315338 -0.476911 -0.268632 0.002657 0.027097 0.221916 0.146076 0.963681
1504645307.515338 -0.543707 -0.173338 -0.110297 0.013215 0.208323 0.140971 0.967757
1504645307.715339 -0.577324 -0.079905 -0.215629 0.007485 0.195062 0.128462 0.972313
1504645307.915342 -0.586997 0.005272 -0.302940 0.002016 0.183995 0.112483 0.976468
1504645308.115340 -0.574475 0.076493 -0.380129 -0.002957 0.172656 0.099674 0.979922
1504645308.315339 -0.562948 0.129422 -0.424362 -0.008356 0.165793 0.089827 0.982026
1504645308.515341 -0.561196 0.155902 -0.448736 -0.008342 0.161097 0.083692 0.983348
1504645308.715345 -0.539315 0.149236 -0.424262 -0.007328 0.152037 0.080248 0.985085
1504645308.915341 -0.495138 0.127056 -0.409204 -0.011393 0.141426 0.074907 0.987045
1504645309.115340 -0.431966 0.074367 -0.349640 -0.007499 0.132373 0.067600 0.988864
1504645309.315339 -0.365118 0.007865 -0.287677 0.004462 0.125501 0.063227 0.990067
1504645309.515340 -0.312710 -0.080998 -0.210914 0.013021 0.123720 0.059585 0.990441
1504645309.715354 -0.259107 -0.174492 -0.126036 0.014675 0.122508 0.057436 0.990696
1504645309.915339 -0.212120 -0.270049 -0.030496 0.016376 0.114174 0.056477 0.991719
1504645310.115339 -0.170385 -0.360396 0.079252 0.022986 0.102097 0.048252 0.993338
1504645310.315343 -0.131868 -0.447428 0.188871 0.031118 0.087508 0.039225 0.994905
1504645310.515342 -0.102354 -0.521863 0.299364 0.035169 0.075739 0.032984 0.995961
1504645310.715340 -0.072571 -0.577573 0.414152 0.035322 0.067233 0.029363 0.996679
1504645310.915339 -0.054108 -0.621012 0.530000 0.035655 0.057907 0.024394 0.997387
1504645311.115339 -0.040065 -0.656659 0.640767 0.034995 0.046138 0.018585 0.998149
1504645311.315346 -0.030939 -0.689860 0.740853 0.034749 0.031439 0.012019 0.998829
1504645311.515339 -0.024871 -0.725768 0.830728 0.034171 0.013558 0.004544 0.999314
1504645311.715339 -0.021832 -0.770090 0.910852 0.028778 -0.008157 -0.007680 0.999523
1504645311.915344 -0.026585 -0.824416 0.978420 0.027485 -0.030110 -0.019551 0.998977
1504645312.115339 -0.031869 -0.881142 1.047013 0.025391 -0.050265 -0.030475 0.997948
1504645312.315341 -0.037976 -0.935235 1.116676 0.026327 -0.070194 -0.041654 0.996316
1504645312.515340 -0.046434 -0.984909 1.187569 0.026411 -0.089233 -0.048261 0.994490
1504645312.715343 -0.061241 -1.044075 1.252218 0.024281 -0.101709 -0.055008 0.992995
1504645312.915345 -0.073053 -1.110018 1.313774 0.017955 -0.107305 -0.061697 0.992148
1504645313.115341 -0.083924 -1.176071 1.381338 0.012252 -0.111868 -0.064382 0.991560
1504645313.315340 -0.102136 -1.240495 1.464839 0.015875 -0.117053 -0.066260 0.990786
1504645313.515340 -0.123333 -1.304147 1.550195 0.013960 -0.121362 -0.067052 0.990243
1504645313.715342 -0.145600 -1.366679 1.648703 0.016705 -0.126799 -0.068250 0.989437
1504645313.915342 -0.169220 -1.431927 1.752832 0.027046 -0.133540 -0.070003 0.988198
1504645314.115340 -0.189544 -1.494584 1.850519 0.023614 -0.140305 -0.072837 0.987143
1504645314.315340 -0.210971 -1.557706 1.951866 0.024878 -0.145758 -0.075677 0.986108
1504645314.515340 -0.228420 -1.609970 2.060379 0.037297 -0.152626 -0.078946 0.984420
1504645314.715343 -0.241218 -1.668550 2.150970 0.042159 -0.159163 -0.085272 0.982659
1504645314.915340 -0.254764 -1.723853 2.224970 0.039385 -0.164043 -0.095627 0.981017
1504645315.115345 -0.274227 -1.777513 2.280519 0.027112 -0.173336 -0.091611 0.980218
1504645315.315343 -0.297983 -1.823312 2.338318 0.023915 -0.177836 -0.095981 0.979076
1504645315.515347 -0.307892 -1.875508 2.407490 0.030338 -0.184031 -0.099665 0.977384
1504645315.715341 -0.321734 -1.926814 2.464565 0.039076 -0.187314 -0.106493 0.975728
1504645315.915360 -0.333728 -1.971937 2.509765 0.039865 -0.191616 -0.114363 0.973969
1504645316.115345 -0.367101 -2.016721 2.530244 0.036253 -0.195355 -0.116326 0.973134
1504645316.315341 -0.395252 -2.048585 2.551272 0.032413 -0.197006 -0.122496 0.972179
1504645316.515360 -0.423271 -2.061316 2.578489 0.028069 -0.197697 -0.122580 0.972164
1504645316.715357 -0.433233 -2.069693 2.614339 0.023370 -0.204468 -0.118654 0.971374
1504645316.915350 -0.468845 -2.084617 2.660410 0.016692 -0.205944 -0.115556 0.971574
1504645317.115350 -0.486462 -2.096092 2.703640 0.016639 -0.211744 -0.115671 0.970313
1504645317.315355 -0.534950 -2.118192 2.738805 0.021075 -0.212084 -0.113580 0.970400
1504645317.515342 -0.563860 -2.162697 2.776395 0.023945 -0.215324 -0.113234 0.969660
1504645317.715341 -0.591495 -2.216224 2.796702 0.026711 -0.211402 -0.110100 0.970811
1504645317.915342 -0.619092 -2.267394 2.827699 0.021960 -0.204759 -0.098445 0.973602
1504645318.115341 -0.638834 -2.298944 2.863180 0.032855 -0.194030 -0.091201 0.976194
1504645318.315349 -0.645974 -2.327151 2.898056 0.033754 -0.188517 -0.089234 0.977425
1504645318.515347 -0.652661 -2.350284 2.914641 0.032157 -0.184569 -0.085652 0.978552
1504645318.715370 -0.636981 -2.367114 2.933541 0.033278 -0.182452 -0.083305 0.979114
1504645318.915343 -0.626820 -2.390722 2.949832 0.033775 -0.171157 -0.086826 0.980829
1504645319.115346 -0.606490 -2.401073 2.960730 0.033830 -0.165617 -0.084159 0.982010
1504645319.315360 -0.566539 -2.416140 2.953743 0.029806 -0.165057 -0.081252 0.982479
1504645319.515346 -0.523944 -2.442557 2.934946 0.030898 -0.157417 -0.083020 0.983551
1504645319.715343 -0.476307 -2.468134 2.911436 0.026958 -0.141184 -0.079055 0.986454
1504645319.915342 -0.436573 -2.490404 2.883735 0.018662 -0.118298 -0.070198 0.990318
1504645320.115343 -0.399535 -2.491290 2.858434 0.016594 -0.122090 -0.068735 0.989997
1504645320.315343 -0.376069 -2.506923 2.834727 0.015819 -0.156124 -0.076635 0.984633
1504645320.515343 -0.343680 -2.530139 2.823860 0.021624 -0.180667 -0.088997 0.979271
1504645320.715344 -0.295554 -2.530138 2.827002 0.029598 -0.196734 -0.107052 0.974146
1504645320.915395 -0.247674 -2.499563 2.833414 0.032153 -0.208089 -0.114188 0.970890
1504645321.115388 -0.176072 -2.486383 2.837915 0.031611 -0.209773 -0.113073 0.970675
1504645321.315371 -0.119083 -2.477709 2.818211 0.030266 -0.189095 -0.103733 0.975995
1504645321.515342 -0.060233 -2.464113 2.795800 0.031482 -0.160259 -0.090813 0.982384
1504645321.715342 -0.002150 -2.428062 2.776484 0.031386 -0.129509 -0.074932 0.988245
1504645321.915345 0.052737 -2.377243 2.758289 0.030387 -0.097198 -0.059261 0.993034
1504645322.115356 0.104175 -2.321735 2.735679 0.034606 -0.067687 -0.044871 0.996096
1504645322.315342 0.147288 -2.275259 2.699074 0.034640 -0.042915 -0.031631 0.997977
1504645322.515346 0.174682 -2.243301 2.645868 0.031306 -0.022252 -0.010349 0.999209
1504645322.715342 0.210382 -2.212670 2.590207 0.025400 0.001030 0.003244 0.999672
1504645322.915344 0.248057 -2.175676 2.543525 0.027640 0.030608 0.012774 0.999068
1504645323.115343 0.283473 -2.121622 2.505778 0.031746 0.056141 0.027781 0.997531
1504645323.315342 0.311721 -2.062046 2.468267 0.032451 0.083149 0.039362 0.995231
1504645323.515342 0.343601 -1.996062 2.431720 0.032182 0.104872 0.053135 0.992544
1504645323.715343 0.365009 -1.940323 2.391631 0.028595 0.124886 0.066711 0.989513
1504645323.915342 0.392407 -1.884012 2.350774 0.034557 0.141151 0.077583 0.986338
1504645324.115361 0.424497 -1.835049 2.297295 0.038350 0.153133 0.084008 0.983881
1504645324.315343 0.459238 -1.797303 2.228759 0.040907 0.161112 0.087727 0.982178
1504645324.515345 0.492068 -1.774122 2.144323 0.038669 0.168487 0.091507 0.980685
1504645324.715346 0.523826 -1.746575 2.051008 0.033669 0.175072 0.099682 0.978918
1504645324.915346 0.566053 -1.718103 1.959151 0.029224 0.181998 0.109108 0.976790
1504645325.115356 0.613051 -1.693519 1.861997 0.028355 0.191870 0.114891 0.974260
1504645325.315343 0.679509 -1.654628 1.771596 0.028546 0.204290 0.117323 0.971435
1504645325.515344 0.750650 -1.605993 1.690534 0.028823 0.218130 0.120525 0.968020
1504645325.715343 0.826100 -1.539794 1.616681 0.028286 0.230312 0.124951 0.964647
1504645325.915344 0.900019 -1.446492 1.566198 0.031571 0.237852 0.127232 0.962415
1504645326.115346 0.974771 -1.356741 1.511720 0.034002 0.242788 0.121634 0.961823
1504645326.315344 1.040859 -1.269727 1.459406 0.038781 0.244726 0.119202 0.961455
1504645326.515343 1.101680 -1.201344 1.384462 0.041790 0.242298 0.122030 0.961589
1504645326.715346 1.157665 -1.141052 1.297975 0.040046 0.238424 0.126206 0.962093
1504645326.915344 1.220186 -1.089243 1.189254 0.030632 0.235825 0.126594 0.963028
1504645327.115347 1.283811 -1.050151 1.069788 0.012007 0.239559 0.117151 0.963713
1504645327.315344 1.339890 -1.042559 0.962662 0.003475 0.241956 0.114767 0.963470
1504645327.515344 1.402793 -1.057123 0.868802 -0.001883 0.240529 0.116177 0.963662
1504645327.715343 1.460626 -1.083816 0.809480 -0.002352 0.242040 0.115664 0.963345
1504645327.915344 1.531542 -1.116204 0.766673 0.002418 0.247619 0.110264 0.962560
1504645328.115344 1.598990 -1.166167 0.745445 0.005519 0.255176 0.105039 0.961157
1504645328.315351 1.649154 -1.236743 0.734983 0.007205 0.260864 0.103681 0.959765
1504645328.515371 1.684980 -1.313655 0.746099 0.009746 0.262915 0.107268 0.958788
1504645328.715345 1.708210 -1.398888 0.775016 0.010718 0.258116 0.114977 0.959188
1504645328.915344 1.706005 -1.475026 0.835428 0.013378 0.248870 0.114696 0.961629
1504645329.115345 1.711253 -1.539674 0.902515 0.015675 0.233376 0.109166 0.966112
1504645329.315344 1.717664 -1.597069 0.978273 0.019899 0.217570 0.099916 0.970713
1504645329.515347 1.718489 -1.650221 1.059371 0.019857 0.204022 0.091924 0.974439
1504645329.715360 1.716378 -1.719058 1.136165 0.017817 0.191148 0.086163 0.977610
1504645329.915346 1.719080 -1.802007 1.214905 0.015660 0.182507 0.084289 0.979460
1504645330.115344 1.722698 -1.888109 1.298275 0.018063 0.176632 0.081711 0.980713
1504645330.315350 1.732650 -1.978794 1.381278 0.021496 0.172580 0.076204 0.981808
1504645330.515344 1.736978 -2.081615 1.459967 0.024181 0.168255 0.071038 0.982883
1504645330.715347 1.743753 -2.179665 1.534168 0.023106 0.163646 0.062859 0.984243
1504645330.915374 1.740348 -2.277691 1.612129 0.022735 0.150757 0.055177 0.986768
1504645331.115344 1.724236 -2.370254 1.700565 0.024449 0.132305 0.048250 0.989732
1504645331.315345 1.702590 -2.459590 1.785306 0.023916 0.117396 0.047735 0.991649
1504645331.515346 1.685820 -2.556354 1.868283 0.020858 0.109294 0.046411 0.992706
1504645331.715348 1.666281 -2.653158 1.949152 0.018514 0.108833 0.041280 0.993030
1504645331.915351 1.647231 -2.745025 2.040564 0.019583 0.110577 0.036250 0.993013
1504645332.115346 1.626196 -2.829751 2.136067 0.022698 0.110717 0.033028 0.993044
1504645332.315351 1.592026 -2.912771 2.238258 0.021306 0.111038 0.030899 0.993107
1504645332.515348 1.546174 -2.962991 2.362540 0.023205 0.109395 0.032798 0.993186
1504645332.715369 1.490363 -3.016479 2.489015 0.021385 0.106446 0.039026 0.993322
1504645332.915346 1.436593 -3.073500 2.619914 0.019925 0.104047 0.040159 0.993562
1504645333.115355 1.376642 -3.136169 2.745882 0.025317 0.103772 0.038192 0.993545
1504645333.315351 1.317255 -3.204814 2.872366 0.035159 0.102690 0.035718 0.993450
1504645333.515350 1.259168 -3.271685 2.988153 0.041637 0.100426 0.033398 0.993512
1504645333.715348 1.188346 -3.322053 3.095000 0.043280 0.091919 0.029121 0.994399
1504645333.915345 1.107376 -3.376185 3.189639 0.038293 0.075847 0.027528 0.996004
1504645334.115345 1.022429 -3.396952 3.280715 0.039148 0.057881 0.022110 0.997311
1504645334.315371 0.951340 -3.425476 3.369403 0.037809 0.041654 0.011604 0.998349
1504645334.515368 0.872721 -3.453359 3.447449 0.035097 0.029397 0.008759 0.998913
1504645334.715347 0.788500 -3.481704 3.524984 0.030734 0.022093 0.010609 0.999227
1504645334.915346 0.719182 -3.498669 3.595512 0.024210 0.017019 0.009012 0.999521
1504645335.115362 0.660552 -3.508675 3.660218 0.024574 0.012801 0.007210 0.999590
1504645335.315345 0.615936 -3.526996 3.728084 0.022939 0.011378 0.003742 0.999665
1504645335.515358 0.567865 -3.538575 3.790153 0.028510 0.013493 -0.004550 0.999492
1504645335.715348 0.533048 -3.574555 3.847178 0.031404 0.011422 -0.007791 0.999411
1504645335.915355 0.475317 -3.590454 3.899075 0.036632 0.014748 -0.008768 0.999182
1504645336.115352 0.426785 -3.602434 3.939995 0.037683 0.014046 -0.006980 0.999167
1504645336.315345 0.370797 -3.617634 3.971842 0.035615 0.011014 0.002102 0.999303
1504645336.515365 0.312529 -3.615618 3.997831 0.035938 0.015850 0.003250 0.999223
1504645336.715347 0.260226 -3.594195 4.026402 0.038900 0.019977 0.004798 0.999032
1504645336.915357 0.219101 -3.569190 4.036264 0.036702 0.021966 0.006464 0.999064
1504645337.115345 0.179514 -3.546202 4.047779 0.037136 0.025737 0.007995 0.998947
1504645337.315485 0.154848 -3.533429 4.048123 0.038347 0.025980 0.004243 0.998918
1504645337.515362 0.118836 -3.534344 4.029656 0.037113 0.024593 0.008197 0.998975
1504645337.715346 0.083243 -3.523799 4.005841 0.037524 0.024612 0.008597 0.998956
1504645337.915352 0.061330 -3.517780 3.971720 0.038457 0.024340 0.004646 0.998953
1504645338.115348 0.038350 -3.518032 3.942498 0.040798 0.023411 0.006087 0.998875
1504645338.315351 0.017237 -3.484316 3.894830 0.043287 0.022187 0.005371 0.998802
1504645338.515383 0.006146 -3.403384 3.840314 0.049741 0.019604 0.001359 0.998569
1504645338.715347 -0.013852 -3.334713 3.759793 0.038296 0.017565 0.002678 0.999108
1504645338.915350 -0.028695 -3.269023 3.695424 0.034812 0.020182 -0.001896 0.999188
1504645339.115349 -0.059342 -3.196929 3.623645 0.035848 0.019664 0.000826 0.999164
1504645339.315348 -0.079906 -3.129710 3.540950 0.035267 0.015322 0.003339 0.999255
1504645339.515353 -0.107966 -3.068558 3.455292 0.036206 0.009261 0.003552 0.999295
1504645339.715348 -0.131869 -3.011600 3.366671 0.034395 0.001577 0.000861 0.999407
1504645339.915351 -0.157098 -2.945032 3.276463 0.032718 -0.003068 -0.004045 0.999452
1504645340.115347 -0.176795 -2.868134 3.193605 0.030229 -0.008364 -0.007516 0.999480
1504645340.315346 -0.202905 -2.784956 3.118718 0.027748 -0.017182 -0.009744 0.999420
1504645340.515347 -0.226424 -2.690260 3.051900 0.024668 -0.027085 -0.012716 0.999248
1504645340.715348 -0.249429 -2.587828 2.999502 0.026108 -0.037630 -0.017860 0.998791
1504645340.915349 -0.270506 -2.488895 2.946706 0.028447 -0.049345 -0.025208 0.998058
1504645341.115346 -0.290197 -2.396485 2.883612 0.028194 -0.061345 -0.031072 0.997234
1504645341.315349 -0.307013 -2.313290 2.815619 0.027182 -0.074695 -0.033008 0.996289
1504645341.515347 -0.315807 -2.235909 2.745278 0.027204 -0.085586 -0.036744 0.995281
1504645341.715349 -0.323848 -2.155767 2.669376 0.027767 -0.094451 -0.040668 0.994311
1504645341.915354 -0.318403 -2.087906 2.588882 0.027343 -0.103064 -0.042530 0.993389
1504645342.115351 -0.314821 -2.014811 2.504889 0.023536 -0.105778 -0.048133 0.992945
1504645342.315347 -0.299851 -1.932835 2.433505 0.020111 -0.109280 -0.051492 0.992473
1504645342.515351 -0.285682 -1.852897 2.359452 0.022163 -0.112111 -0.054931 0.991929
1504645342.715348 -0.265355 -1.764661 2.295084 0.026634 -0.115491 -0.058907 0.991203
1504645342.915349 -0.244230 -1.670910 2.221284 0.027974 -0.117450 -0.063074 0.990679
1504645343.115349 -0.241859 -1.576911 2.140264 0.028356 -0.117160 -0.063857 0.990652
1504645343.315347 -0.224099 -1.483361 2.048329 0.025574 -0.122688 -0.059661 0.990320
1504645343.515348 -0.207345 -1.392863 1.946579 0.023885 -0.124233 -0.060701 0.990107
1504645343.715363 -0.190316 -1.306509 1.835211 0.024000 -0.124233 -0.062156 0.990014
1504645343.915350 -0.167929 -1.232855 1.709368 0.026973 -0.125453 -0.061907 0.989799
1504645344.115350 -0.147835 -1.160298 1.573940 0.026814 -0.125750 -0.061172 0.989811
1504645344.315351 -0.123346 -1.089527 1.433164 0.025715 -0.124941 -0.060959 0.989956
1504645344.515347 -0.097368 -1.019225 1.278338 0.023834 -0.123650 -0.059408 0.990259
1504645344.715347 -0.067980 -0.939415 1.127849 0.019498 -0.121806 -0.059627 0.990569
1504645344.915348 -0.037396 -0.855500 0.962859 0.012049 -0.118388 -0.057521 0.991227
1504645345.115350 0.004432 -0.762734 0.816797 0.009885 -0.116132 -0.058908 0.991436
1504645345.315348 0.035369 -0.660681 0.667134 0.007871 -0.110376 -0.056857 0.992231
