1504645453.285334 -0.000000 -0.000000 -0.000000 -0.000000 -0.000000 -0.000000 1.000000
1504645453.485354 0.022748 -0.057872 0.073451 -0.001029 0.006621 0.002686 0.999974
1504645453.685337 0.049392 -0.115849 0.145254 0.001409 0.021596 0.004919 0.999754
1504645453.885339 0.074946 -0.166103 0.220810 0.007651 0.038433 0.008664 0.999194
1504645454.085335 0.090497 -0.217678 0.283525 0.010113 0.052346 0.012480 0.998500
1504645454.285407 0.105142 -0.261181 0.338596 0.003153 0.065035 0.019436 0.997689
1504645454.485346 0.113580 -0.312572 0.392032 -0.004088 0.074004 0.030705 0.996777
1504645454.685341 0.113580 -0.312572 0.392032 -0.004088 0.074004 0.030705 0.996777
1504645454.885338 0.121706 -0.394685 0.520804 -0.013660 0.087918 0.034207 0.995447
1504645455.085338 0.124334 -0.464228 0.585896 -0.009450 0.087924 0.038245 0.995348
1504645455.285343 0.127920 -0.526066 0.676528 0.007998 0.092834 0.032366 0.995123
1504645455.485341 0.131178 -0.585003 0.765371 0.016129 0.091978 0.035975 0.994980
1504645455.685336 0.133186 -0.633532 0.837651 0.019198 0.091676 0.036679 0.994928
1504645455.885368 0.129761 -0.662657 0.901809 0.012147 0.090218 0.042439 0.994943
1504645456.085335 0.130899 -0.711266 0.949700 0.006197 0.091093 0.042636 0.994910
1504645456.285337 0.133300 -0.762362 0.996283 0.004584 0.094049 0.041318 0.994699
1504645456.485341 0.140178 -0.806648 1.041104 0.006795 0.098819 0.038756 0.994327
1504645456.685336 0.145917 -0.850017 1.088481 0.005597 0.102896 0.036348 0.994012
1504645456.885341 0.153554 -0.892318 1.140360 0.001236 0.113165 0.028653 0.993162
1504645457.085343 0.138662 -0.906773 1.202528 -0.003096 0.122234 0.027985 0.992102
1504645457.285345 0.092859 -0.917876 1.286624 0.001804 0.125091 0.036223 0.991482
1504645457.485349 0.048635 -0.949657 1.364460 0.002801 0.122286 0.042053 0.991600
1504645457.685341 -0.003342 -0.987800 1.441002 0.003655 0.112864 0.042299 0.992703
1504645457.885337 -0.060878 -1.042446 1.510756 0.002828 0.097842 0.036350 0.994534
1504645458.085335 -0.123997 -1.092003 1.580967 0.005520 0.077630 0.026824 0.996606
1504645458.285335 -0.195630 -1.150535 1.647689 0.009959 0.059862 0.016990 0.998012
1504645458.485336 -0.261291 -1.199384 1.709422 0.008182 0.047867 0.011505 0.998754
1504645458.685338 -0.330309 -1.245022 1.774014 0.007062 0.042956 0.005804 0.999035
1504645458.885336 -0.408858 -1.275931 1.844534 0.009508 0.038131 0.006243 0.999208
1504645459.085336 -0.488764 -1.298493 1.911111 0.013579 0.029746 0.003440 0.999459
1504645459.285337 -0.573975 -1.338198 1.961365 0.016824 0.015411 -0.003331 0.999734
1504645459.485337 -0.662167 -1.378566 1.998602 0.013538 -0.002273 -0.011322 0.999842
1504645459.685341 -0.754720 -1.411801 2.031002 0.010055 -0.018115 -0.018720 0.999610
1504645459.885336 -0.849213 -1.448778 2.055944 0.007323 -0.038786 -0.028101 0.998825
1504645460.085337 -0.948164 -1.474940 2.083546 0.009639 -0.057520 -0.036978 0.997613
1504645460.285341 -1.049826 -1.486570 2.113269 0.013779 -0.075824 -0.044931 0.996013
1504645460.485340 -1.152356 -1.499544 2.133416 0.015488 -0.092717 -0.052843 0.994169
1504645460.685336 -1.249449 -1.510369 2.137567 0.014928 -0.103511 -0.056842 0.992890
1504645460.885341 -1.349804 -1.510119 2.140318 0.015046 -0.108002 -0.060343 0.992204
1504645461.085338 -1.448730 -1.507900 2.134875 0.014636 -0.109453 -0.059963 0.992074
1504645461.285345 -1.539356 -1.498608 2.122699 0.014015 -0.111267 -0.052406 0.992309
1504645461.485345 -1.626962 -1.496360 2.097536 0.013190 -0.107996 -0.048179 0.992896
1504645461.685337 -1.703401 -1.500297 2.057531 0.009002 -0.101014 -0.042275 0.993946
1504645461.885376 -1.748361 -1.505024 2.023130 0.005315 -0.094889 -0.036787 0.994794
1504645462.085336 -1.794064 -1.496378 1.987403 -0.002609 -0.088639 -0.028721 0.995646
1504645462.285344 -1.818179 -1.463658 1.962990 -0.009632 -0.084601 -0.019930 0.996169
1504645462.485337 -1.821542 -1.440943 1.961264 -0.010441 -0.081617 -0.018307 0.996441
1504645462.685342 -1.832119 -1.435209 1.970842 -0.008448 -0.075852 -0.018739 0.996907
1504645462.885384 -1.827279 -1.438367 1.985341 -0.002089 -0.067620 -0.020442 0.997500
1504645463.085363 -1.796231 -1.431457 2.004827 0.000064 -0.067618 -0.019226 0.997526
1504645463.285340 -1.773741 -1.443797 2.022834 0.003140 -0.065838 -0.019872 0.997628
1504645463.485391 -1.728294 -1.455106 2.046873 0.004979 -0.065825 -0.023650 0.997539
1504645463.685338 -1.665737 -1.474358 2.067105 0.005941 -0.064518 -0.032392 0.997373
1504645463.885347 -1.614282 -1.486942 2.083145 0.006964 -0.064891 -0.032967 0.997323
1504645464.085350 -1.559848 -1.496232 2.099151 0.008031 -0.063352 -0.027737 0.997573
1504645464.285340 -1.500153 -1.504210 2.112036 0.008565 -0.054766 -0.023572 0.998184
1504645464.485359 -1.438328 -1.511617 2.122477 0.009914 -0.044423 -0.019060 0.998782
1504645464.685338 -1.366782 -1.513637 2.124657 0.009391 -0.034298 -0.013423 0.999277
1504645464.885341 -1.294379 -1.505330 2.126840 0.009104 -0.021600 -0.008506 0.999689
1504645465.085338 -1.213646 -1.504191 2.119672 0.010028 -0.007752 -0.002394 0.999917
1504645465.285340 -1.138610 -1.498519 2.102220 0.010350 0.007304 0.004671 0.999909
1504645465.485340 -1.064403 -1.489964 2.082250 0.003985 0.017679 0.016176 0.999705
1504645465.685361 -0.986200 -1.489961 2.066075 0.003260 0.025585 0.024956 0.999356
1504645465.885342 -0.894345 -1.493279 2.047829 0.003539 0.033438 0.029604 0.998996
1504645466.085338 -0.798581 -1.486302 2.032906 0.005776 0.044297 0.032030 0.998488
1504645466.285338 -0.698385 -1.479814 2.022845 0.011880 0.057190 0.032723 0.997756
1504645466.485341 -0.590030 -1.468974 1.999641 0.015190 0.066668 0.036841 0.996979
1504645466.685339 -0.488667 -1.462165 1.964483 0.010984 0.077080 0.043007 0.996036
1504645466.885338 -0.384876 -1.453634 1.927754 0.009641 0.089850 0.048730 0.994716
1504645467.085351 -0.279187 -1.436384 1.893027 0.009200 0.101561 0.056879 0.993159
1504645467.285347 -0.166783 -1.407880 1.857895 0.012289 0.114630 0.063137 0.991324
1504645467.485344 -0.053865 -1.384673 1.817683 0.013860 0.127354 0.064642 0.989652
1504645467.685338 0.046943 -1.344017 1.775220 0.016310 0.135990 0.068594 0.988198
1504645467.885338 0.149086 -1.302827 1.726215 0.014783 0.139070 0.069226 0.987749
1504645468.085339 0.245029 -1.262847 1.670162 0.010573 0.139155 0.069492 0.987773
1504645468.285351 0.326197 -1.249633 1.604003 0.008299 0.135438 0.064165 0.988671
1504645468.485361 0.407609 -1.233045 1.535355 0.010330 0.122969 0.055339 0.990813
1504645468.685387 0.478411 -1.238531 1.464856 0.007258 0.106864 0.047473 0.993113
1504645468.885341 0.554860 -1.233907 1.402341 0.006533 0.091740 0.032433 0.995233
1504645469.085353 0.621748 -1.238093 1.331535 0.005925 0.081649 0.020456 0.996434
1504645469.285351 0.655831 -1.193420 1.281162 0.006931 0.079951 0.009992 0.996725
1504645469.485339 0.674202 -1.147274 1.241697 0.007130 0.075287 -0.000225 0.997136
1504645469.685349 0.656115 -1.092205 1.196760 0.006032 0.069470 -0.002314 0.997563
1504645469.885342 0.620023 -1.041441 1.168973 0.002559 0.062995 -0.001534 0.998009
1504645470.085346 0.562945 -0.997161 1.136172 0.002592 0.057713 0.003839 0.998323
1504645470.285338 0.487071 -0.982772 1.093796 -0.001803 0.050016 0.021743 0.998510
1504645470.485341 0.425277 -0.980427 1.058148 -0.006545 0.048330 0.025230 0.998491
1504645470.685359 0.356647 -0.978641 1.030908 -0.010752 0.049429 0.025770 0.998387
1504645470.885363 0.287325 -0.994721 1.003959 -0.016332 0.050890 0.027075 0.998204
1504645471.085357 0.221566 -1.012343 1.003940 -0.013204 0.050550 0.033480 0.998073
1504645471.285341 0.164671 -1.035473 1.024894 -0.007907 0.050201 0.040027 0.997905
1504645471.485343 0.137854 -1.053075 1.045096 -0.008032 0.053088 0.031549 0.998059
1504645471.685373 0.099988 -1.071879 1.090680 -0.014084 0.052604 0.027785 0.998129
1504645471.885342 0.067955 -1.095448 1.144009 -0.022791 0.048064 0.030948 0.998105
1504645472.085341 0.056912 -1.125525 1.220318 -0.022556 0.044952 0.027972 0.998343
1504645472.285342 0.051616 -1.164106 1.318011 -0.018011 0.043117 0.020883 0.998689
1504645472.485348 0.045944 -1.208260 1.434247 0.001363 0.053045 -0.004969 0.998579
1504645472.685339 0.017173 -1.245567 1.566711 0.019400 0.056598 -0.015983 0.998081
1504645472.885339 -0.042712 -1.276126 1.679391 0.023681 0.051423 -0.011487 0.998330
1504645473.085345 -0.129604 -1.305886 1.774190 0.025619 0.042699 0.001188 0.998759
1504645473.285340 -0.228580 -1.332433 1.848720 0.026461 0.030684 0.012759 0.999097
1504645473.485339 -0.319024 -1.365694 1.899425 0.022949 0.024012 0.010239 0.999396
1504645473.685345 -0.408847 -1.403963 1.934330 0.019811 0.014479 0.006845 0.999676
1504645473.885346 -0.491313 -1.436541 1.955462 0.021658 0.002645 -0.000206 0.999762
1504645474.085339 -0.572295 -1.475408 1.964375 0.021952 -0.010433 -0.008443 0.999669
1504645474.285346 -0.647973 -1.506534 1.961442 0.021113 -0.021292 -0.017233 0.999402
1504645474.485341 -0.737493 -1.524641 1.940827 0.020133 -0.026385 -0.023669 0.999169
1504645474.685349 -0.828983 -1.528633 1.917734 0.006458 -0.035712 -0.022407 0.999090
1504645474.885368 -0.916096 -1.518558 1.902857 0.001120 -0.047120 -0.026029 0.998549
1504645475.085343 -1.010249 -1.504416 1.889388 -0.002809 -0.062778 -0.034029 0.997443
1504645475.285342 -1.101539 -1.492125 1.883600 -0.000683 -0.083541 -0.043930 0.995535
1504645475.485340 -1.200032 -1.494387 1.881994 0.003134 -0.103738 -0.053493 0.993160
1504645475.685357 -1.291221 -1.483335 1.889681 0.014002 -0.118151 -0.058953 0.991145
1504645475.885345 -1.377211 -1.479567 1.877946 0.013048 -0.130761 -0.064060 0.989256
1504645476.085347 -1.466643 -1.470178 1.856267 0.006822 -0.148568 -0.073473 0.986145
1504645476.285342 -1.548729 -1.465149 1.830051 0.005449 -0.170298 -0.084082 0.981784
1504645476.485343 -1.624434 -1.488866 1.801974 0.011119 -0.186192 -0.095171 0.977830
1504645476.685341 -1.696929 -1.510179 1.765144 0.011293 -0.195778 -0.099237 0.975549
1504645476.885347 -1.770834 -1.539717 1.711790 0.003672 -0.197135 -0.100952 0.975158
1504645477.085341 -1.844412 -1.554340 1.660714 -0.002268 -0.192286 -0.090967 0.977111
1504645477.285355 -1.907175 -1.580014 1.619972 -0.006592 -0.182408 -0.081102 0.979850
1504645477.485342 -1.964614 -1.583151 1.599447 -0.007184 -0.168572 -0.072862 0.982966
1504645477.685351 -2.004731 -1.576638 1.592053 -0.000308 -0.155732 -0.063147 0.985779
1504645477.885361 -2.045025 -1.573289 1.594381 0.002913 -0.143774 -0.057062 0.987960
1504645478.085388 -2.090072 -1.564972 1.592849 0.002379 -0.135230 -0.051408 0.989477
1504645478.285369 -2.102922 -1.553633 1.597430 0.001329 -0.131599 -0.048628 0.990109
1504645478.485352 -2.094132 -1.535972 1.605090 0.001665 -0.132136 -0.046545 0.990137
1504645478.685614 -2.079324 -1.535540 1.595383 0.002455 -0.132666 -0.044929 0.990139
1504645478.885366 -2.025690 -1.565028 1.585181 -0.001099 -0.135599 -0.047261 0.989635
1504645479.085346 -1.976882 -1.580125 1.594630 0.002310 -0.133836 -0.047861 0.989844
1504645479.285360 -1.908478 -1.604899 1.595498 0.007367 -0.128417 -0.048216 0.990520
1504645479.485344 -1.829131 -1.613300 1.602607 0.014605 -0.121508 -0.046399 0.991398
1504645479.685352 -1.752949 -1.609306 1.605769 0.008202 -0.113340 -0.042303 0.992621
1504645479.885345 -1.665057 -1.605092 1.619021 0.004695 -0.102336 -0.041987 0.993852
1504645480.085341 -1.574612 -1.577500 1.630936 -0.004851 -0.086133 -0.039984 0.995469
1504645480.285341 -1.491590 -1.549546 1.664398 -0.007777 -0.069175 -0.036624 0.996902
1504645480.485347 -1.407665 -1.507677 1.706599 -0.007400 -0.054398 -0.030979 0.998011
1504645480.685348 -1.327383 -1.476262 1.763010 -0.001561 -0.043573 -0.028196 0.998651
1504645480.885346 -1.260126 -1.450439 1.822453 0.007554 -0.037318 -0.023001 0.999010
1504645481.085342 -1.198740 -1.431554 1.862563 0.012903 -0.033228 -0.015951 0.999237
1504645481.285351 -1.125987 -1.409022 1.900267 0.008085 -0.030893 -0.006834 0.999467
1504645481.485342 -1.050579 -1.397640 1.933903 0.007502 -0.024193 -0.002260 0.999677
1504645481.685349 -0.963395 -1.390480 1.962327 0.010991 -0.013291 -0.001409 0.999850
1504645481.885341 -0.882491 -1.381804 1.984099 0.012151 -0.001353 0.002580 0.999922
1504645482.085341 -0.799990 -1.383547 2.001202 0.012388 0.010226 0.006930 0.999847
1504645482.285347 -0.721353 -1.385022 2.002338 0.013404 0.018047 0.012184 0.999673
1504645482.485353 -0.628734 -1.403899 1.995596 0.012845 0.021546 0.017728 0.999528
1504645482.685341 -0.544136 -1.435232 1.974401 0.014545 0.026128 0.017253 0.999404
1504645482.885341 -0.456374 -1.463121 1.943851 0.017582 0.029627 0.019653 0.999213
1504645483.085386 -0.360966 -1.490233 1.905411 0.017411 0.035737 0.019118 0.999027
1504645483.285341 -0.267118 -1.509016 1.858439 0.014206 0.044032 0.020758 0.998713
1504645483.485344 -0.179170 -1.520506 1.806852 0.011537 0.055988 0.022491 0.998111
1504645483.685347 -0.100099 -1.531781 1.759730 0.008409 0.066488 0.029062 0.997328
1504645483.885342 -0.028201 -1.539184 1.711156 0.005069 0.073670 0.039516 0.996487
1504645484.085375 0.052585 -1.530539 1.670904 0.008198 0.081320 0.040254 0.995841
1504645484.285405 0.121131 -1.512820 1.630775 0.008400 0.085850 0.038366 0.995534
1504645484.485343 0.188775 -1.504550 1.593408 0.003726 0.086616 0.036572 0.995563
1504645484.685347 0.244818 -1.465948 1.566964 0.003347 0.085063 0.036360 0.995706
1504645484.885347 0.297337 -1.444069 1.545728 0.004003 0.083521 0.035083 0.995880
1504645485.085395 0.337431 -1.405937 1.529016 0.011995 0.083206 0.032134 0.995942
1504645485.285346 0.388096 -1.388944 1.507614 0.018742 0.084713 0.027212 0.995857
1504645485.485358 0.418197 -1.364239 1.485322 0.018626 0.087735 0.019469 0.995779
1504645485.685385 0.432805 -1.329885 1.448599 0.019246 0.088092 0.014646 0.995819
1504645485.885357 0.399796 -1.281581 1.403764 0.019254 0.087503 0.015671 0.995855
1504645486.085429 0.365613 -1.248122 1.361273 0.017282 0.086845 0.017364 0.995921
1504645486.285346 0.313057 -1.215460 1.304074 0.017531 0.087026 0.018625 0.995878
1504645486.485368 0.225999 -1.187970 1.231614 0.020215 0.085359 0.026666 0.995788
1504645486.685345 0.149465 -1.161718 1.159062 0.028215 0.083948 0.026621 0.995715
1504645486.885383 0.053032 -1.112120 1.074870 0.033572 0.083011 0.026717 0.995625
1504645487.085342 -0.050355 -1.048483 0.986734 0.035789 0.081642 0.026890 0.995656
1504645487.285352 -0.161904 -0.960980 0.886925 0.029826 0.077633 0.033922 0.995958
1504645487.485342 -0.279262 -0.861776 0.778503 0.021868 0.073244 0.041740 0.996200
1504645487.685346 -0.383304 -0.761140 0.665845 0.020524 0.068706 0.048078 0.996266
1504645487.885345 -0.476199 -0.646818 0.549283 0.025641 0.069509 0.044331 0.996266
1504645488.085349 -0.566789 -0.519959 0.424186 0.023398 0.068274 0.047045 0.996282
1504645488.285347 -0.652948 -0.388181 0.289376 0.020282 0.065769 0.053645 0.996185
1504645488.485348 -0.722569 -0.263643 0.133393 0.020056 0.060599 0.055175 0.996434
1504645488.685346 -0.776186 -0.126084 -0.041757 0.008923 0.044719 0.053661 0.997518
1504645488.885344 -0.801333 0.012278 -0.210783 0.002712 0.023064 0.044396 0.998744
1504645489.085343 -0.817067 0.147109 -0.372829 -0.010483 -0.000482 0.035857 0.999302
1504645489.285343 -0.799737 0.271262 -0.511241 -0.010951 -0.020312 0.020399 0.999526
1504645489.485351 -0.757021 0.384730 -0.629169 -0.001856 -0.033094 -0.001345 0.999450
1504645489.685360 -0.704734 0.480942 -0.740313 0.005696 -0.046954 -0.015586 0.998759
1504645489.885345 -0.659430 0.575091 -0.869068 -0.004833 -0.061891 -0.019912 0.997873
1504645490.085343 -0.604724 0.635713 -0.992092 -0.018216 -0.071187 -0.024962 0.996984
1504645490.285349 -0.545202 0.680037 -1.100172 -0.036734 -0.075383 -0.031289 0.995987
1504645490.485345 -0.500335 0.691223 -1.170001 -0.042278 -0.076253 -0.038801 0.995436
1504645490.685358 -0.468549 0.664925 -1.212986 -0.041312 -0.070934 -0.046742 0.995528
1504645490.885345 -0.433428 0.631200 -1.242236 -0.039687 -0.073317 -0.046482 0.995434
1504645491.085368 -0.360138 0.573406 -1.217475 -0.039962 -0.076531 -0.045733 0.995216
1504645491.285344 -0.340189 0.507982 -1.160736 -0.038988 -0.075812 -0.047451 0.995229
1504645491.485354 -0.315466 0.444286 -1.067114 -0.033979 -0.078003 -0.046694 0.995279
1504645491.685344 -0.307936 0.366883 -0.952467 -0.021883 -0.079928 -0.047189 0.995443
1504645491.885345 -0.311445 0.287607 -0.826452 -0.008355 -0.081096 -0.049330 0.995450
1504645492.085347 -0.312548 0.207773 -0.695023 -0.007818 -0.083081 -0.050258 0.995244
1504645492.285346 -0.331872 0.115232 -0.555321 0.005289 -0.083814 -0.051461 0.995138
1504645492.485349 -0.348243 0.012093 -0.431891 0.010291 -0.083776 -0.052016 0.995073
1504645492.685344 -0.373339 -0.099061 -0.328348 0.003023 -0.080084 -0.052394 0.995406
1504645492.885345 -0.404600 -0.215018 -0.236624 -0.008193 -0.074983 -0.051695 0.995810
1504645493.085351 -0.447212 -0.343715 -0.140658 -0.010798 -0.070668 -0.049017 0.996236
1504645493.285348 -0.495499 -0.482006 -0.039516 -0.013805 -0.065612 -0.044371 0.996763
1504645493.485349 -0.563070 -0.621635 0.072896 -0.017009 -0.062745 -0.032106 0.997368
1504645493.685344 -0.623377 -0.757770 0.197580 -0.015116 -0.062691 -0.021688 0.997683
1504645493.885347 -0.679125 -0.872016 0.343341 -0.017629 -0.061888 -0.017576 0.997773
1504645494.085344 -0.724862 -0.987382 0.510029 -0.020364 -0.060633 -0.018366 0.997783
1504645494.285346 -0.753707 -1.092908 0.700398 -0.014192 -0.059368 -0.023142 0.997867
1504645494.485347 -0.775457 -1.204661 0.903506 -0.006882 -0.057437 -0.029315 0.997895
1504645494.685345 -0.806361 -1.311004 1.115826 0.006786 -0.054326 -0.036107 0.997847
1504645494.885344 -0.825093 -1.412515 1.330829 0.021637 -0.054913 -0.039243 0.997485
1504645495.085354 -0.861530 -1.492476 1.528309 0.022598 -0.055058 -0.041686 0.997357
1504645495.285347 -0.895535 -1.561082 1.713525 0.022214 -0.057388 -0.040570 0.997280
1504645495.485346 -0.932502 -1.615135 1.883583 0.027881 -0.057835 -0.042425 0.997035
1504645495.685347 -0.976032 -1.670332 2.036885 0.031025 -0.059162 -0.041147 0.996917
1504645495.885388 -1.001839 -1.703190 2.157583 0.032098 -0.060723 -0.036701 0.996963
1504645496.085355 -1.037067 -1.724135 2.261988 0.035827 -0.057349 -0.032298 0.997188
1504645496.285351 -1.066507 -1.741906 2.355230 0.041697 -0.051853 -0.028167 0.997386
1504645496.485385 -1.083774 -1.747630 2.414239 0.043779 -0.047547 -0.023937 0.997622
1504645496.685347 -1.093104 -1.749669 2.442667 0.044237 -0.044231 -0.021526 0.997809
1504645496.885352 -1.095417 -1.731710 2.430724 0.042693 -0.044611 -0.016258 0.997959
1504645497.085347 -1.066920 -1.704825 2.379740 0.045710 -0.046784 -0.011819 0.997789
1504645497.285353 -1.024879 -1.665216 2.318999 0.047727 -0.044640 -0.009862 0.997814
1504645497.485357 -0.966204 -1.602998 2.235122 0.050449 -0.039219 -0.010433 0.997902
1504645497.685345 -0.906859 -1.514363 2.124276 0.052772 -0.023236 -0.021769 0.998099
1504645497.885350 -0.847164 -1.397772 1.988807 0.035179 -0.012571 -0.021975 0.999060
1504645498.085346 -0.807159 -1.282714 1.836007 0.023585 -0.007601 -0.017983 0.999531
1504645498.285349 -0.779461 -1.170508 1.678356 0.024793 -0.006600 -0.016953 0.999527
1504645498.485347 -0.753148 -1.069628 1.508197 0.035423 -0.010977 -0.016319 0.999179
1504645498.685347 -0.741659 -0.983181 1.308191 0.031612 -0.013779 -0.017186 0.999258
1504645498.885345 -0.725838 -0.890599 1.096217 0.024810 -0.014155 -0.017917 0.999431
1504645499.085348 -0.727351 -0.806242 0.875084 0.015901 -0.011413 -0.014212 0.999707
1504645499.285348 -0.734621 -0.710322 0.656953 0.009527 -0.006672 -0.008731 0.999894
1504645499.485346 -0.742962 -0.608684 0.452556 0.007734 0.001521 -0.003114 0.999964
1504645499.685348 -0.758217 -0.505815 0.246183 0.006725 0.014779 -0.002191 0.999866
1504645499.885345 -0.762286 -0.383532 0.049376 0.008867 0.019525 0.007424 0.999743
1504645500.085347 -0.793699 -0.252029 -0.144101 0.009308 0.023908 0.020652 0.999458
1504645500.285345 -0.817564 -0.107830 -0.329817 0.008436 0.028509 0.031695 0.999055
1504645500.485347 -0.829390 0.051608 -0.511434 -0.007914 0.031117 0.039854 0.998690
1504645500.685347 -0.825575 0.209901 -0.671832 -0.032195 0.034625 0.047566 0.997748
1504645500.885346 -0.797006 0.342412 -0.806853 -0.042071 0.040172 0.046713 0.997213
1504645501.085346 -0.750378 0.435321 -0.922075 -0.042656 0.044669 0.043921 0.997124
1504645501.285355 -0.686678 0.495133 -1.010053 -0.040877 0.045259 0.044103 0.997164
1504645501.485351 -0.604459 0.529370 -1.064653 -0.041372 0.044241 0.040986 0.997322
1504645501.685360 -0.508918 0.540472 -1.106553 -0.043056 0.035166 0.036838 0.997774
1504645501.885347 -0.404192 0.536565 -1.107246 -0.044312 0.024651 0.030550 0.998246
1504645502.085346 -0.290239 0.494976 -1.103493 -0.045399 0.018000 0.017788 0.998648
1504645502.285353 -0.154809 0.447351 -1.049208 -0.037493 0.015108 0.004553 0.999172
1504645502.485347 -0.016766 0.396034 -0.974169 -0.028427 0.013010 -0.003462 0.999505
1504645502.685351 0.108108 0.342024 -0.876499 -0.020040 0.014633 -0.013054 0.999607
1504645502.885347 0.232255 0.299012 -0.762542 -0.009712 0.020064 -0.027433 0.999375
1504645503.085348 0.320339 0.241645 -0.639211 -0.001570 0.023480 -0.036776 0.999046
1504645503.285353 0.385222 0.183015 -0.528376 0.002615 0.022576 -0.039285 0.998970
1504645503.485366 0.405817 0.119031 -0.412412 0.005640 0.022251 -0.042527 0.998832
1504645503.685361 0.405359 0.050837 -0.309339 0.006175 0.019701 -0.041680 0.998918
1504645503.885365 0.359574 -0.014549 -0.211450 0.005378 0.019198 -0.040342 0.998987
1504645504.085346 0.280599 -0.093123 -0.111934 0.000467 0.015815 -0.031201 0.999388
1504645504.285356 0.176352 -0.161283 -0.014441 -0.005984 0.005244 -0.014933 0.999857
1504645504.485346 0.073057 -0.234813 0.084330 -0.009517 -0.001934 -0.011592 0.999886
1504645504.685348 -0.033077 -0.301255 0.198320 -0.012374 -0.007488 -0.011732 0.999827
1504645504.885349 -0.140208 -0.367109 0.320023 -0.013337 -0.011367 -0.013666 0.999753
1504645505.085349 -0.245742 -0.446981 0.445675 -0.012355 -0.013780 -0.013196 0.999742
1504645505.285349 -0.350522 -0.534875 0.576200 -0.015165 -0.014472 -0.009606 0.999734
1504645505.485349 -0.455530 -0.640664 0.709186 -0.017915 -0.014007 -0.004843 0.999730
1504645505.685347 -0.559022 -0.742336 0.867640 -0.015953 -0.011093 -0.003941 0.999803
1504645505.885349 -0.660165 -0.836871 1.039877 -0.014006 -0.009723 -0.000987 0.999854
1504645506.085347 -0.751562 -0.921972 1.226616 -0.005404 -0.013779 0.007420 0.999863
1504645506.285351 -0.832569 -1.013363 1.421991 -0.000661 -0.014312 0.010062 0.999847
1504645506.485349 -0.898928 -1.113632 1.609824 0.006401 -0.013074 0.009224 0.999852
1504645506.685348 -0.953796 -1.230496 1.794272 0.015086 -0.010472 0.003448 0.999825
1504645506.885357 -0.985686 -1.344668 1.973053 0.020513 -0.011499 -0.001795 0.999722
1504645507.085348 -1.019786 -1.452905 2.142233 0.023721 -0.012817 -0.005736 0.999620
1504645507.285348 -1.059359 -1.540631 2.308234 0.027787 -0.013805 -0.006966 0.999494
1504645507.485348 -1.093159 -1.625385 2.464260 0.042570 -0.014186 -0.007486 0.998965
1504645507.685349 -1.140434 -1.696749 2.601367 0.056620 -0.011160 -0.008783 0.998295
1504645507.885358 -1.178980 -1.755169 2.693596 0.060682 -0.010613 -0.008161 0.998067
1504645508.085353 -1.220350 -1.804720 2.747935 0.061596 -0.008461 -0.006989 0.998041
1504645508.285352 -1.265220 -1.821775 2.768218 0.062191 -0.006369 -0.005586 0.998028
1504645508.485363 -1.318575 -1.824393 2.750801 0.061122 -0.005191 -0.003197 0.998112
1504645508.685347 -1.369845 -1.803657 2.703980 0.058273 -0.009957 0.005776 0.998234
1504645508.885350 -1.415118 -1.773135 2.617476 0.040757 -0.016377 0.016176 0.998904
1504645509.085353 -1.440460 -1.734017 2.515303 0.021943 -0.029603 0.025001 0.999008
1504645509.285354 -1.441027 -1.702753 2.410561 0.018204 -0.042136 0.017831 0.998787
1504645509.485354 -1.413119 -1.661668 2.310969 0.018277 -0.058469 0.002504 0.998119
1504645509.685357 -1.366706 -1.605203 2.212460 0.018818 -0.073561 -0.021893 0.996873
1504645509.885350 -1.315496 -1.537219 2.125254 0.015670 -0.087790 -0.047198 0.994897
1504645510.085349 -1.279231 -1.469241 2.035804 0.018408 -0.106348 -0.060986 0.992286
1504645510.285351 -1.241688 -1.408928 1.943276 0.019551 -0.127504 -0.068813 0.989255
1504645510.485349 -1.204540 -1.349116 1.848749 0.020378 -0.142585 -0.072719 0.986897
1504645510.685351 -1.165880 -1.306491 1.756447 0.023576 -0.148978 -0.075844 0.985646
1504645510.885359 -1.140821 -1.233786 1.659814 0.026047 -0.149141 -0.078104 0.985382
1504645511.085360 -1.107695 -1.156708 1.555504 0.029131 -0.147001 -0.075662 0.985808
1504645511.285348 -1.081501 -1.071456 1.454145 0.030626 -0.144390 -0.074929 0.986205
1504645511.485350 -1.043456 -0.983640 1.339806 0.034354 -0.143265 -0.073229 0.986373
1504645511.685350 -1.019301 -0.916458 1.204735 0.033613 -0.140866 -0.072401 0.986805
1504645511.885350 -0.995237 -0.827659 1.049872 0.034244 -0.140971 -0.072293 0.986777
1504645512.085351 -0.976716 -0.747156 0.879146 0.029970 -0.143344 -0.070993 0.986668
1504645512.285349 -0.968776 -0.652609 0.696950 0.023188 -0.144121 -0.072501 0.986628
1504645512.485349 -0.954702 -0.557338 0.511890 0.019723 -0.145759 -0.073131 0.986416
1504645512.685348 -0.946450 -0.460978 0.323812 0.017463 -0.148127 -0.070124 0.986325
1504645512.885348 -0.963541 -0.362016 0.131390 0.014479 -0.146866 -0.063773 0.986992
1504645513.085355 -0.961096 -0.269011 -0.048437 0.013548 -0.142477 -0.053552 0.988255
1504645513.285361 -0.946421 -0.160743 -0.233793 0.012245 -0.131773 -0.040267 0.990386
1504645513.485350 -0.919868 -0.048157 -0.420486 0.001327 -0.114199 -0.028374 0.993052
1504645513.685350 -0.877762 0.082517 -0.584327 -0.010699 -0.094723 -0.017216 0.995297
1504645513.885352 -0.812539 0.220160 -0.717295 -0.024516 -0.080406 -0.004147 0.996452
1504645514.085349 -0.738492 0.339543 -0.830092 -0.026907 -0.065898 0.006483 0.997442
1504645514.285359 -0.644064 0.442579 -0.922213 -0.028728 -0.055262 0.010695 0.998001
1504645514.485352 -0.523156 0.511473 -0.992478 -0.034164 -0.044248 -0.000746 0.998436
1504645514.685349 -0.386915 0.552108 -1.042614 -0.040534 -0.039176 -0.008058 0.998377
1504645514.885351 -0.253979 0.559740 -1.064260 -0.040032 -0.041677 -0.003945 0.998321
1504645515.085376 -0.125321 0.519613 -1.056768 -0.039069 -0.041978 -0.003233 0.998349
1504645515.285351 0.031058 0.462697 -1.036255 -0.036735 -0.040229 -0.006512 0.998494
1504645515.485352 0.194651 0.397586 -0.982301 -0.026343 -0.024657 -0.019070 0.999167
1504645515.685361 0.345214 0.328822 -0.918660 -0.020412 -0.006545 -0.014807 0.999661
1504645515.885351 0.480868 0.270887 -0.823122 -0.017490 0.013089 -0.006078 0.999743
1504645516.085350 0.605854 0.210936 -0.704942 -0.009734 0.031136 -0.002996 0.999463
1504645516.285350 0.739448 0.133089 -0.588305 -0.001934 0.042977 -0.010299 0.999021
1504645516.485372 0.827386 0.071097 -0.452192 0.010090 0.048044 -0.019715 0.998600
1504645516.685351 0.904619 -0.024069 -0.338894 0.012398 0.037914 -0.026839 0.998844
1504645516.885352 0.944029 -0.117723 -0.235655 0.010238 0.024566 -0.030783 0.999172
1504645517.085351 0.952228 -0.224203 -0.128793 0.007468 0.014257 -0.028156 0.999474
1504645517.285353 0.934181 -0.295010 -0.035873 0.008578 0.010786 -0.028354 0.999503
1504645517.485350 0.919192 -0.388961 0.064982 0.005387 0.007886 -0.027958 0.999564
1504645517.685354 0.847826 -0.427447 0.166703 0.006719 0.006081 -0.018223 0.999793
1504645517.885354 0.775580 -0.504738 0.262235 0.006296 0.003491 -0.010255 0.999922
1504645518.085358 0.702301 -0.574221 0.355152 0.003152 0.003172 -0.006995 0.999966
1504645518.285358 0.629432 -0.657404 0.450324 0.003879 0.003059 -0.005093 0.999975
1504645518.485351 0.550364 -0.721611 0.548667 0.004497 0.006139 -0.001133 0.999970
1504645518.685355 0.471155 -0.797692 0.654907 0.009297 0.009885 0.002723 0.999904
1504645518.885350 0.396459 -0.885117 0.748621 0.018930 0.011609 0.005952 0.999736
1504645519.085350 0.319105 -0.958101 0.829569 0.024426 0.016309 0.006787 0.999546
1504645519.285351 0.257831 -1.027396 0.894844 0.017396 0.024449 0.010373 0.999496
1504645519.485360 0.182209 -1.070612 0.960585 0.012691 0.038143 0.017269 0.999043
1504645519.685351 0.115146 -1.116961 1.030763 0.006491 0.053816 0.022518 0.998276
1504645519.885353 0.032861 -1.169631 1.096649 0.006364 0.063710 0.028750 0.997534
1504645520.085350 -0.038528 -1.192520 1.159287 0.010430 0.067925 0.031768 0.997130
1504645520.285351 -0.113541 -1.253013 1.215486 0.003568 0.066646 0.029405 0.997337
1504645520.485352 -0.176295 -1.328575 1.263205 -0.000757 0.053125 0.022404 0.998336
1504645520.685356 -0.247841 -1.402409 1.320916 -0.000451 0.033982 0.012935 0.999339
1504645520.885350 -0.319412 -1.481150 1.383148 -0.005480 0.015490 0.003276 0.999860
1504645521.085353 -0.389102 -1.542767 1.459175 -0.005468 0.004073 -0.002448 0.999974
1504645521.285350 -0.456618 -1.596681 1.548777 -0.008348 -0.002926 -0.003995 0.999953
1504645521.485351 -0.521521 -1.633414 1.660427 -0.005890 -0.004707 -0.006138 0.999953
1504645521.685353 -0.594012 -1.686298 1.776420 -0.003929 -0.003900 -0.007333 0.999958
1504645521.885366 -0.667476 -1.738925 1.891374 -0.005344 -0.002786 -0.003879 0.999974
1504645522.085353 -0.734077 -1.799229 2.015321 -0.004697 -0.002446 -0.002109 0.999984
1504645522.285361 -0.798056 -1.867859 2.145785 -0.003193 -0.000556 0.000487 0.999995
1504645522.485351 -0.862806 -1.941002 2.285513 0.011568 -0.000579 0.006018 0.999915
1504645522.685353 -0.931333 -2.014068 2.422334 0.025156 0.002210 0.007830 0.999650
1504645522.885352 -0.986525 -2.080275 2.539893 0.028316 0.000622 0.014756 0.999490
1504645523.085358 -1.026741 -2.142908 2.643881 0.027281 0.000015 0.012132 0.999554
1504645523.285379 -1.068984 -2.193266 2.725386 0.026529 -0.005307 0.008720 0.999596
1504645523.485354 -1.088928 -2.232625 2.800368 0.027014 -0.015865 -0.002002 0.999507
1504645523.685358 -1.118784 -2.254393 2.867028 0.035713 -0.027428 -0.013425 0.998895
1504645523.885374 -1.142835 -2.255558 2.919181 0.043055 -0.036109 -0.025467 0.998095
1504645524.085377 -1.139188 -2.265743 2.940310 0.045771 -0.044984 -0.030601 0.997469
1504645524.285359 -1.161565 -2.277654 2.935704 0.047761 -0.045982 -0.031890 0.997290
1504645524.485367 -1.169765 -2.281561 2.890135 0.046817 -0.048110 -0.032863 0.997203
1504645524.685372 -1.190072 -2.258764 2.843574 0.046519 -0.046356 -0.035037 0.997226
1504645524.885369 -1.201055 -2.204488 2.771855 0.040091 -0.047110 -0.034037 0.997504
1504645525.085356 -1.218400 -2.128818 2.688933 0.030029 -0.048930 -0.032802 0.997812
1504645525.285364 -1.237157 -2.050271 2.595272 0.017521 -0.054387 -0.026504 0.998014
1504645525.485364 -1.252352 -1.991195 2.497317 0.013530 -0.057238 -0.026716 0.997911
1504645525.685361 -1.264094 -1.939076 2.396292 0.014242 -0.060338 -0.026568 0.997723
1504645525.885368 -1.268339 -1.886433 2.292135 0.014742 -0.063133 -0.023860 0.997611
1504645526.085355 -1.270172 -1.822963 2.194166 0.015125 -0.063325 -0.024977 0.997566
1504645526.285352 -1.265924 -1.751620 2.102414 0.015387 -0.063129 -0.027513 0.997507
1504645526.485352 -1.257870 -1.663806 2.012162 0.014660 -0.063650 -0.029501 0.997428
1504645526.685354 -1.247462 -1.562027 1.930700 0.014745 -0.063077 -0.030034 0.997448
1504645526.885354 -1.236281 -1.449538 1.855002 0.014083 -0.060412 -0.028915 0.997655
1504645527.085353 -1.222822 -1.344109 1.771129 0.011991 -0.058230 -0.026672 0.997875
1504645527.285352 -1.220123 -1.224385 1.690783 0.011593 -0.056695 -0.022598 0.998068
1504645527.485352 -1.210586 -1.101984 1.606201 0.003790 -0.061084 -0.011667 0.998057
1504645527.685353 -1.179277 -0.962031 1.535277 -0.016759 -0.066551 -0.008317 0.997608
1504645527.885361 -1.141481 -0.836239 1.491276 -0.015157 -0.066172 -0.015771 0.997568
1504645528.085355 -1.098224 -0.717550 1.459479 -0.011290 -0.062950 -0.025720 0.997621
1504645528.285353 -1.050813 -0.604874 1.444379 -0.003070 -0.064339 -0.025220 0.997605
1504645528.485352 -1.001021 -0.492856 1.435006 0.003187 -0.065478 -0.025975 0.997511
1504645528.685353 -0.955687 -0.397175 1.422828 0.012292 -0.064572 -0.027740 0.997452
1504645528.885356 -0.908110 -0.314444 1.400068 0.019504 -0.062994 -0.031047 0.997340
1504645529.085352 -0.865396 -0.252746 1.357324 0.020992 -0.060878 -0.031031 0.997442
1504645529.285361 -0.828343 -0.207653 1.291135 0.023305 -0.058469 -0.030294 0.997557
1504645529.485356 -0.794034 -0.181516 1.205689 0.026653 -0.056899 -0.029622 0.997584
1504645529.685371 -0.763087 -0.157686 1.103820 0.024853 -0.056844 -0.029244 0.997645
1504645529.885361 -0.736105 -0.129506 0.986133 0.024133 -0.059589 -0.027148 0.997562
1504645530.085353 -0.712291 -0.087075 0.858558 0.023176 -0.063396 -0.023961 0.997432
1504645530.285359 -0.692717 -0.028716 0.726980 0.019503 -0.066913 -0.019935 0.997369
1504645530.485354 -0.659008 0.042448 0.606711 0.017742 -0.070642 -0.019599 0.997151
1504645530.685354 -0.618883 0.112932 0.463104 0.015956 -0.071254 -0.020666 0.997116
1504645530.885355 -0.568346 0.195894 0.323792 0.008397 -0.069952 -0.019425 0.997326
1504645531.085360 -0.508024 0.281902 0.187830 0.004010 -0.068251 -0.021143 0.997436
1504645531.285357 -0.442340 0.365607 0.059150 -0.001107 -0.064282 -0.026260 0.997586
1504645531.485354 -0.377196 0.432229 -0.056726 0.002948 -0.059345 -0.031982 0.997721
1504645531.685354 -0.317844 0.503390 -0.175797 -0.001416 -0.059122 -0.027950 0.997858
1504645531.885353 -0.253240 0.558030 -0.289227 0.001170 -0.058975 -0.025820 0.997925
1504645532.085354 -0.192755 0.620885 -0.405065 0.001707 -0.057153 -0.026741 0.998006
1504645532.285353 -0.126882 0.684599 -0.498755 -0.005306 -0.055211 -0.031802 0.997954
1504645532.485353 -0.071257 0.749865 -0.598529 -0.013640 -0.053878 -0.033826 0.997881
1504645532.685354 -0.025661 0.805891 -0.677981 -0.016487 -0.054223 -0.035152 0.997774
1504645532.885353 0.028935 0.863107 -0.739240 -0.016512 -0.057612 -0.036071 0.997551
1504645533.085355 0.079245 0.908603 -0.790327 -0.015609 -0.057805 -0.035368 0.997579
1504645533.285362 0.119740 0.945591 -0.813053 -0.009165 -0.055303 -0.035228 0.997806
1504645533.485355 0.162253 0.982170 -0.830436 -0.008175 -0.054143 -0.034771 0.997894
1504645533.685353 0.189919 1.021899 -0.849311 -0.012033 -0.050041 -0.038271 0.997941
1504645533.885353 0.220802 1.077020 -0.840350 -0.008941 -0.053201 -0.043126 0.997612
1504645534.085357 0.221896 1.126769 -0.829667 -0.008870 -0.049924 -0.044723 0.997712
1504645534.285355 0.208383 1.187443 -0.776586 -0.004590 -0.058359 -0.036531 0.997617
1504645534.485354 0.227725 1.178642 -0.786450 0.003483 -0.071150 -0.029827 0.997014
1504645534.685355 0.266176 1.166140 -0.793787 0.010122 -0.069639 -0.040179 0.996711
1504645534.885356 0.296087 1.175731 -0.763961 -0.003734 -0.076145 -0.033277 0.996534
1504645535.085361 0.315238 1.171980 -0.760571 -0.014080 -0.075518 -0.036926 0.996361
1504645535.485388 0.330297 1.177834 -0.749489 -0.014236 -0.071286 -0.034118 0.996771
