1643091436.096091 3.637818 124.561517 17.596206 -0.019831 0.713917 -0.020840 -0.699639
1643091436.195984 3.638774 124.561663 17.595600 -0.019638 0.713596 -0.020893 -0.699970
1643091436.295867 3.632676 124.561413 17.597610 -0.019665 0.713576 -0.021143 -0.699982
1643091436.395782 3.638020 124.561372 17.592011 -0.021489 0.714946 -0.018486 -0.698605
1643091436.495717 3.634493 124.561329 17.596556 -0.020009 0.713653 -0.020703 -0.699908
1643091436.595801 3.637224 124.561822 17.596802 -0.019924 0.713775 -0.020924 -0.699779
1643091436.695988 3.637662 124.561764 17.590429 -0.021936 0.715264 -0.017883 -0.698281
1643091436.796103 3.636650 124.560871 17.590065 -0.022899 0.714918 -0.016378 -0.698641
1643091436.896057 3.640077 124.560680 17.596692 -0.019367 0.713813 -0.021335 -0.699743
1643091436.995924 3.633116 124.561211 17.597676 -0.019388 0.713507 -0.021506 -0.700049
1643091437.095913 3.639304 124.558924 17.604691 -0.015758 0.715422 -0.026056 -0.698029
1643091437.195745 3.640787 124.561847 17.596324 -0.020009 0.713656 -0.021141 -0.699891
1643091437.295563 3.632916 124.561675 17.597097 -0.020105 0.713679 -0.020874 -0.699873
1643091437.395402 3.637981 124.561413 17.596339 -0.019756 0.713881 -0.021872 -0.699646
1643091437.495264 3.632115 124.561421 17.597489 -0.020041 0.713568 -0.021545 -0.699967
1643091437.595174 3.634834 124.558979 17.604835 -0.016184 0.715534 -0.026108 -0.697902
1643091437.695145 3.633262 124.561852 17.597336 -0.019674 0.713707 -0.021550 -0.699836
1643091437.795141 3.635121 124.561638 17.596631 -0.020142 0.713799 -0.021063 -0.699744
1643091437.895132 3.637897 124.561807 17.596044 -0.020278 0.713878 -0.020785 -0.699667
1643091437.995163 3.638175 124.561778 17.595801 -0.019923 0.713756 -0.021331 -0.699786
1643091438.095386 3.641646 124.561823 17.595883 -0.020094 0.713801 -0.021260 -0.699737
1643091438.195497 3.636565 124.561247 17.596550 -0.020406 0.713694 -0.020810 -0.699851
1643091438.295627 3.637219 124.561315 17.596406 -0.020025 0.713714 -0.021501 -0.699821
1643091438.395707 3.631424 124.561935 17.597700 -0.020375 0.713582 -0.021113 -0.699957
1643091438.495715 3.639244 124.561526 17.595535 -0.020583 0.713821 -0.020720 -0.699719
1643091438.595698 3.633229 124.577921 17.596827 -0.023916 0.713504 -0.024008 -0.699831
1643091438.695654 3.631853 124.561174 17.595952 -0.020919 0.713950 -0.020556 -0.699582
1643091438.795565 3.636371 124.561972 17.596346 -0.021082 0.713762 -0.021052 -0.699754
1643091438.895438 3.631158 124.562066 17.597671 -0.020718 0.713941 -0.021582 -0.699567
1643091438.99529 3.638306 124.562126 17.596585 -0.022662 0.713586 -0.021711 -0.699864
1643091439.095358 3.632207 124.559356 17.605439 -0.016674 0.715635 -0.026802 -0.697761
1643091439.195292 3.622788 124.562828 17.600056 -0.021509 0.714829 -0.020991 -0.698653
1643091439.295221 3.610792 124.558710 17.611401 -0.017556 0.718032 -0.025899 -0.695306
1643091439.395165 3.594173 124.562705 17.606226 -0.021513 0.716560 -0.022231 -0.696839
1643091439.495225 3.573060 124.565395 17.607832 -0.021854 0.716140 -0.022885 -0.697239
1643091439.595494 3.551609 124.565862 17.620193 -0.021240 0.708613 -0.025877 -0.704803
1643091439.695866 3.523196 124.558484 17.633594 0.018898 -0.705010 0.029363 0.708338
1643091439.795922 3.496279 124.564474 17.643539 0.017857 -0.705111 0.028924 0.708282
1643091439.895744 3.464202 124.567232 17.648681 -0.019984 0.711889 -0.030459 -0.701347
1643091439.995373 3.427161 124.558551 17.648630 -0.022598 0.717915 -0.027558 -0.695218
1643091440.09524 3.386860 124.559951 17.653467 -0.020859 0.723666 -0.026886 -0.689311
1643091440.195077 3.347851 124.561623 17.660495 -0.021108 0.727890 -0.027324 -0.684824
1643091440.294989 3.297191 124.563848 17.676497 -0.018232 0.731981 -0.029842 -0.680427
1643091440.395069 3.247707 124.561866 17.678634 -0.020674 0.732969 -0.030099 -0.679282
1643091440.495141 3.198257 124.560095 17.683181 -0.021775 0.735382 -0.027622 -0.676739
1643091440.595345 3.151272 124.561903 17.689835 -0.020818 0.736986 -0.027008 -0.675047
1643091440.695703 3.104775 124.560259 17.697996 -0.021364 0.738961 -0.028092 -0.672823
1643091440.796058 3.052219 124.558858 17.708731 -0.019559 0.741539 -0.030753 -0.669920
1643091440.896385 2.998850 124.557240 17.707256 -0.021183 0.743465 -0.026699 -0.667906
1643091440.996722 2.945878 124.562562 17.714169 -0.021679 0.741912 -0.025262 -0.669671
1643091441.097257 2.888371 124.555817 17.716483 -0.022220 0.742465 -0.029102 -0.668884
1643091441.197533 2.833138 124.555487 17.722236 -0.021277 0.742234 -0.027110 -0.669254
1643091441.297725 2.776377 124.557321 17.731184 -0.020214 0.742647 -0.027588 -0.668809
1643091441.397712 2.721215 124.557384 17.741099 -0.021347 0.742399 -0.027043 -0.669071
1643091441.497534 2.662849 124.559268 17.749329 -0.021129 0.743915 -0.027677 -0.667366
1643091441.597254 2.598824 124.556077 17.755595 -0.020634 0.747354 -0.028869 -0.663478
1643091441.696826 2.535253 124.554466 17.763233 -0.019384 0.752459 -0.027863 -0.657764
1643091441.796304 2.474817 124.556275 17.771709 -0.019159 0.759194 -0.027388 -0.650005
1643091441.895791 2.415221 124.558323 17.778716 -0.018064 0.768282 -0.027625 -0.639260
1643091441.995459 2.355385 124.557658 17.777824 -0.019274 0.778544 -0.028924 -0.626627
1643091442.095555 2.294099 124.554597 17.787738 -0.017388 0.790333 -0.029619 -0.611714
1643091442.195714 2.230328 124.554648 17.777676 -0.016562 0.801242 -0.026897 -0.597507
1643091442.296023 2.165451 124.557714 17.759123 -0.014401 0.812936 -0.026015 -0.581594
1643091442.396387 2.106005 124.556998 17.768611 -0.016728 0.822707 -0.027327 -0.567562
1643091442.496728 2.043702 124.555944 17.758797 -0.015392 0.834247 -0.030159 -0.550350
1643091442.597033 1.978213 124.555196 17.741890 -0.013201 0.844077 -0.026428 -0.535408
1643091442.697313 1.919831 124.556917 17.730362 -0.013718 0.854147 -0.027894 -0.519101
1643091442.797442 1.856958 124.556437 17.713821 -0.013401 0.863367 -0.026559 -0.503699
1643091442.897497 1.795675 124.555103 17.694850 -0.014464 0.874488 -0.032224 -0.483760
1643091442.997296 1.726365 124.557960 17.672934 -0.008619 0.882309 -0.027780 -0.469771
1643091443.097078 1.666108 124.558273 17.652798 -0.010793 0.897990 -0.028793 -0.438940
1643091443.196657 1.605372 124.554703 17.625069 -0.010078 0.909206 -0.032716 -0.414937
1643091443.296276 1.549186 124.555465 17.595715 -0.008159 0.909934 -0.031515 -0.413475
1643091443.396096 1.493162 124.557323 17.558289 -0.008105 0.921106 -0.031750 -0.387930
1643091443.496047 1.440421 124.552222 17.521747 -0.010572 0.940591 -0.033195 -0.337750
1643091443.596248 1.383876 124.558057 17.470953 -0.005366 0.940842 -0.033816 -0.337111
1643091443.696372 1.336100 124.559976 17.436691 -0.004604 0.953813 -0.030136 -0.298850
1643091443.796579 1.292960 124.552871 17.387172 -0.006966 0.962113 -0.032286 -0.270643
1643091443.896751 1.244677 124.556546 17.330314 -0.004685 0.962260 -0.032229 -0.270177
1643091443.996863 1.209067 124.555009 17.277952 -0.004033 0.971985 -0.031686 -0.232862
1643091444.097039 1.168792 124.555964 17.217557 -0.004032 0.976772 -0.031592 -0.211903
1643091444.197025 1.134444 124.554509 17.160604 -0.003200 0.978688 -0.031641 -0.202874
1643091444.296977 1.103678 124.553108 17.095201 -0.002704 0.983103 -0.031835 -0.180246
1643091444.39689 1.077393 124.552753 17.033465 -0.001990 0.986816 -0.032223 -0.158594
1643091444.496814 1.052903 124.553784 16.968649 -0.001750 0.990047 -0.031534 -0.137149
1643091444.596812 1.031797 124.552423 16.902318 0.000186 0.992725 -0.031845 -0.116117
1643091444.696965 1.015924 124.556467 16.827465 -0.001345 0.994620 -0.031596 -0.098642
1643091444.797191 1.002553 124.557293 16.750391 0.000500 0.996043 -0.030678 -0.083404
1643091444.897438 0.993233 124.555416 16.673693 0.000083 0.997030 -0.031122 -0.070446
1643091444.997669 0.984211 124.549643 16.595933 0.000142 0.997752 -0.031064 -0.059374
1643091445.097882 0.975142 124.552777 16.519397 0.000142 0.998333 -0.030858 -0.048771
1643091445.197942 0.967920 124.553170 16.440810 0.000759 0.998695 -0.030682 -0.040820
1643091445.29792 0.959980 124.556218 16.363139 0.000768 0.998972 -0.030362 -0.033649
1643091445.397847 0.951165 124.554050 16.275524 0.001557 0.999152 -0.030547 -0.027573
1643091445.497636 0.943341 124.554894 16.204698 0.002712 0.999442 -0.029879 -0.014712
1643091445.597378 0.933032 124.551394 16.098982 0.006213 0.999338 -0.032885 -0.014281
1643091445.69714 0.931908 124.564367 16.040860 0.005545 0.999467 -0.031029 -0.008535
1643091445.796891 0.930866 124.556372 15.962760 0.005828 0.999495 -0.031218 -0.001169
1643091445.896627 0.929701 124.555812 15.885155 0.003667 0.999489 -0.031319 0.005207
1643091445.996526 0.929360 124.562383 15.795539 0.004681 0.999442 -0.029993 0.013940
1643091446.09664 0.929161 124.556383 15.712964 0.005696 0.999387 -0.031061 0.015095
1643091446.196599 0.928995 124.556035 15.628128 0.006413 0.999302 -0.031290 0.019375
1643091446.296468 0.926707 124.561164 15.519756 0.003843 0.999288 -0.028041 0.024948
1643091446.396414 0.926590 124.559602 15.470309 0.002305 0.999344 -0.030611 0.019240
1643091446.496424 0.928163 124.552462 15.392420 0.004000 0.999288 -0.034035 0.015799
1643091446.596303 0.921408 124.559598 15.302465 0.006548 0.999429 -0.030841 0.012119
1643091446.696155 0.920880 124.556796 15.185523 -0.002808 0.999441 -0.031270 0.011499
1643091446.796034 0.902167 124.555180 15.096335 0.007106 0.999388 -0.032590 0.010576
1643091446.895976 0.900845 124.556280 15.041321 0.007757 0.999375 -0.032558 0.011380
1643091446.996008 0.891665 124.563122 14.887556 0.005365 0.999390 -0.032248 0.012310
1643091447.096222 0.902963 124.557665 14.823776 -0.003421 0.999356 -0.031947 0.015961
1643091447.196282 0.891934 124.554897 14.789244 0.006383 0.999310 -0.032634 0.016550
1643091447.296412 0.899077 124.558326 14.664317 -0.002169 0.999306 -0.031932 0.019031
1643091447.396507 0.883828 124.555369 14.607483 0.007332 0.999254 -0.032711 0.019187
1643091447.496554 0.887923 124.554912 14.448120 -0.003726 0.999287 -0.031926 0.019825
1643091447.596553 0.864645 124.556405 14.309102 0.006788 0.999209 -0.034437 0.018677
1643091447.696537 0.867230 124.561619 14.271546 0.004883 0.999325 -0.032242 0.016927
1643091447.796537 0.867323 124.564063 14.180835 0.001200 0.999349 -0.031617 0.017312
1643091447.896603 0.863395 124.552475 14.085987 -0.001982 0.999383 -0.030937 0.016496
1643091447.996686 0.843570 124.554504 13.992622 0.007300 0.999329 -0.032679 0.014833
1643091448.096838 0.835649 124.557435 13.907103 0.007673 0.999352 -0.032544 0.013296
1643091448.196788 0.841616 124.555359 13.817175 -0.000880 0.999408 -0.031095 0.014699
1643091448.296673 0.823405 124.550151 13.744063 0.007967 0.999272 -0.033162 0.017124
1643091448.396461 0.822746 124.558145 13.693647 0.003932 0.999292 -0.031667 0.019913
1643091448.496264 0.820106 124.552884 13.616787 0.000766 0.999208 -0.031164 0.024715
1643091448.596184 0.805278 124.552292 13.511869 0.007047 0.999049 -0.031806 0.028972
1643091448.696215 0.804307 124.554527 13.460578 0.006938 0.998989 -0.031309 0.031503
1643091448.796279 0.798907 124.557336 13.360761 0.007316 0.998964 -0.030967 0.032541
1643091448.896338 0.793147 124.554457 13.266709 0.005652 0.998949 -0.030918 0.033365
1643091448.996414 0.787176 124.552530 13.205374 0.007669 0.998862 -0.032370 0.034175
1643091449.096566 0.778749 124.552344 13.112078 0.008576 0.998809 -0.032703 0.035171
1643091449.196492 0.770528 124.556616 13.001320 0.003745 0.998894 -0.032179 0.034085
1643091449.296333 0.753373 124.558768 12.896943 0.008235 0.998806 -0.033196 0.034873
1643091449.396168 0.750864 124.551737 12.851314 0.005508 0.998912 -0.031928 0.033557
1643091449.495949 0.745645 124.557465 12.821387 0.006259 0.998854 -0.031876 0.035137
1643091449.595734 0.735919 124.560884 12.684597 0.004452 0.998830 -0.031106 0.036755
1643091449.695643 0.733248 124.555478 12.637445 0.007250 0.998729 -0.031606 0.038584
1643091449.795612 0.732196 124.557795 12.584134 0.007959 0.998646 -0.033857 0.038687
1643091449.895589 0.730575 124.555864 12.528960 0.010145 0.998638 -0.031386 0.040435
1643091449.995558 0.728467 124.558557 12.356688 -0.001640 0.998723 -0.030384 0.040322
1643091450.095614 0.737404 124.553121 12.416531 -0.001891 0.998593 -0.031603 0.042531
1643091450.195544 0.712736 124.556806 12.292929 0.007892 0.998534 -0.031124 0.043573
1643091450.295515 0.721181 124.557271 12.211803 -0.001506 0.998593 -0.031471 0.042661
1643091450.395497 0.702641 124.558440 12.033077 -0.002437 0.998667 -0.030361 0.041663
1643091450.495545 0.694186 124.558215 12.007851 0.003073 0.998676 -0.031378 0.040638
1643091450.595609 0.686419 124.553364 11.870914 0.000454 0.998593 -0.030160 0.043623
1643091450.695617 0.684356 124.556913 11.876569 -0.000368 0.998638 -0.030398 0.042409
1643091450.795648 0.674074 124.557257 11.795843 -0.001425 0.998685 -0.029584 0.041837
1643091450.895678 0.662085 124.557183 11.676035 -0.002108 0.998794 -0.028741 0.039741
1643091450.995724 0.640291 124.554631 11.596488 0.007825 0.998687 -0.032104 0.039140
1643091451.095957 0.639017 124.559099 11.473730 -0.000441 0.998875 -0.028685 0.037749
1643091451.196104 0.646260 124.562922 11.544956 0.001539 0.998923 -0.029670 0.035645
1643091451.296143 0.623404 124.559122 11.432715 0.008829 0.998875 -0.030401 0.035296
1643091451.396114 0.620594 124.558505 11.400638 0.004587 0.998969 -0.030133 0.033640
1643091451.496054 0.621667 124.555523 11.409861 0.003200 0.998958 -0.030245 0.034026
1643091451.596001 0.607323 124.563404 11.361661 0.007350 0.998925 -0.031206 0.033482
1643091451.695992 0.593074 124.559065 11.200453 -0.000436 0.999008 -0.033311 0.029548
1643091451.795966 0.577471 124.553494 11.091124 -0.001962 0.999047 -0.033921 0.027389
1643091451.89589 0.562481 124.559609 11.030794 0.008779 0.999133 -0.030428 0.027033
1643091451.995732 0.542982 124.561566 10.881101 0.006912 0.999146 -0.031098 0.026299
1643091452.095705 0.526919 124.560566 10.763597 0.003352 0.999212 -0.031397 0.024030
1643091452.195599 0.509021 124.558968 10.660078 0.007599 0.999198 -0.031998 0.022849
1643091452.295476 0.488539 124.563603 10.500066 0.006553 0.999252 -0.031789 0.021032
1643091452.395419 0.467382 124.565473 10.352933 0.008056 0.999316 -0.030585 0.019165
1643091452.495394 0.456922 124.563718 10.278983 0.005103 0.999344 -0.032821 0.014453
1643091452.595391 0.439751 124.557998 10.136036 0.006892 0.999308 -0.032581 0.016539
1643091452.695255 0.435080 124.563212 10.147053 0.007854 0.999228 -0.033910 0.018217
1643091452.795196 0.431769 124.564216 10.144778 0.000507 0.999344 -0.031711 0.017468
1643091452.895184 0.412832 124.558686 10.033512 0.007481 0.999234 -0.032789 0.020018
1643091452.995191 0.397068 124.561369 9.931814 0.008680 0.999225 -0.032258 0.020805
1643091453.095301 0.383286 124.561133 9.823684 0.011661 0.999194 -0.030474 0.023395
1643091453.195231 0.370485 124.562067 9.766720 0.012968 0.999050 -0.032373 0.026142
1643091453.295211 0.347199 124.563144 9.495463 0.007284 0.998994 -0.033633 0.028746
1643091453.395422 0.334697 124.559285 9.362253 0.006153 0.998954 -0.032541 0.031516
1643091453.495738 0.337858 124.566573 9.363249 0.008037 0.998944 -0.031805 0.032174
1643091453.596082 0.328303 124.562217 9.271476 0.008292 0.998859 -0.035838 0.030467
1643091453.696396 0.340284 124.562780 9.282352 0.007936 0.999058 -0.031355 0.028928
1643091453.796589 0.331822 124.564173 9.213974 0.007534 0.998970 -0.033947 0.029163
1643091453.896644 0.322537 124.559364 9.075641 0.008098 0.999025 -0.032276 0.029024
1643091453.99651 0.303478 124.559796 8.908654 -0.000137 0.999153 -0.031833 0.026080
1643091454.096483 0.280816 124.557237 8.787602 0.006768 0.999076 -0.033397 0.026187
1643091454.196261 0.259633 124.560062 8.609979 0.007626 0.999156 -0.029890 0.027107
1643091454.296175 0.277368 124.554347 8.625397 0.001800 0.999019 -0.033580 0.028822
1643091454.396075 0.256804 124.555323 8.515456 0.008125 0.999079 -0.029398 0.030166
1643091454.495959 0.234148 124.569401 8.349274 0.006113 0.999108 -0.030226 0.028836
1643091454.595953 0.226325 124.556938 8.248618 0.005466 0.999048 -0.033946 0.026858
1643091454.696034 0.227986 124.560663 8.233493 0.006004 0.999287 -0.029698 0.022506
1643091454.796125 0.234945 124.566196 8.191536 0.006463 0.999235 -0.031315 0.022506
1643091454.896262 0.219695 124.563658 8.048292 0.006043 0.999388 -0.028799 0.018937
1643091454.996363 0.217113 124.557374 8.005243 0.002245 0.999284 -0.032520 0.019192
1643091455.096618 0.204820 124.557619 7.802566 0.006537 0.999316 -0.032450 0.016496
1643091455.196668 0.198636 124.564304 7.743040 0.004103 0.999444 -0.030791 0.012100
1643091455.296728 0.182574 124.560925 7.613066 0.005008 0.999477 -0.030667 0.008999
1643091455.396787 0.170286 124.559658 7.541821 0.006491 0.999472 -0.030968 0.007367
1643091455.496773 0.156580 124.562290 7.407453 0.007742 0.999459 -0.031390 0.006089
1643091455.596664 0.150297 124.555968 7.268658 0.007238 0.999483 -0.030432 0.007480
1643091455.696474 0.135913 124.568765 7.176266 0.007467 0.999427 -0.029842 0.014143
1643091455.79634 0.132834 124.559319 7.143226 0.005637 0.999407 -0.030875 0.014142
1643091455.89625 0.126175 124.560987 7.022397 0.008494 0.999290 -0.031202 0.019329
1643091455.996195 0.118415 124.569674 6.905626 0.007614 0.999261 -0.030568 0.022021
1643091456.096245 0.134099 124.557220 6.896804 -0.003807 0.999156 -0.030583 0.027169
1643091456.196065 0.115484 124.565730 6.788861 0.004848 0.999088 -0.031147 0.028798
1643091456.295831 0.116545 124.566962 6.622811 -0.002028 0.999007 -0.030526 0.032392
1643091456.395523 0.105946 124.560714 6.475077 -0.005791 0.998866 -0.030951 0.035707
1643091456.495373 0.096851 124.564741 6.463266 0.007033 0.998758 -0.032526 0.037093
1643091456.595296 0.090175 124.563247 6.366258 0.007182 0.998800 -0.031047 0.037180
1643091456.695233 0.107963 124.563136 6.382684 -0.003069 0.998849 -0.029813 0.037460
1643091456.795242 0.097550 124.558420 6.222694 -0.002001 0.998751 -0.031933 0.038379
1643091456.89524 0.068419 124.557477 6.050988 0.007441 0.998676 -0.032530 0.039144
1643091456.995277 0.079392 124.558884 5.949903 -0.005399 0.998873 -0.029593 0.036707
1643091457.09551 0.064950 124.567346 5.907122 0.005922 0.998923 -0.030820 0.034163
1643091457.19557 0.064207 124.562588 5.723094 -0.003500 0.998982 -0.030384 0.033158
1643091457.295666 0.058354 124.557545 5.642135 -0.003408 0.998993 -0.032071 0.031200
1643091457.395761 0.053381 124.559950 5.573736 -0.004723 0.999156 -0.026912 0.030682
1643091457.495845 0.030306 124.567048 5.445852 0.003714 0.999049 -0.030700 0.030739
1643091457.595951 0.024750 124.567181 5.399144 0.003780 0.999051 -0.030717 0.030638
1643091457.696064 0.013922 124.563949 5.290378 0.004168 0.999061 -0.032641 0.028183
1643091457.796068 0.002203 124.559333 5.195751 0.005811 0.999123 -0.030697 0.027860
1643091457.895947 -0.010908 124.566741 5.063541 0.006506 0.999130 -0.028004 0.030202
1643091457.99577 -0.017634 124.562864 4.978221 0.004381 0.998928 -0.031997 0.033155
1643091458.095733 -0.029295 124.564615 4.833700 0.004489 0.998941 -0.029111 0.035356
1643091458.195601 -0.029071 124.563425 4.835899 0.005113 0.998886 -0.030045 0.036027
1643091458.295583 -0.040348 124.562210 4.705296 0.010784 0.998898 -0.030531 0.033972
1643091458.395584 -0.045581 124.570688 4.601872 0.003218 0.998912 -0.029748 0.035761
1643091458.4956 -0.048533 124.562627 4.573492 0.004380 0.998955 -0.033062 0.031260
1643091458.595594 -0.062247 124.566092 4.489712 0.007129 0.998891 -0.032419 0.033392
1643091458.69561 -0.067434 124.568169 4.353551 0.002546 0.999060 -0.030213 0.030996
1643091458.795677 -0.073120 124.560169 4.242812 -0.000339 0.999040 -0.031615 0.030313
1643091458.895703 -0.091303 124.575365 4.139809 0.002750 0.999120 -0.031474 0.027569
1643091458.995717 -0.104530 124.563116 4.048419 0.004998 0.999151 -0.031593 0.025972
1643091459.095934 -0.116018 124.566548 3.955342 0.010535 0.999146 -0.030012 0.026371
1643091459.196047 -0.118825 124.568129 3.859596 0.003709 0.999177 -0.029954 0.027092
1643091459.296272 -0.129510 124.564957 3.772026 0.009273 0.999045 -0.030915 0.029437
1643091459.39655 -0.135289 124.570964 3.681147 0.007288 0.999058 -0.030806 0.029689
1643091459.496744 -0.142396 124.566231 3.583093 0.008323 0.999057 -0.030870 0.029392
1643091459.596821 -0.145169 124.564781 3.490082 0.006287 0.999148 -0.031957 0.025345
1643091459.696661 -0.155703 124.570111 3.396307 0.007997 0.999137 -0.031404 0.025999
1643091459.79643 -0.161728 124.564942 3.310991 0.008653 0.999183 -0.030443 0.025141
1643091459.896187 -0.160660 124.567558 3.224895 0.002814 0.999246 -0.031237 0.022886
1643091459.995939 -0.171926 124.566511 3.132020 0.008412 0.999167 -0.031698 0.024273
1643091460.095781 -0.177456 124.568001 3.045389 0.004151 0.999258 -0.031685 0.021483
1643091460.195519 -0.186704 124.567249 2.955787 0.006427 0.999222 -0.032045 0.022050
1643091460.295318 -0.195373 124.564173 2.861042 0.008340 0.999264 -0.031007 0.020973
1643091460.395205 -0.202307 124.564373 2.774758 0.008158 0.999231 -0.031451 0.021932
1643091460.495131 -0.210158 124.569053 2.688046 0.008842 0.999195 -0.031525 0.023187
1643091460.595129 -0.215609 124.569858 2.601039 0.008483 0.999187 -0.031434 0.023783
1643091460.695141 -0.224848 124.564161 2.506932 0.008330 0.999172 -0.031056 0.024936
1643091460.795212 -0.230474 124.563137 2.418418 0.009787 0.999108 -0.031657 0.026165
1643091460.895252 -0.239439 124.568591 2.332834 0.010036 0.999050 -0.031750 0.028109
1643091460.995329 -0.245966 124.571656 2.244913 0.009350 0.999026 -0.030932 0.030051
1643091461.095552 -0.250260 124.564059 2.155854 0.008070 0.998949 -0.030959 0.032836
1643091461.195639 -0.255078 124.571436 2.067775 0.010077 0.998803 -0.031291 0.036224
1643091461.29578 -0.258681 124.572857 1.978042 0.007831 0.998760 -0.031029 0.038147
1643091461.395926 -0.260106 124.570672 1.884952 0.009385 0.998617 -0.030400 0.041859
1643091461.49598 -0.266032 124.572527 1.794603 0.011245 0.998142 -0.033071 0.049921
1643091461.595954 -0.267042 124.570326 1.703663 0.011611 0.998041 -0.030969 0.053102
1643091461.695809 -0.265809 124.575842 1.619885 0.011054 0.997504 -0.031646 0.062149
1643091461.795575 -0.261443 124.569519 1.531047 0.009000 0.996807 -0.031573 0.072783
1643091461.895317 -0.255897 124.567197 1.437503 0.007839 0.995668 -0.031709 0.087058
1643091461.995185 -0.245489 124.568799 1.349648 0.007435 0.994065 -0.030935 0.104034
1643091462.095375 -0.236879 124.567475 1.259914 0.008359 0.992968 -0.032920 0.113403
1643091462.195594 -0.222818 124.564349 1.172580 0.006778 0.990574 -0.030231 0.133427
1643091462.295919 -0.220644 124.572641 1.089721 0.008978 0.988838 -0.032549 0.145120
1643091462.396307 -0.206991 124.568895 0.999821 0.010017 0.986276 -0.031486 0.161766
1643091462.496647 -0.190104 124.565886 0.910575 0.008636 0.982106 -0.029667 0.185776
1643091462.596863 -0.172595 124.572908 0.829195 0.010995 0.979472 -0.032135 0.198699
1643091462.696921 -0.151029 124.567233 0.747956 0.013225 0.971194 -0.032717 0.235665
1643091462.796838 -0.117384 124.565512 0.667014 0.010197 0.966002 -0.027857 0.256828
1643091462.8967 -0.103376 124.570941 0.590663 0.012416 0.958374 -0.030749 0.283584
1643091462.99659 -0.044104 124.567263 0.510553 0.014172 0.950309 -0.031469 0.309389
1643091463.096565 -0.003192 124.565323 0.432400 0.016206 0.941044 -0.028065 0.336730
1643091463.196482 0.042234 124.567400 0.356465 0.016025 0.940918 -0.028783 0.337029
1643091463.296311 0.093092 124.568408 0.282678 0.016666 0.929369 -0.028403 0.367681
1643091463.396145 0.144996 124.569111 0.212568 0.017481 0.921045 -0.027634 0.388081
1643091463.495951 0.202511 124.565299 0.148959 0.017022 0.908240 -0.027613 0.417191
1643091463.595848 0.264982 124.564882 0.083261 0.020241 0.897530 -0.026708 0.439678
1643091463.695704 0.331918 124.571635 0.020127 0.018900 0.888556 -0.024651 0.457716
1643091463.795663 0.396565 124.563215 -0.032780 0.017164 0.874247 -0.024734 0.484546
1643091463.895639 0.471350 124.565992 -0.081144 0.021421 0.862561 -0.022355 0.505004
1643091463.995708 0.547840 124.571099 -0.121530 0.019502 0.850440 -0.022898 0.525212
1643091464.095962 0.613359 124.563729 -0.159141 0.019593 0.836981 -0.024714 0.546323
1643091464.196069 0.654379 124.567632 -0.196082 0.023955 0.825675 -0.021926 0.563210
1643091464.296087 0.743233 124.571015 -0.230705 0.021163 0.814423 -0.021502 0.579487
1643091464.396119 0.828391 124.567395 -0.258654 0.020812 0.802215 -0.021263 0.596293
1643091464.496072 0.875625 124.564023 -0.277623 0.021812 0.790669 -0.020828 0.611500
1643091464.596009 0.998088 124.567898 -0.299752 0.021661 0.772825 -0.020935 0.633903
1643091464.695984 1.076478 124.565457 -0.315653 0.022028 0.761089 -0.022466 0.647884
1643091464.796057 1.132740 124.566478 -0.330370 0.022625 0.753588 -0.021757 0.656597
1643091464.896139 1.226762 124.571068 -0.348803 0.025445 0.749609 -0.018766 0.661126
1643091464.996135 1.313265 124.564947 -0.353022 0.021799 0.738091 -0.023775 0.673930
1643091465.096313 1.407158 124.562195 -0.365055 0.024387 0.731924 -0.020446 0.680643
1643091465.196334 1.494810 124.572605 -0.371954 0.022789 0.726821 -0.017230 0.686233
1643091465.296334 1.587569 124.564865 -0.367750 0.021181 0.720356 -0.025057 0.692828
1643091465.396312 1.718745 124.566939 -0.383902 0.026126 0.717828 -0.017947 0.695499
1643091465.496257 1.771068 124.563960 -0.372716 0.020988 0.707583 -0.022552 0.705958
1643091465.596334 1.861956 124.565224 -0.373647 0.022144 0.704902 -0.022527 0.708600
1643091465.69646 1.952059 124.570153 -0.389080 0.025338 0.695479 -0.018566 0.717860
1643091465.796664 2.084329 124.565399 -0.378941 0.022484 0.692007 -0.022685 0.721184
1643091465.896839 2.132529 124.568796 -0.381209 0.022974 0.690041 -0.020979 0.723101
1643091465.997006 2.232972 124.568478 -0.386846 0.025146 0.684705 -0.020004 0.728112
1643091466.097143 2.322779 124.568230 -0.396969 0.026769 0.681710 -0.018989 0.730886
1643091466.197073 2.463511 124.577398 -0.411228 0.028458 0.670096 -0.013622 0.741604
1643091466.296955 2.513996 124.568565 -0.396539 0.025059 0.665061 -0.021512 0.746058
1643091466.397001 2.606389 124.566530 -0.412907 0.028967 0.659949 -0.015109 0.750600
1643091466.497002 2.700398 124.569944 -0.397752 0.021863 0.656931 -0.021186 0.753336
1643091466.597054 2.795776 124.565617 -0.399993 0.022405 0.657381 -0.020021 0.752959
1643091466.69718 2.888943 124.567544 -0.412225 0.027198 0.657807 -0.016780 0.752508
1643091466.797326 2.983198 124.565981 -0.401694 0.024239 0.659409 -0.023007 0.751041
1643091466.897406 3.072934 124.566780 -0.413419 0.028088 0.659331 -0.015468 0.751168
1643091466.997309 3.174203 124.571219 -0.406607 0.022766 0.659575 -0.019917 0.751030
1643091467.097297 3.264061 124.565999 -0.407428 0.024952 0.660847 -0.021812 0.749789
1643091467.197125 3.361895 124.566138 -0.410038 0.023787 0.661906 -0.017811 0.748998
1643091467.296934 3.459526 124.572979 -0.425106 0.030143 0.661907 -0.015476 0.748820
1643091467.39684 3.552318 124.564809 -0.424144 0.031640 0.662138 -0.014251 0.748578
1643091467.496765 3.644062 124.574837 -0.420959 0.025974 0.665439 -0.014622 0.745857
1643091467.596827 3.735173 124.567900 -0.414560 0.032215 0.666863 -0.017259 0.744283
1643091467.69688 3.830423 124.568158 -0.409409 0.028637 0.666394 -0.014637 0.744906
1643091467.79692 3.925869 124.568422 -0.406106 0.029701 0.666298 -0.014631 0.744950
1643091467.896918 4.020631 124.567773 -0.399768 0.028103 0.665772 -0.015899 0.745456
1643091467.996973 4.072015 124.566774 -0.367900 0.021477 0.665591 -0.020036 0.745738
1643091468.097176 4.160236 124.560501 -0.385845 0.029410 0.664686 -0.015171 0.746390
1643091468.197148 4.250439 124.569865 -0.383041 0.029592 0.664436 -0.015016 0.746608
1643091468.297046 4.360419 124.573507 -0.380508 0.029222 0.662602 -0.016833 0.748212
1643091468.3969 4.447768 124.566295 -0.359357 0.022969 0.663907 -0.020311 0.747186
1643091468.496736 4.539287 124.571562 -0.374226 0.027978 0.665367 -0.016002 0.745820
1643091468.596605 4.688435 124.567384 -0.358560 0.023804 0.666945 -0.019130 0.744481
1643091468.696451 4.727823 124.565772 -0.371678 0.029903 0.668719 -0.015420 0.742753
1643091468.796227 4.769273 124.571540 -0.367261 0.030354 0.669307 -0.017216 0.742166
1643091468.895894 4.876247 124.572896 -0.370852 0.028286 0.670329 -0.017586 0.741317
1643091468.995634 4.993668 124.568536 -0.373803 0.028766 0.671329 -0.017024 0.740405
1643091469.095672 5.161995 124.567878 -0.377977 0.029781 0.672021 -0.016300 0.739753
1643091469.195672 5.217891 124.567971 -0.377963 0.029244 0.672190 -0.016742 0.739612
1643091469.295753 5.352364 124.567334 -0.382847 0.029842 0.672195 -0.018091 0.739551
1643091469.395838 5.470054 124.572117 -0.391767 0.030696 0.671849 -0.019072 0.739806
1643091469.495982 5.548525 124.574055 -0.395226 0.028583 0.671461 -0.018931 0.740247
1643091469.596201 5.639259 124.565286 -0.402623 0.030002 0.671666 -0.016543 0.740061
1643091469.696366 5.740565 124.570859 -0.408356 0.031124 0.670327 -0.015860 0.741243
1643091469.796449 5.878783 124.574405 -0.414225 0.028313 0.669495 -0.016876 0.742085
1643091469.89643 5.970817 124.569291 -0.418134 0.029699 0.667870 -0.016324 0.743506
1643091469.996451 6.055130 124.581260 -0.419816 0.029711 0.666904 -0.016480 0.744369
1643091470.096551 6.143773 124.565078 -0.425101 0.028492 0.666685 -0.015635 0.744631
1643091470.196522 6.215431 124.569797 -0.426480 0.030847 0.666048 -0.018054 0.745052
1643091470.296448 6.310280 124.572752 -0.432771 0.029222 0.666388 -0.017732 0.744821
1643091470.39639 6.390919 124.564014 -0.437061 0.029431 0.665506 -0.016661 0.745626
1643091470.496315 6.498038 124.565395 -0.447025 0.030221 0.664428 -0.017151 0.746544
1643091470.596338 6.542571 124.562714 -0.449649 0.030062 0.663607 -0.017734 0.747267
1643091470.696345 6.685748 124.567696 -0.459520 0.031882 0.662819 -0.017847 0.747888
1643091470.796293 6.789478 124.574948 -0.467370 0.029379 0.662074 -0.017347 0.748662
1643091470.896261 6.901107 124.563456 -0.473863 0.029985 0.660714 -0.016562 0.749855
1643091470.996258 6.938388 124.566887 -0.473750 0.030553 0.659032 -0.017106 0.751299
1643091471.096339 7.055921 124.569688 -0.477933 0.029466 0.658544 -0.017538 0.751761
1643091471.19627 7.150258 124.570866 -0.478841 0.029914 0.658410 -0.016191 0.751891
1643091471.2962 7.258777 124.575681 -0.479716 0.028768 0.658822 -0.017826 0.751537
1643091471.39615 7.337164 124.567721 -0.477602 0.027107 0.658266 -0.017823 0.752086
1643091471.496132 7.379427 124.563460 -0.480433 0.028927 0.657887 -0.017158 0.752365
1643091471.596242 7.514793 124.565704 -0.483726 0.028028 0.657697 -0.017188 0.752565
1643091471.696398 7.635482 124.571601 -0.478440 0.023555 0.658407 -0.020908 0.752003
1643091471.796547 7.677629 124.568488 -0.487674 0.028732 0.658789 -0.017032 0.751586
1643091471.896615 7.784917 124.563464 -0.486707 0.025288 0.660037 -0.020904 0.750516
1643091471.996608 7.880258 124.560580 -0.493729 0.029170 0.660010 -0.017021 0.750497
1643091472.096575 7.987628 124.565693 -0.497246 0.027496 0.660074 -0.017125 0.750502
1643091472.196464 8.075082 124.567625 -0.495432 0.026030 0.660487 -0.018400 0.750161
1643091472.296378 8.201952 124.568168 -0.500932 0.027139 0.661138 -0.017402 0.749571
1643091472.396302 8.262399 124.565656 -0.501561 0.028928 0.662012 -0.016578 0.748752
1643091472.496187 8.333076 124.573314 -0.502312 0.027328 0.661655 -0.016882 0.749120
1643091472.596063 8.458770 124.572984 -0.509801 0.027013 0.662897 -0.016095 0.748050
1643091472.696005 8.487176 124.568253 -0.501013 0.021734 0.663774 -0.020141 0.747346
1643091472.795945 8.631208 124.565082 -0.518538 0.027497 0.664461 -0.016152 0.746642
1643091472.895922 8.733250 124.569685 -0.526296 0.029191 0.665796 -0.016844 0.745372
1643091472.995886 8.794939 124.572014 -0.522429 0.022679 0.666733 -0.020890 0.744658
1643091473.096036 8.869411 124.568043 -0.532191 0.027367 0.666094 -0.017542 0.745160
1643091473.196168 8.947786 124.568923 -0.539277 0.028417 0.664886 -0.016383 0.746224
1643091473.296295 8.989137 124.570362 -0.541168 0.027732 0.663786 -0.018039 0.747191
1643091473.396507 9.046342 124.565980 -0.543268 0.030526 0.662816 -0.017314 0.747960
1643091473.496718 9.232111 124.574267 -0.541857 0.022915 0.663423 -0.021494 0.747585
1643091473.596961 9.359397 124.565411 -0.553988 0.026955 0.663512 -0.017427 0.747477
1643091473.697222 9.396989 124.565845 -0.555157 0.028044 0.665246 -0.017627 0.745889
1643091473.797314 9.555739 124.563849 -0.561875 0.028415 0.666721 -0.018620 0.744532
1643091473.897167 9.628303 124.567965 -0.566353 0.029669 0.666964 -0.018370 0.744272
1643091473.996897 9.781888 124.571817 -0.568501 0.023061 0.667882 -0.022359 0.743574
1643091474.096789 9.851685 124.566401 -0.569904 0.023354 0.668209 -0.022598 0.743264
1643091474.196592 9.977675 124.567489 -0.586523 0.029833 0.667777 -0.017617 0.743554
1643091474.296447 10.055716 124.571211 -0.579340 0.022087 0.669169 -0.022570 0.742439
1643091474.396383 10.168117 124.563968 -0.595185 0.028360 0.668026 -0.018231 0.743374
1643091474.496264 10.241181 124.571463 -0.588788 0.022781 0.669616 -0.022266 0.742024
1643091474.596269 10.346190 124.567901 -0.603223 0.028379 0.668257 -0.017429 0.743185
1643091474.696308 10.446679 124.565759 -0.610671 0.028481 0.668792 -0.017746 0.742691
1643091474.796292 10.458462 124.569352 -0.598135 0.022373 0.670233 -0.022171 0.741482
1643091474.896202 10.551609 124.564383 -0.611602 0.028374 0.669011 -0.017674 0.742500
1643091474.996114 10.649533 124.567488 -0.608152 0.022412 0.670783 -0.021628 0.740999
1643091475.096137 10.720566 124.570705 -0.616895 0.025222 0.669724 -0.020458 0.741900
1643091475.196012 10.837881 124.570609 -0.622266 0.023044 0.672403 -0.022287 0.739491
1643091475.295945 10.887824 124.567357 -0.626962 0.022551 0.673811 -0.021885 0.738235
1643091475.395872 11.100124 124.563442 -0.648975 0.028435 0.674018 -0.018284 0.737941
1643091475.495769 11.131238 124.570578 -0.645527 0.022477 0.674952 -0.020446 0.737236
1643091475.595749 11.273010 124.572515 -0.654290 0.023017 0.674563 -0.022725 0.737508
1643091475.695764 11.374227 124.567382 -0.664341 0.024011 0.674149 -0.020509 0.737920
1643091475.795834 11.433140 124.568668 -0.668876 0.022869 0.674324 -0.021387 0.737771
1643091475.896017 11.581774 124.563846 -0.690500 0.028921 0.672962 -0.016577 0.738926
1643091475.996142 11.635228 124.568050 -0.686852 0.024173 0.674205 -0.019681 0.737886
1643091476.096311 11.768029 124.570058 -0.693145 0.023215 0.673155 -0.020224 0.738860
1643091476.196246 11.853994 124.567372 -0.703586 0.024987 0.671680 -0.020274 0.740143
1643091476.296156 11.938978 124.564698 -0.706871 0.023238 0.672722 -0.021850 0.739208
1643091476.396201 12.041271 124.565184 -0.721858 0.026198 0.673785 -0.019036 0.738217
1643091476.496059 12.086280 124.570286 -0.737126 0.027440 0.675840 -0.018030 0.736317
1643091476.595903 12.225465 124.570002 -0.739001 0.022839 0.676947 -0.021421 0.735365
1643091476.695724 12.378937 124.562529 -0.757537 0.026151 0.678421 -0.018663 0.733970
1643091476.795504 12.496098 124.566052 -0.773211 0.028624 0.678411 -0.016884 0.733931
1643091476.895337 12.517870 124.567108 -0.777410 0.027822 0.679993 -0.018394 0.732460
1643091476.995149 12.667388 124.565464 -0.791725 0.027821 0.681529 -0.017615 0.731050
1643091477.095266 12.730755 124.566684 -0.783792 0.022027 0.681146 -0.021497 0.731500
1643091477.195446 12.811459 124.565019 -0.801967 0.027428 0.681953 -0.017229 0.730679
1643091477.295703 12.880046 124.565836 -0.803160 0.021858 0.684126 -0.022135 0.728700
1643091477.395937 12.980091 124.565600 -0.822319 0.027563 0.684818 -0.017727 0.727977
1643091477.496059 13.078748 124.571893 -0.826409 0.022270 0.687566 -0.021936 0.725448
1643091477.596216 13.204590 124.569599 -0.844263 0.026089 0.689382 -0.020198 0.723646
1643091477.696139 13.330348 124.564115 -0.864528 0.027473 0.691585 -0.017196 0.721568
1643091477.795996 13.355930 124.571262 -0.864815 0.022202 0.693492 -0.021934 0.719788
1643091477.895883 13.470454 124.568846 -0.887250 0.025600 0.695085 -0.017666 0.718255
1643091477.995641 13.592811 124.567345 -0.898867 0.024691 0.695536 -0.018833 0.717820
1643091478.095534 13.642058 124.568981 -0.908382 0.024412 0.696002 -0.019420 0.717362
1643091478.19539 13.816089 124.566027 -0.935585 0.028301 0.695742 -0.017286 0.717526
1643091478.295199 13.835903 124.570049 -0.945489 0.026042 0.691726 -0.017664 0.721474
1643091478.395115 13.988165 124.566379 -0.965155 0.027724 0.687913 -0.017985 0.725041
1643091478.495033 14.106472 124.569104 -0.983269 0.026042 0.684730 -0.015951 0.728156
1643091478.595078 14.168259 124.571501 -0.996148 0.026964 0.682294 -0.018141 0.730356
1643091478.695253 14.303751 124.565442 -1.011315 0.025961 0.674517 -0.017949 0.737585
1643091478.795364 14.406713 124.568273 -1.030351 0.027584 0.666559 -0.013507 0.744820
1643091478.895568 14.506224 124.571942 -1.040475 0.027156 0.660351 -0.015981 0.750295
1643091478.995834 14.543066 124.566453 -1.049202 0.027993 0.653454 -0.014038 0.756319
1643091479.096186 14.690293 124.568367 -1.063875 0.027172 0.648030 -0.015385 0.760975
1643091479.196426 14.778227 124.569786 -1.058978 0.022535 0.643629 -0.019609 0.764755
1643091479.296516 14.845422 124.565830 -1.077636 0.028863 0.638871 -0.014011 0.768644
1643091479.39649 14.996873 124.572679 -1.088028 0.026624 0.634836 -0.014336 0.772055
1643091479.496471 15.092865 124.569464 -1.080135 0.022638 0.631797 -0.020159 0.774541
1643091479.596456 15.189379 124.568393 -1.102268 0.028729 0.629899 -0.013693 0.776025
1643091479.696338 15.244137 124.570071 -1.091761 0.022917 0.628588 -0.019395 0.777159
1643091479.796159 15.348999 124.567322 -1.112329 0.029251 0.627841 -0.014595 0.777655
1643091479.895962 15.484713 124.567063 -1.119659 0.029602 0.627421 -0.014751 0.777977
1643091479.995777 15.578179 124.570506 -1.126551 0.030039 0.626944 -0.014607 0.778348
1643091480.095769 15.682731 124.569039 -1.130610 0.028396 0.627165 -0.013126 0.778258
1643091480.195641 15.778670 124.570258 -1.122886 0.025210 0.624943 -0.017222 0.780074
1643091480.295549 15.875124 124.571722 -1.138523 0.030046 0.621558 -0.014342 0.782661
1643091480.395443 15.979602 124.566282 -1.142053 0.029445 0.617257 -0.013157 0.786100
1643091480.495265 16.082389 124.572468 -1.143316 0.029313 0.611656 -0.010988 0.790504
1643091480.595084 16.177579 124.573675 -1.125888 0.023983 0.603268 -0.014231 0.797051
1643091480.694908 16.265696 124.571863 -1.124206 0.026337 0.594648 -0.018053 0.803352
1643091480.794863 16.371904 124.568989 -1.137458 0.030976 0.584127 -0.013805 0.810954
1643091480.894972 16.468931 124.572248 -1.124389 0.028426 0.572458 -0.013772 0.819326
1643091480.995129 16.569104 124.568799 -1.123078 0.031986 0.558930 -0.012790 0.828499
1643091481.095352 16.659811 124.570565 -1.113898 0.033541 0.554499 -0.011926 0.831423
1643091481.195414 16.748703 124.573828 -1.101214 0.033564 0.533986 -0.014376 0.844705
1643091481.295483 16.846078 124.565554 -1.082328 0.032159 0.529544 -0.013486 0.847565
1643091481.39553 16.941185 124.570673 -1.060975 0.029049 0.503784 -0.014515 0.863219
1643091481.495581 17.034359 124.572100 -1.038773 0.035406 0.480700 -0.011153 0.876099
1643091481.595675 17.132346 124.566134 -1.000406 0.031493 0.455559 -0.011642 0.889572
1643091481.69572 17.218519 124.567998 -0.946573 0.026387 0.432151 -0.009875 0.901361
1643091481.795729 17.306825 124.573283 -0.937476 0.031149 0.402393 -0.011331 0.914867
1643091481.895825 17.394563 124.565556 -0.899807 0.032455 0.375583 -0.009196 0.926175
1643091481.995969 17.473681 124.570275 -0.847204 0.027998 0.350058 -0.007815 0.936277
1643091482.096199 17.547551 124.572778 -0.818105 0.033489 0.323787 -0.006994 0.945511
1643091482.196325 17.623777 124.565364 -0.775203 0.035447 0.294489 -0.006514 0.954975
1643091482.296413 17.691337 124.566797 -0.725443 0.029842 0.266045 -0.004302 0.963489
1643091482.39652 17.753510 124.571086 -0.638371 0.031463 0.244611 -0.006005 0.969092
1643091482.496587 17.823068 124.569438 -0.623414 0.030721 0.219711 -0.004014 0.975073
1643091482.59668 17.884351 124.568711 -0.520575 0.030032 0.201167 -0.003402 0.979091
1643091482.696811 17.944243 124.568896 -0.453499 0.032636 0.181134 -0.003785 0.982909
1643091482.796786 18.004583 124.566640 -0.382657 0.028340 0.164038 -0.001596 0.986046
1643091482.89676 18.051472 124.569908 -0.366428 0.030354 0.145114 -0.003377 0.988943
1643091482.996716 18.105335 124.565503 -0.246049 0.032592 0.131048 -0.002099 0.990838
1643091483.096756 18.155391 124.566758 -0.172814 0.032555 0.131018 -0.001743 0.990844
1643091483.19657 18.200775 124.567506 -0.100419 0.031802 0.112742 -0.000846 0.993115
1643091483.296301 18.239590 124.566430 -0.032398 0.031452 0.099083 -0.000445 0.994582
1643091483.396019 18.275899 124.566185 0.043645 0.031742 0.085872 -0.000586 0.995800
1643091483.495715 18.312833 124.562794 0.123386 0.033051 0.071210 0.001169 0.996913
1643091483.595542 18.342834 124.565842 0.170960 0.032897 0.057144 0.001517 0.997823
1643091483.695494 18.372209 124.570888 0.252045 0.030148 0.047026 -0.000040 0.998439
1643091483.79569 18.401204 124.564537 0.345552 0.032289 0.036713 0.001879 0.998802
1643091483.895879 18.428510 124.565299 0.432620 0.032677 0.028456 0.002289 0.999058
1643091483.995978 18.452731 124.564685 0.518727 0.030879 0.021416 0.001103 0.999293
1643091484.096201 18.476265 124.563708 0.606101 0.032226 0.013756 0.003481 0.999380
1643091484.196291 18.495565 124.568676 0.689588 0.031896 0.006527 0.001935 0.999468
1643091484.296335 18.515754 124.567553 0.784952 0.031265 -0.000321 0.002482 0.999508
1643091484.396311 18.533140 124.565418 0.881459 0.032318 -0.005559 0.003912 0.999455
1643091484.496309 18.549151 124.567771 0.986160 0.031661 -0.011412 0.002166 0.999431
1643091484.596273 18.561943 124.564144 1.072221 0.032295 -0.016040 0.003859 0.999342
1643091484.696184 18.574936 124.563738 1.141146 0.032620 -0.019816 0.004197 0.999263
1643091484.795984 18.581023 124.564042 1.204090 0.031768 -0.027682 0.003156 0.999107
1643091484.89582 18.593107 124.563878 1.351121 0.031688 -0.036143 0.006453 0.998823
1643091484.995632 18.596523 124.568657 1.405626 0.029874 -0.044422 0.004078 0.998558
1643091485.095704 18.599393 124.564000 1.498286 0.030805 -0.052905 0.004951 0.998112
1643091485.195703 18.603760 124.566929 1.594808 0.031383 -0.060403 0.006113 0.997662
1643091485.295815 18.605114 124.567720 1.690377 0.030478 -0.067206 0.003923 0.997266
1643091485.39609 18.612891 124.565433 1.832877 0.030934 -0.068747 0.004996 0.997142
1643091485.4965 18.617070 124.564056 1.933831 0.031638 -0.068782 0.005939 0.997112
1643091485.596877 18.616157 124.565540 1.984749 0.031102 -0.066231 0.004652 0.997309
1643091485.697103 18.627784 124.565876 2.126972 0.031106 -0.063920 0.005703 0.997454
1643091485.79711 18.631016 124.565762 2.172130 0.030998 -0.062425 0.005136 0.997555
1643091485.89702 18.639331 124.564629 2.317923 0.031337 -0.062040 0.005097 0.997569
1643091485.996834 18.642072 124.564661 2.395257 0.030931 -0.061000 0.004836 0.997647
1643091486.096771 18.645718 124.562040 2.513249 0.031273 -0.060235 0.004178 0.997685
1643091486.196509 18.651000 124.569111 2.608626 0.031981 -0.059930 0.004873 0.997678
1643091486.296271 18.660453 124.566108 2.708667 0.030800 -0.058623 0.003068 0.997800
1643091486.396099 18.666508 124.562690 2.806559 0.031445 -0.059040 0.004986 0.997748
1643091486.495934 18.675581 124.568653 2.904793 0.031633 -0.058324 0.004767 0.997785
1643091486.595829 18.685360 124.564992 3.000149 0.031187 -0.057781 0.003093 0.997837
1643091486.695783 18.695315 124.563726 3.100820 0.032818 -0.057570 0.005940 0.997784
1643091486.79564 18.698966 124.568322 3.156687 0.031898 -0.059732 0.005636 0.997689
1643091486.895476 18.706609 124.566039 3.291963 0.030701 -0.060758 0.004248 0.997671
1643091486.995361 18.716489 124.564181 3.395793 0.032460 -0.062106 0.005923 0.997524
1643091487.09541 18.723017 124.568380 3.495740 0.031675 -0.063076 0.004459 0.997496
1643091487.195342 18.724980 124.562458 3.589450 0.031400 -0.062892 0.005299 0.997512
1643091487.295211 18.731228 124.564736 3.682601 0.033214 -0.063266 0.006910 0.997420
1643091487.395054 18.737814 124.567262 3.777698 0.032501 -0.063013 0.004490 0.997473
1643091487.495008 18.745728 124.565910 3.883838 0.032145 -0.063263 0.005355 0.997465
1643091487.595051 18.747548 124.568160 3.942238 0.032156 -0.062682 0.005559 0.997500
1643091487.695188 18.760625 124.566137 4.076536 0.031961 -0.060160 0.003931 0.997669
1643091487.795316 18.770285 124.560705 4.186895 0.033625 -0.058804 0.007314 0.997676
1643091487.895365 18.777907 124.570356 4.284237 0.032607 -0.057794 0.005027 0.997783
1643091487.995425 18.782607 124.566269 4.380747 0.031810 -0.057145 0.003177 0.997854
1643091488.095609 18.791694 124.563357 4.436653 0.034088 -0.056300 0.006889 0.997808
1643091488.195601 18.804944 124.569191 4.567632 0.032146 -0.054016 0.003927 0.998015
1643091488.295637 18.814185 124.559688 4.673822 0.033206 -0.051606 0.006722 0.998093
1643091488.395599 18.821549 124.562732 4.769631 0.035597 -0.050618 0.008383 0.998048
1643091488.49547 18.835065 124.569485 4.872695 0.032535 -0.048769 0.004097 0.998272
1643091488.595396 18.841913 124.567672 4.937545 0.031798 -0.049416 0.003919 0.998264
1643091488.69539 18.854303 124.565519 5.037271 0.033089 -0.047719 0.004583 0.998302
1643091488.795404 18.866417 124.564736 5.135064 0.032430 -0.047830 0.005250 0.998315
1643091488.895352 18.879495 124.566551 5.258405 0.031568 -0.048110 0.005300 0.998329
1643091488.995401 18.889770 124.565318 5.335935 0.030994 -0.049366 0.005129 0.998287
1643091489.095631 18.898086 124.563978 5.465095 0.031955 -0.052487 0.004942 0.998098
1643091489.19576 18.908327 124.568054 5.533097 0.031467 -0.056474 0.006299 0.997888
1643091489.295953 18.916137 124.567550 5.629947 0.033234 -0.057861 0.002684 0.997768
1643091489.396254 18.925826 124.562827 5.752600 0.032556 -0.059320 0.006051 0.997690
1643091489.496455 18.931942 124.566693 5.853969 0.032273 -0.060316 0.005089 0.997644
1643091489.596536 18.937265 124.566563 5.923926 0.031831 -0.060346 0.003291 0.997664
1643091489.696521 18.948061 124.565884 6.023108 0.031336 -0.060221 0.004455 0.997683
1643091489.796363 18.952698 124.566093 6.065674 0.030784 -0.061053 0.005019 0.997647
1643091489.896162 18.966197 124.566761 6.217003 0.031018 -0.061116 0.004690 0.997638
1643091489.995914 18.977980 124.565910 6.310872 0.030919 -0.060527 0.006141 0.997669
1643091490.095714 18.989488 124.566511 6.412304 0.029680 -0.060670 0.004978 0.997704
1643091490.195442 19.001336 124.563933 6.513638 0.028309 -0.063309 0.006865 0.997569
1643091490.295179 19.003463 124.572446 6.540418 0.031080 -0.064082 0.005168 0.997447
1643091490.395035 19.016658 124.564778 6.659149 0.033971 -0.066900 0.006484 0.997160
1643091490.494787 19.030256 124.567314 6.794917 0.030659 -0.068237 0.006080 0.997179
1643091490.594634 19.040036 124.568101 6.927704 0.032068 -0.070517 0.003631 0.996988
1643091490.694732 19.043473 124.566806 7.009723 0.032174 -0.073622 0.004531 0.996757
1643091490.794913 19.061498 124.568565 7.125640 0.029879 -0.076111 0.004462 0.996642
1643091490.895195 19.078670 124.574889 7.222047 0.032658 -0.077579 0.003856 0.996444
1643091490.995668 19.081166 124.564277 7.331707 0.035708 -0.081202 0.007479 0.996030
1643091491.096179 19.086842 124.567508 7.430030 0.033359 -0.080391 0.006953 0.996181
1643091491.196419 19.109380 124.568576 7.568584 0.032881 -0.082103 0.006326 0.996061
1643091491.296479 19.116420 124.565927 7.668231 0.033925 -0.081301 0.007664 0.996083
1643091491.396369 19.123733 124.563553 7.768312 0.034241 -0.081442 0.007547 0.996061
1643091491.4963 19.110113 124.569739 7.866497 0.031673 -0.081804 0.004920 0.996133
1643091491.596229 19.123355 124.571289 7.968323 0.031411 -0.079884 0.002967 0.996305
1643091491.696193 19.133699 124.561858 8.028183 0.032062 -0.076416 0.005012 0.996548
1643091491.79614 19.130985 124.564998 8.126220 0.032647 -0.074847 0.005956 0.996643
1643091491.896038 19.140707 124.567867 8.259621 0.031449 -0.072732 0.003669 0.996849
1643091491.995976 19.143881 124.564211 8.316389 0.032642 -0.070493 0.003356 0.996972
1643091492.096012 19.154186 124.567989 8.409074 0.031527 -0.067650 0.003540 0.997205
1643091492.196006 19.162384 124.566250 8.543336 0.035067 -0.062781 0.002768 0.997407
1643091492.296038 19.163255 124.559152 8.614151 0.033146 -0.060235 0.004697 0.997623
1643091492.395997 19.173644 124.565447 8.710368 0.032099 -0.055634 0.003859 0.997928
1643091492.495847 19.182204 124.561833 8.802180 0.030749 -0.055397 0.003268 0.997985
1643091492.59576 19.187412 124.561810 8.899629 0.032043 -0.055757 0.005583 0.997914
1643091492.695642 19.191744 124.563735 8.996303 0.032682 -0.056853 0.004837 0.997836
1643091492.795513 19.204463 124.560537 9.090645 0.033296 -0.056060 0.004762 0.997861
1643091492.895465 19.213372 124.563870 9.188568 0.032831 -0.056750 0.006503 0.997827
1643091492.995451 19.217153 124.566071 9.282538 0.032451 -0.056339 0.003360 0.997879
1643091493.095617 19.226863 124.557301 9.385388 0.032685 -0.056334 0.006402 0.997856
1643091493.195617 19.235173 124.562315 9.473249 0.033759 -0.056023 0.005163 0.997845
1643091493.295686 19.244009 124.560319 9.572306 0.032939 -0.053531 0.002394 0.998020
1643091493.395845 19.257073 124.558659 9.669391 0.035035 -0.053121 0.006231 0.997954
1643091493.495883 19.267066 124.565526 9.758622 0.032395 -0.052160 0.003054 0.998108
1643091493.595843 19.275373 124.561359 9.858879 0.030737 -0.054609 0.002998 0.998030
1643091493.695714 19.289914 124.558578 9.950308 0.032074 -0.056363 0.005985 0.997877
1643091493.79562 19.299773 124.561320 10.042194 0.031508 -0.058619 0.002970 0.997779
1643091493.895579 19.309781 124.563264 10.136246 0.031219 -0.060986 0.005430 0.997636
1643091493.995552 19.316055 124.565274 10.230939 0.030381 -0.062796 0.002920 0.997560
1643091494.095708 19.329899 124.559020 10.333671 0.030766 -0.061919 0.005067 0.997594
1643091494.195656 19.339062 124.559174 10.421099 0.032442 -0.062724 0.006025 0.997485
1643091494.295601 19.345090 124.563190 10.507190 0.031017 -0.062918 0.001967 0.997535
1643091494.395641 19.355733 124.559638 10.601534 0.031267 -0.063725 0.005245 0.997464
1643091494.495623 19.366619 124.559144 10.694850 0.031280 -0.062801 0.004494 0.997526
1643091494.595604 19.374332 124.556247 10.799319 0.031554 -0.061948 0.005344 0.997566
1643091494.695531 19.385577 124.557734 10.890446 0.033309 -0.061382 0.006093 0.997540
1643091494.795512 19.395587 124.560831 10.981875 0.031880 -0.060427 0.004566 0.997653
1643091494.89553 19.406889 124.561375 11.072784 0.031193 -0.059707 0.005051 0.997716
1643091494.995592 19.417994 124.558079 11.166346 0.032347 -0.058752 0.005185 0.997735
1643091495.095812 19.421986 124.559349 11.224809 0.033021 -0.057892 0.006031 0.997758
1643091495.195813 19.437069 124.560119 11.364430 0.033295 -0.055838 0.005829 0.997868
1643091495.295711 19.447050 124.562187 11.449452 0.032162 -0.054418 0.003664 0.997993
1643091495.395533 19.458948 124.560059 11.540966 0.032250 -0.052361 0.004930 0.998095
1643091495.495356 19.466070 124.562166 11.589197 0.032148 -0.049849 0.003050 0.998235
1643091495.595178 19.485074 124.559037 11.725758 0.032191 -0.047616 0.004063 0.998339
1643091495.694979 19.499972 124.562195 11.814393 0.032927 -0.043675 0.004247 0.998494
1643091495.794828 19.518767 124.558931 11.908021 0.032558 -0.038580 0.004104 0.998717
1643091495.89472 19.535920 124.562021 11.995008 0.032893 -0.033908 0.004034 0.998875
1643091495.994728 19.552261 124.557618 12.090885 0.031173 -0.029406 0.005198 0.999068
1643091496.094843 19.569087 124.556907 12.181147 0.032828 -0.026294 0.004934 0.999103
1643091496.194674 19.583484 124.561335 12.264044 0.033297 -0.025767 0.003130 0.999108
1643091496.294485 19.600138 124.558556 12.357157 0.032641 -0.025937 0.003695 0.999124
1643091496.394312 19.615025 124.559329 12.450282 0.032796 -0.027588 0.004815 0.999070
1643091496.494211 19.628244 124.557559 12.540375 0.033131 -0.030308 0.004850 0.998980
1643091496.594275 19.639679 124.555892 12.635938 0.034524 -0.033738 0.006321 0.998814
1643091496.694371 19.651903 124.563173 12.723590 0.032963 -0.036687 0.003758 0.998776
1643091496.794549 19.664222 124.557963 12.818820 0.032584 -0.038530 0.004492 0.998716
1643091496.894752 19.676691 124.559065 12.918094 0.032607 -0.040916 0.006869 0.998607
1643091496.994891 19.689340 124.559442 13.014587 0.031635 -0.042607 0.005417 0.998576
1643091497.095109 19.699822 124.559267 13.113614 0.031506 -0.045848 0.008061 0.998419
1643091497.195176 19.709472 124.563895 13.207650 0.030321 -0.048437 0.006748 0.998343
1643091497.295233 19.714443 124.557352 13.302720 0.030713 -0.049608 0.004927 0.998284
1643091497.395308 19.721508 124.557924 13.398208 0.031788 -0.050116 0.007724 0.998208
1643091497.495377 19.728021 124.560212 13.495693 0.031455 -0.049286 0.006018 0.998271
1643091497.595485 19.733748 124.558755 13.591884 0.031345 -0.048911 0.006534 0.998290
1643091497.695481 19.739979 124.558782 13.671491 0.032174 -0.048274 0.005525 0.998300
1643091497.795468 19.748303 124.554226 13.764858 0.032551 -0.046516 0.007747 0.998357
1643091497.895398 19.756886 124.558484 13.853755 0.033502 -0.046219 0.008089 0.998337
1643091497.995374 19.767871 124.561021 13.950242 0.032963 -0.042967 0.005451 0.998518
1643091498.095446 19.774676 124.559274 14.008161 0.032799 -0.042382 0.006976 0.998539
1643091498.195308 19.786254 124.561048 14.107265 0.032779 -0.041194 0.005908 0.998596
1643091498.295124 19.800425 124.555610 14.237943 0.032663 -0.042620 0.007279 0.998531
1643091498.394908 19.809528 124.558753 14.327520 0.034886 -0.044086 0.009110 0.998377
1643091498.494652 19.814967 124.562543 14.424794 0.032163 -0.044308 0.002084 0.998498
1643091498.594602 19.824977 124.557237 14.523068 0.033218 -0.046964 0.006945 0.998320
1643091498.694657 19.830358 124.559263 14.585776 0.033165 -0.046271 0.007924 0.998347
1643091498.79477 19.842563 124.562958 14.711600 0.035400 -0.045577 0.006116 0.998315
1643091498.894879 19.851843 124.559890 14.801269 0.035104 -0.043593 0.006043 0.998414
1643091498.994981 19.860944 124.566055 14.893020 0.034458 -0.042130 0.005542 0.998502
1643091499.095227 19.871218 124.566722 14.981409 0.036243 -0.040678 0.006224 0.998495
1643091499.195219 19.883841 124.557161 15.085313 0.036705 -0.039109 0.005927 0.998543
1643091499.295219 19.894546 124.554893 15.181236 0.035677 -0.039392 0.006424 0.998566
1643091499.395287 19.903782 124.562833 15.271871 0.035598 -0.039264 0.006472 0.998574
1643091499.495333 19.915718 124.561014 15.365852 0.034462 -0.038920 0.006328 0.998628
1643091499.59544 19.927397 124.552426 15.461584 0.035555 -0.039613 0.007679 0.998553
1643091499.695586 19.934944 124.554468 15.552888 0.035650 -0.040083 0.007170 0.998534
1643091499.795737 19.946583 124.555823 15.650099 0.032351 -0.039758 0.006271 0.998666
1643091499.895752 19.956764 124.558863 15.739526 0.032755 -0.040122 0.004751 0.998646
1643091499.99572 19.970554 124.557424 15.829669 0.032781 -0.039620 0.005143 0.998664
1643091500.095819 19.977101 124.555626 15.923315 0.031870 -0.039407 0.004996 0.998702
1643091500.19571 19.995955 124.558928 16.026788 0.031796 -0.038943 0.003964 0.998728
1643091500.295689 20.009757 124.555909 16.103294 0.032135 -0.037549 0.004724 0.998767
1643091500.395801 20.022267 124.557446 16.193545 0.031723 -0.037282 0.005878 0.998784
1643091500.495883 20.038949 124.553880 16.286432 0.033273 -0.041562 0.006646 0.998560
1643091500.595975 20.047777 124.555031 16.381869 0.032436 -0.042755 0.006634 0.998537
1643091500.69598 20.065031 124.558154 16.468696 0.031715 -0.049441 0.005036 0.998261
1643091500.795987 20.076340 124.555367 16.562344 0.032617 -0.054582 0.006895 0.997953
1643091500.896078 20.088779 124.556704 16.652611 0.032098 -0.059579 0.005975 0.997690
1643091500.996251 20.100841 124.555251 16.742479 0.034602 -0.066433 0.006185 0.997172
1643091501.096527 20.111577 124.554336 16.837105 0.033051 -0.071937 0.007338 0.996834
1643091501.196558 20.122288 124.558551 16.967186 0.032290 -0.073850 0.004730 0.996735
1643091501.296613 20.116515 124.557345 17.017175 0.032526 -0.083664 0.005297 0.995949
1643091501.396643 20.129446 124.551986 17.110773 0.034733 -0.093893 0.007531 0.994948
1643091501.496562 20.134361 124.554219 17.200747 0.033019 -0.115772 0.007949 0.992695
1643091501.596389 20.140395 124.555790 17.293658 0.033101 -0.116582 0.007881 0.992598
1643091501.696133 20.134653 124.552543 17.391580 0.033385 -0.142204 0.008343 0.989239
1643091501.79577 20.131172 124.554681 17.482368 0.031004 -0.146270 0.008365 0.988723
1643091501.895514 20.113936 124.556705 17.573053 0.031850 -0.171323 0.008804 0.984661
1643091501.995429 20.095841 124.552061 17.664181 0.031977 -0.185388 0.010081 0.982093
1643091502.095541 20.095838 124.553156 17.750461 0.031013 -0.205596 0.009862 0.978096
1643091502.195633 20.075383 124.550008 17.843801 0.032417 -0.226966 0.012629 0.973281
1643091502.295792 20.046678 124.555846 17.927132 0.030270 -0.247105 0.011522 0.968447
1643091502.396043 20.021602 124.551254 18.012136 0.030848 -0.265725 0.011434 0.963487
1643091502.496229 19.997224 124.549724 18.097997 0.030565 -0.290712 0.013231 0.956231
1643091502.596296 19.968309 124.550942 18.177159 0.031186 -0.309885 0.013707 0.950164
1643091502.696338 19.933633 124.551447 18.259747 0.030221 -0.328226 0.013540 0.944019
1643091502.796341 19.895658 124.547751 18.342892 0.029717 -0.347697 0.015632 0.937006
1643091502.896165 19.841359 124.546230 18.425007 0.029209 -0.369287 0.016968 0.928701
1643091502.995829 19.815645 124.553867 18.488945 0.026996 -0.382501 0.013921 0.923456
1643091503.095612 19.772206 124.553320 18.559242 0.028762 -0.410363 0.016571 0.911318
1643091503.195307 19.715929 124.552369 18.632587 0.029169 -0.429324 0.018494 0.902490
1643091503.295018 19.663995 124.555715 18.696588 0.026919 -0.452755 0.015503 0.891094
1643091503.394871 19.603734 124.549240 18.760341 0.026633 -0.478338 0.016990 0.877608
1643091503.494788 19.543166 124.547495 18.820913 0.026186 -0.516263 0.019144 0.855816
1643091503.594799 19.477895 124.551089 18.874313 0.024570 -0.518944 0.018316 0.854259
1643091503.694927 19.398463 124.550619 18.923995 0.025281 -0.538848 0.018129 0.841828
1643091503.795216 19.336487 124.545294 18.973379 0.024243 -0.563875 0.022392 0.825200
1643091503.895532 19.263553 124.554334 19.017783 0.023918 -0.579872 0.019222 0.814130
1643091503.99591 19.175509 124.552438 19.062125 0.023883 -0.595211 0.018384 0.803004
1643091504.096307 19.093894 124.549777 19.108565 0.022233 -0.611092 0.021807 0.790947
1643091504.196409 19.008714 124.552570 19.143796 0.022572 -0.624260 0.020444 0.780623
1643091504.296513 18.934393 124.549425 19.177120 0.022371 -0.636591 0.020822 0.770596
1643091504.396636 18.841364 124.551667 19.210570 0.022382 -0.647432 0.022779 0.761454
1643091504.496619 18.760280 124.553539 19.238607 0.021914 -0.656583 0.019868 0.753673
1643091504.596566 18.672003 124.548208 19.267394 0.021385 -0.663899 0.021240 0.747215
1643091504.69664 18.579120 124.548647 19.290517 0.022189 -0.671011 0.025020 0.740693
1643091504.796796 18.491198 124.552421 19.310526 0.023549 -0.676535 0.022804 0.735681
1643091504.896843 18.401359 124.548049 19.333922 0.022945 -0.681216 0.023346 0.731351
1643091504.996856 18.314684 124.547642 19.356292 0.023810 -0.684699 0.025822 0.727979
1643091505.097014 18.221058 124.553671 19.379515 0.023024 -0.687122 0.023179 0.725807
1643091505.196903 18.130300 124.551398 19.400115 0.023818 -0.689373 0.025384 0.723569
1643091505.296739 18.032173 124.544721 19.420805 0.020730 -0.688984 0.024142 0.724078
1643091505.396584 17.943738 124.546167 19.437103 0.021415 -0.691458 0.024914 0.721670
1643091505.496339 17.855690 124.547950 19.452050 0.021393 -0.693754 0.024909 0.719464
1643091505.596115 17.772425 124.550427 19.463100 0.021724 -0.696920 0.024015 0.716418
1643091505.69599 17.672699 124.548125 19.477608 0.020658 -0.700555 0.025111 0.712857
1643091505.796017 17.583110 124.550320 19.487880 0.021286 -0.704263 0.023193 0.709241
1643091505.896151 17.490723 124.549370 19.501751 -0.021312 0.707414 -0.024427 -0.706056
1643091505.996343 17.401891 124.551644 19.514498 -0.022135 0.709584 -0.022508 -0.703914
1643091506.096694 17.309415 124.549176 19.529630 -0.021416 0.711346 -0.023966 -0.702107
1643091506.196913 17.202197 124.544938 19.546751 -0.021136 0.712581 -0.025884 -0.700793
1643091506.297037 17.123932 124.549544 19.561132 -0.020836 0.714885 -0.024312 -0.698509
1643091506.397047 17.031393 124.546330 19.577320 -0.020782 0.716730 -0.025960 -0.696558
1643091506.496943 16.945211 124.550262 19.592371 -0.021971 0.718244 -0.024690 -0.695006
1643091506.596815 16.862369 124.552053 19.603139 -0.021145 0.719987 -0.024068 -0.693248
1643091506.69668 16.749735 124.542834 19.616423 -0.021061 0.721272 -0.026910 -0.691808
1643091506.796584 16.662481 124.549702 19.623882 -0.021642 0.722889 -0.024703 -0.690183
1643091506.896482 16.574128 124.544371 19.632300 -0.019859 0.723351 -0.026011 -0.689705
1643091506.996352 16.489589 124.549765 19.637359 -0.022215 0.723601 -0.023024 -0.689477
1643091507.096356 16.384759 124.538286 19.647133 -0.019406 0.723100 -0.026244 -0.689972
1643091507.19621 16.264444 124.543643 19.660859 -0.020900 0.722902 -0.026802 -0.690114
1643091507.29616 16.206249 124.554048 19.661363 -0.022388 0.724397 -0.022096 -0.688665
1643091507.396263 16.113571 124.543963 19.671345 -0.019098 0.723923 -0.024773 -0.689171
1643091507.49638 16.015221 124.545618 19.681301 -0.020117 0.724489 -0.025319 -0.688528
1643091507.596429 15.906732 124.553446 19.687556 -0.022480 0.726720 -0.022407 -0.686200
1643091507.696473 15.838912 124.542812 19.693394 -0.020676 0.726573 -0.026927 -0.686250
1643091507.796418 15.746973 124.556194 19.698135 -0.022274 0.730074 -0.021474 -0.682667
1643091507.896283 15.655710 124.552374 19.705705 -0.020011 0.733247 -0.021902 -0.679315
1643091507.996255 15.560859 124.546071 19.715285 -0.019424 0.735340 -0.025545 -0.676938
1643091508.096472 15.425652 124.553159 19.725380 -0.020444 0.738119 -0.022193 -0.673995
1643091508.196682 15.371080 124.548099 19.728508 -0.019800 0.738803 -0.024683 -0.673178
1643091508.296886 15.273945 124.555027 19.738548 -0.021366 0.739111 -0.018935 -0.672978
1643091508.397019 15.176558 124.541282 19.752848 -0.019301 0.737708 -0.023763 -0.674426
1643091508.497152 15.090578 124.550277 19.763481 -0.020324 0.736848 -0.025297 -0.675279
1643091508.597089 15.004249 124.553159 19.773223 -0.021439 0.736972 -0.020211 -0.675281
1643091508.696981 14.901461 124.543552 19.790511 -0.020143 0.734003 -0.026495 -0.678331
1643091508.796859 14.817826 124.549688 19.803709 -0.021134 0.733162 -0.024190 -0.679295
1643091508.896714 14.727797 124.543898 19.816719 -0.019317 0.731861 -0.024814 -0.680728
1643091508.996631 14.635279 124.540505 19.829664 -0.020047 0.730566 -0.029182 -0.681924
1643091509.096741 14.560171 124.551110 19.835302 -0.018840 0.730026 -0.027765 -0.682595
1643091509.196718 14.482494 124.554489 19.849529 -0.020574 0.729970 -0.021225 -0.682840
1643091509.296708 14.359970 124.549671 19.862341 -0.019204 0.728554 -0.025178 -0.684256
1643091509.396676 14.280149 124.550757 19.871436 -0.019757 0.727376 -0.023563 -0.685550
1643091509.496557 14.209027 124.554666 19.877937 -0.019747 0.728174 -0.023828 -0.684693
1643091509.596364 14.093831 124.546803 19.891119 -0.020654 0.727996 -0.027433 -0.684721
1643091509.696151 14.000319 124.546566 19.901036 -0.018514 0.728846 -0.026921 -0.683897
1643091509.795944 13.906058 124.545979 19.911323 -0.019034 0.728792 -0.025738 -0.683987
1643091509.895749 13.816838 124.548754 19.921030 -0.019221 0.729359 -0.027959 -0.683290
1643091509.995706 13.686249 124.550886 19.937058 -0.019233 0.729605 -0.026084 -0.683100
1643091510.09586 13.593030 124.544101 19.948510 -0.017792 0.729522 -0.027955 -0.683154
1643091510.196033 13.505641 124.548262 19.957894 -0.019606 0.729255 -0.026939 -0.683430
1643091510.296358 13.401377 124.551950 19.957300 -0.019951 0.727868 -0.024877 -0.684975
1643091510.396774 13.326267 124.554044 19.967637 -0.020239 0.726244 -0.024640 -0.686697
1643091510.49702 13.238290 124.552715 19.983684 -0.018271 0.722093 -0.027144 -0.691022
1643091510.597136 13.167794 124.552232 19.985553 -0.021591 0.719943 -0.028347 -0.693118
1643091510.697168 13.032421 124.547532 20.002366 -0.017671 0.716966 -0.027899 -0.696326
1643091510.797092 12.978099 124.552245 20.002813 -0.018925 0.714429 -0.025735 -0.698979
1643091510.896895 12.832000 124.554516 20.014218 -0.019502 0.710282 -0.023118 -0.703267
1643091510.996773 12.785749 124.549669 20.020697 -0.018459 0.708383 -0.024947 -0.705146
1643091511.096747 12.684832 124.549972 20.034116 0.019726 -0.705396 0.025037 0.708097
1643091511.196579 12.593978 124.552232 20.047567 0.019403 -0.702570 0.023325 0.710967
1643091511.296413 12.495699 124.550291 20.061661 0.020273 -0.700122 0.024270 0.713322
1643091511.396355 12.398622 124.553011 20.075738 0.020148 -0.697254 0.023863 0.716144
1643091511.496436 12.300040 124.548423 20.090456 0.019838 -0.696103 0.024734 0.717241
1643091511.596558 12.207032 124.554407 20.105321 0.020913 -0.693837 0.025909 0.719362
1643091511.696738 12.096531 124.553298 20.120221 0.020486 -0.691009 0.022653 0.722201
1643091511.796924 12.002736 124.549747 20.136266 0.020407 -0.690969 0.024252 0.722189
1643091511.896981 11.863000 124.553591 20.156377 0.021131 -0.689424 0.024313 0.723642
1643091511.996947 11.807318 124.552357 20.165114 0.020820 -0.687505 0.023098 0.725513
1643091512.096957 11.715641 124.550249 20.177888 0.020675 -0.685938 0.024282 0.726960
1643091512.196773 11.626805 124.555994 20.192648 0.019758 -0.684374 0.024043 0.728466
1643091512.296492 11.509990 124.550966 20.205520 0.020023 -0.681981 0.022896 0.730738
1643091512.396244 11.431121 124.552441 20.213157 0.022552 -0.680734 0.023736 0.731798
1643091512.496115 11.327614 124.555802 20.225998 0.021329 -0.679402 0.022683 0.733105
1643091512.596074 11.227574 124.550845 20.237526 0.021156 -0.677190 0.022259 0.735167
1643091512.696065 11.135935 124.552739 20.248502 0.023407 -0.674209 0.022874 0.737815
1643091512.796111 11.037397 124.553304 20.265270 0.020416 -0.672977 0.023298 0.739014
1643091512.89613 10.942428 124.552863 20.271496 0.022538 -0.669404 0.021661 0.742241
1643091512.996099 10.847777 124.553094 20.283834 0.023217 -0.666771 0.021241 0.744598
1643091513.096185 10.749336 124.544694 20.305847 0.019933 -0.663314 0.025244 0.747650
1643091513.196101 10.655585 124.549565 20.318303 0.019475 -0.661566 0.024502 0.749233
1643091513.295977 10.556631 124.554340 20.322761 0.021728 -0.662929 0.021452 0.748060
1643091513.395784 10.465020 124.549034 20.334419 0.022199 -0.665202 0.024494 0.745931
1643091513.495596 10.353778 124.556924 20.346378 0.022950 -0.667888 0.021736 0.743591
1643091513.595477 10.278289 124.554723 20.353749 0.022910 -0.671428 0.020996 0.740418
1643091513.695486 10.182325 124.553931 20.365746 0.021465 -0.676300 0.023574 0.735936
1643091513.795519 10.084601 124.559413 20.372721 0.023440 -0.677030 0.019224 0.735331
1643091513.895579 9.965656 124.553472 20.388713 0.022816 -0.676381 0.020922 0.735901
1643091513.995732 9.861262 124.551588 20.407043 0.023108 -0.675974 0.023118 0.736200
1643091514.096027 9.773074 124.554117 20.418681 0.024282 -0.674174 0.021027 0.737874
1643091514.196113 9.666897 124.548647 20.439530 0.022635 -0.672440 0.023156 0.739443
1643091514.296118 9.567288 124.552285 20.456934 0.023504 -0.671952 0.023601 0.739846
1643091514.396025 9.467508 124.553646 20.470428 0.023344 -0.671989 0.021206 0.739890
1643091514.495952 9.374907 124.550339 20.487286 0.022862 -0.672610 0.023480 0.739271
1643091514.596012 9.275709 124.557099 20.501377 0.022915 -0.672820 0.022605 0.739106
1643091514.6961 9.146834 124.551276 20.521021 0.023281 -0.671457 0.020249 0.740401
1643091514.796077 9.082269 124.548114 20.541651 0.022239 -0.671364 0.024567 0.740386
1643091514.895896 8.985479 124.556147 20.556054 0.023162 -0.670983 0.020700 0.740822
1643091514.99571 8.886401 124.552780 20.573821 0.022785 -0.671678 0.020694 0.740204
1643091515.095557 8.791871 124.549033 20.595998 0.021403 -0.672409 0.023095 0.739510
1643091515.195305 8.698273 124.551210 20.615021 0.020495 -0.673711 0.023385 0.738341
1643091515.295195 8.599115 124.548722 20.629786 0.021823 -0.675357 0.022268 0.736831
1643091515.395205 8.502836 124.554129 20.650279 0.021423 -0.676613 0.024865 0.735607
1643091515.495139 8.413915 124.552144 20.665640 0.022296 -0.676507 0.021476 0.735785
1643091515.595109 8.322782 124.547147 20.692590 0.019812 -0.678275 0.025785 0.734088
1643091515.69519 8.229037 124.556594 20.699437 0.021812 -0.680310 0.021528 0.732283
1643091515.795347 8.135334 124.553278 20.717350 0.020899 -0.682062 0.021404 0.730682
1643091515.895573 8.041107 124.549822 20.739826 0.018588 -0.683862 0.024829 0.728952
1643091515.995827 7.952282 124.547698 20.755017 0.019017 -0.686212 0.028477 0.726595
1643091516.096154 7.855861 124.558298 20.766646 0.020174 -0.687246 0.024680 0.725725
1643091516.196346 7.765135 124.555676 20.786734 0.017834 -0.688166 0.026882 0.724836
1643091516.296504 7.674289 124.550510 20.799198 0.016810 -0.689928 0.027069 0.723177
1643091516.396559 7.577063 124.560811 20.809102 0.020385 -0.689942 0.023655 0.723191
1643091516.496518 7.479732 124.560267 20.819078 0.021314 -0.690063 0.020026 0.723158
1643091516.596372 7.391103 124.547747 20.842948 0.016999 -0.692577 0.027879 0.720604
1643091516.696189 7.296787 124.556634 20.851312 0.021197 -0.691908 0.021773 0.721346
1643091516.795995 7.207599 124.550545 20.866696 0.016726 -0.694027 0.026671 0.719261
1643091516.895829 7.115344 124.551649 20.879375 0.017189 -0.694552 0.026244 0.718758
1643091516.99574 7.018112 124.549381 20.892592 0.017128 -0.694589 0.025786 0.718741
1643091517.095769 6.929041 124.555632 20.904319 0.018484 -0.695134 0.025318 0.718196
1643091517.195645 6.830842 124.558232 20.915750 0.020203 -0.694592 0.023232 0.718745
1643091517.295639 6.740725 124.551999 20.926572 0.018506 -0.695385 0.025080 0.717961
1643091517.395617 6.650927 124.556897 20.939131 0.019757 -0.694935 0.022484 0.718449
1643091517.495632 6.555311 124.551159 20.953034 0.018029 -0.694814 0.024133 0.718558
1643091517.595609 6.469340 124.554042 20.964421 0.018486 -0.694268 0.025552 0.719026
1643091517.695576 6.313997 124.556642 20.985218 0.022200 -0.694997 0.022010 0.718333
1643091517.795541 6.320403 124.552197 20.984949 0.018387 -0.695190 0.024243 0.718182
1643091517.895494 6.230257 124.555733 20.997966 0.019591 -0.695280 0.025310 0.718026
1643091517.995519 6.095505 124.555585 21.012145 0.020524 -0.694790 0.023913 0.718522
1643091518.095709 6.008748 124.555282 21.023131 0.020952 -0.695020 0.023974 0.718285
1643091518.195745 5.918559 124.553073 21.029930 0.025644 -0.696171 0.018713 0.717174
1643091518.295775 5.821728 124.554157 21.048109 0.019384 -0.695170 0.026676 0.718089
1643091518.395801 5.738325 124.558277 21.056360 0.022632 -0.694932 0.022207 0.718376
1643091518.495866 5.636518 124.553547 21.069614 0.021222 -0.693892 0.023764 0.719374
1643091518.595971 5.549401 124.554914 21.082885 0.021959 -0.690807 0.023271 0.722331
1643091518.696074 5.458165 124.552562 21.097568 0.022843 -0.688609 0.021623 0.724450
1643091518.796122 5.362663 124.556202 21.116245 0.021093 -0.685773 0.024776 0.727088
1643091518.89603 5.273541 124.555963 21.133519 0.022541 -0.682088 0.021311 0.730612
1643091518.9958 5.184294 124.555015 21.154481 0.019388 -0.679776 0.024690 0.732748
1643091519.095636 5.096704 124.563863 21.169413 0.021488 -0.677418 0.023043 0.734923
1643091519.195403 5.017849 124.567312 21.188149 0.022817 -0.676038 0.030999 0.735861
1643091519.295141 4.921959 124.559682 21.205095 0.021018 -0.676549 0.026989 0.735603
1643091519.394964 4.835784 124.557182 21.215542 0.022246 -0.676713 0.023615 0.735532
1643091519.494894 4.748573 124.554773 21.232175 0.020711 -0.679183 0.027536 0.733160
1643091519.594923 4.656301 124.558372 21.246004 0.019506 -0.682591 0.028748 0.729974
1643091519.695018 4.574018 124.560470 21.255781 0.019166 -0.685991 0.027902 0.726822
1643091519.795057 4.487540 124.557359 21.265802 0.020287 -0.689651 0.027811 0.723324
1643091519.895121 4.397191 124.551318 21.275326 0.021727 -0.692425 0.028084 0.720616
1643091519.995152 4.344491 124.559389 21.281682 0.021702 -0.692746 0.027452 0.720332
1643091520.095246 4.222634 124.556467 21.297751 0.020373 -0.693496 0.027525 0.719646
1643091520.195156 4.135566 124.553032 21.307511 0.020353 -0.694616 0.027436 0.718569
1643091520.295054 4.052068 124.553864 21.316784 0.019074 -0.697143 0.027092 0.716166
1643091520.394958 3.967910 124.576790 21.322394 0.022296 -0.695782 0.023080 0.717536
1643091520.494853 3.886453 124.559751 21.336529 0.021877 -0.697451 0.028134 0.715746
1643091520.594774 3.797663 124.548817 21.345635 0.020784 -0.699326 0.027446 0.713973
1643091520.694731 3.713885 124.550856 21.356379 0.020176 -0.701071 0.027339 0.712282
1643091520.794698 3.634169 124.550409 21.363896 0.020562 -0.703568 0.027294 0.709806
1643091520.894597 3.555453 124.554012 21.372623 -0.019690 0.707364 -0.026932 -0.706061
1643091520.994476 3.473505 124.549772 21.381650 -0.020061 0.712262 -0.026393 -0.701130
1643091521.094536 3.393849 124.552522 21.391389 -0.020069 0.718162 -0.026632 -0.695076
1643091521.194567 3.313236 124.548285 21.398639 -0.020676 0.724996 -0.027359 -0.687899
1643091521.2945 3.230721 124.555343 21.404174 -0.016962 0.737453 -0.026917 -0.674648
1643091521.394395 3.156708 124.559967 21.409570 -0.017510 0.748567 -0.027105 -0.662274
1643091521.494322 3.075063 124.552995 21.409034 -0.016665 0.762725 -0.026788 -0.645953
1643091521.594381 2.995168 124.556503 21.408140 -0.015732 0.778254 -0.027869 -0.627133
1643091521.694566 2.915664 124.555477 21.401888 -0.016231 0.794764 -0.028233 -0.606044
1643091521.794737 2.831455 124.556552 21.392538 -0.014965 0.808887 -0.027298 -0.587139
1643091521.894899 2.753142 124.563421 21.386056 -0.014880 0.820564 -0.029619 -0.570592
1643091521.995074 2.673881 124.549598 21.367868 -0.016236 0.834360 -0.025354 -0.550397
1643091522.095315 2.593683 124.549140 21.354392 -0.016377 0.846861 -0.025334 -0.530958
1643091522.195339 2.514111 124.551124 21.337728 -0.015476 0.860001 -0.026236 -0.509382
1643091522.295281 2.434788 124.553004 21.322269 -0.013681 0.872659 -0.026635 -0.487412
1643091522.395252 2.352773 124.554191 21.303262 -0.013283 0.884202 -0.025958 -0.466195
1643091522.495311 2.279512 124.550891 21.275840 -0.012795 0.895917 -0.026556 -0.443243
1643091522.595372 2.204555 124.552290 21.241652 -0.010667 0.907195 -0.028263 -0.419624
1643091522.695323 2.132808 124.552860 21.213100 -0.009769 0.917242 -0.027230 -0.397278
1643091522.795184 2.064289 124.550187 21.179880 -0.011636 0.926561 -0.027950 -0.374924
1643091522.894979 1.991691 124.552503 21.137377 -0.008248 0.936007 -0.028758 -0.350706
1643091522.994708 1.926209 124.552906 21.093216 -0.007698 0.944486 -0.028337 -0.327237
1643091523.094484 1.863694 124.558925 21.046113 -0.006004 0.956988 -0.028171 -0.288694
1643091523.194167 1.807475 124.554418 20.999925 -0.008598 0.963924 -0.028867 -0.264467
1643091523.294035 1.751079 124.548779 20.946825 -0.006477 0.969590 -0.029866 -0.242818
1643091523.394135 1.696148 124.557955 20.888753 -0.003237 0.976522 -0.029712 -0.213334
1643091523.494317 1.646637 124.557015 20.832612 -0.004032 0.981377 -0.029290 -0.189803
1643091523.59458 1.605405 124.552218 20.767496 -0.003101 0.985980 -0.033394 -0.163460
1643091523.694833 1.566225 124.547994 20.700260 -0.002354 0.989910 -0.030398 -0.138376
1643091523.79493 1.534802 124.555135 20.637908 0.000962 0.993457 -0.029041 -0.110449
1643091523.894885 1.503302 124.557817 20.566808 -0.000662 0.995843 -0.030978 -0.085649
1643091523.994751 1.474605 124.556327 20.495871 0.001266 0.997734 -0.031162 -0.059624
1643091524.09473 1.452781 124.557686 20.420823 0.002533 0.998933 -0.029319 -0.035600
1643091524.194753 1.437682 124.553171 20.342614 0.000309 0.999341 -0.031779 -0.017528
1643091524.294814 1.418007 124.556799 20.261880 0.002899 0.999445 -0.030416 -0.013254
1643091524.394806 1.400098 124.557515 20.179171 0.003395 0.999351 -0.030327 0.019152
1643091524.494766 1.386593 124.555348 20.083853 0.005569 0.998896 -0.031005 0.034846
1643091524.594681 1.378748 124.556037 20.007831 0.001857 0.998297 -0.031890 0.048805
1643091524.694715 1.373133 124.550307 19.944887 0.006179 0.997584 -0.032108 0.061294
1643091524.794769 1.365202 124.552097 19.839053 0.006188 0.997079 -0.028906 0.070428
1643091524.894813 1.362666 124.560971 19.760140 0.005951 0.996537 -0.030280 0.077206
1643091524.994835 1.363463 124.555206 19.672372 0.006753 0.996086 -0.029841 0.082925
1643091525.09497 1.364375 124.554604 19.592312 0.007044 0.995720 -0.031243 0.086700
1643091525.195045 1.369281 124.555257 19.509514 0.005446 0.995632 -0.031334 0.087780
1643091525.295208 1.374155 124.550517 19.429583 0.008015 0.995963 -0.031251 0.083764
1643091525.395353 1.379587 124.556388 19.345281 0.002416 0.996693 -0.030124 0.075431
1643091525.495389 1.379967 124.559938 19.259719 0.005934 0.997163 -0.030336 0.068638
1643091525.595283 1.388564 124.549846 19.181131 -0.001230 0.997696 -0.033464 0.059011
1643091525.695114 1.383211 124.554808 19.102368 0.002965 0.998125 -0.030795 0.052818
1643091525.794926 1.381967 124.558683 19.024874 0.002385 0.998588 -0.031536 0.042678
1643091525.89471 1.375376 124.558167 18.948761 0.003965 0.998811 -0.033010 0.035650
1643091525.994515 1.367560 124.557155 18.874267 0.002750 0.998956 -0.031918 0.032559
1643091526.094506 1.360024 124.559669 18.800672 0.004446 0.999161 -0.033895 0.022566
1643091526.194328 1.348548 124.554016 18.729338 0.001611 0.999356 -0.031840 0.016445
1643091526.294196 1.340856 124.554034 18.666878 0.001882 0.999372 -0.031954 0.015230
1643091526.3941 1.332483 124.556736 18.603953 0.001959 0.999421 -0.031728 0.012108
1643091526.494064 1.323048 124.556795 18.539757 0.001576 0.999441 -0.031998 0.009604
1643091526.594071 1.313334 124.556287 18.482303 0.001780 0.999488 -0.031257 0.006554
1643091526.694108 1.303964 124.556045 18.426942 0.001183 0.999495 -0.031451 0.004354
1643091526.79415 1.297051 124.558839 18.377369 0.002530 0.999536 -0.030232 0.002887
1643091526.894119 1.290026 124.556752 18.334851 0.001468 0.999522 -0.030775 0.002466
1643091526.994136 1.283689 124.556522 18.297922 0.001511 0.999493 -0.031765 0.001421
1643091527.094285 1.281710 124.556448 18.267410 0.001308 0.999510 -0.031257 0.001288
1643091527.194322 1.277583 124.556083 18.239626 0.001222 0.999506 -0.031303 0.002498
1643091527.294395 1.274136 124.555922 18.220358 0.001265 0.999479 -0.031916 0.004625
1643091527.394423 1.271521 124.559215 18.200419 0.002102 0.999525 -0.030275 0.005449
1643091527.494364 1.270901 124.558114 18.184907 0.001570 0.999495 -0.031231 0.005625
1643091527.594249 1.271726 124.554689 18.174341 0.000690 0.999466 -0.032070 0.006259
1643091527.694148 1.268154 124.556965 18.167112 0.001672 0.999479 -0.031509 0.006781
1643091527.794097 1.269133 124.556904 18.164405 0.001628 0.999478 -0.031505 0.006932
1643091527.894065 1.271455 124.555229 18.160893 0.001052 0.999472 -0.031737 0.006867
1643091527.994042 1.270207 124.554770 18.161308 0.000824 0.999472 -0.031778 0.006761
