41197.866216216215 -0.0 -0.0 -0.0 -0.0 -0.0 1.0 -0.0
91214.8662162162 0.0012676101 0.0037254442 -0.006640184 -0.0021598071 0.0022558914 0.99999475 0.0008662685
141231.6162162162 -0.00024661675 -0.0064586387 -0.024989977 -0.0007007139 0.0012367725 0.999999 -0.0002604939
191248.6162162162 -0.00024661675 -0.0064586387 -0.024989977 -0.0007007139 0.0012367725 0.999999 -0.0002604939
241265.6162162162 0.0035603996 -0.006624749 -0.024726471 0.00061047525 0.0034770058 0.9999938 0.000100964244
291283.61621621624 -0.008177727 -0.015971143 -0.025418796 0.0028413453 0.0036214672 0.9999884 -0.0014945832
341300.61621621624 -0.008177727 -0.015971143 -0.025418796 0.0028413453 0.0036214672 0.9999884 -0.0014945832
391317.61621621624 -0.03184568 -0.0044262675 -0.0003720164 0.0020862506 0.0042316136 0.99998873 -0.00060257415
441334.61621621624 -0.03184568 -0.0044262675 -0.0003720164 0.0020862506 0.0042316136 0.99998873 -0.00060257415
491352.86621621624 -0.03184568 -0.0044262675 -0.0003720164 0.0020862506 0.0042316136 0.99998873 -0.00060257415
541369.8662162162 -0.03184568 -0.0044262675 -0.0003720164 0.0020862506 0.0042316136 0.99998873 -0.00060257415
591386.6162162162 -0.053308047 -0.009582138 -0.002234557 -0.0074341786 0.002142566 0.99996907 -0.0014180869
641403.6162162162 -0.053308047 -0.009582138 -0.002234557 -0.0074341786 0.002142566 0.99996907 -0.0014180869
691421.6162162162 -0.053308047 -0.009582138 -0.002234557 -0.0074341786 0.002142566 0.99996907 -0.0014180869
741438.6162162162 -0.073871255 -0.028153095 -0.008595049 -0.014612686 0.00096454966 0.9998866 0.0035180482
791455.6162162162 -0.06355866 -0.046006214 -0.0054228213 -0.016263379 0.0028178974 0.99985766 0.0035040348
841472.6162162162 -0.060191497 -0.05358306 -0.009177707 -0.01586262 0.0033505326 0.9998622 0.0035812396
891489.8662162162 -0.048892274 -0.06661986 0.000386125 -0.015108351 0.0049154456 0.99987316 0.0011379265
941507.8662162162 -0.04153647 -0.07668922 -0.00061524624 -0.015756806 0.008317372 0.9998384 0.0024008623
991524.6162162162 -0.024273768 -0.08624651 -0.004948667 -0.017683536 0.007467651 0.999815 0.0012648
1041541.6162162162 -0.016289838 -0.09314076 -0.00045736312 -0.011871265 0.008084741 0.9998969 -2.8757091e-05
1091558.6162162162 0.0018763441 -0.096587256 0.0014880175 -0.008068359 0.0027190268 0.99985796 0.014548644
1141576.6162162162 0.014930544 -0.098227285 -0.0019587856 -0.0031776142 0.0025720356 0.99985075 0.016786922
1191593.6162162162 0.024809774 -0.1052752 -0.00090261956 0.0045374017 0.0024656632 0.999876 0.014874779
1241610.6162162162 0.041158337 -0.10288477 -0.0011864908 0.009898772 0.0027491853 0.999824 0.015700495
1291627.6162162162 0.056643497 -0.09742991 -0.0037653064 0.0167391 0.003590267 0.9997226 0.016177442
1341645.8662162162 0.070750065 -0.095591836 -0.008355226 0.025494635 0.0038752053 0.9995634 0.014428987
1391662.8662162162 0.083743095 -0.09303393 -0.010409686 0.03175859 0.0039949077 0.9994101 0.012448236
1441679.6162162162 0.09762837 -0.07699548 -0.009090667 0.04120447 0.0038288033 0.99907357 0.011815756
1491696.6162162162 0.10928364 -0.06873229 -0.013385281 0.045033015 0.004268649 0.9989146 0.011111184
1541714.6162162162 0.117751084 -0.06069861 -0.018030187 0.048269056 0.005448095 0.9987677 0.01018526
1591731.6162162162 0.12522052 -0.05351624 -0.017477544 0.049883615 0.0068758326 0.99870235 0.0076224054
1641748.6162162162 0.12776282 -0.04334048 -0.020333586 0.050723758 0.0068362392 0.9986751 0.00533962
1691765.6162162162 0.12685637 -0.02490283 -0.022635045 0.05045539 0.007873086 0.998684 0.004759197
1741782.6162162162 0.12064285 -0.015439211 -0.016619993 0.05025589 0.00955807 0.99868816 0.0022572658
1791800.8662162162 0.11253378 0.00078166556 -0.0192103 0.048214894 0.0097429985 0.9987878 0.0018443543
1841817.8662162162 0.09561612 0.012550745 -0.012968281 0.04754124 0.009667448 0.99882257 -6.7877896e-05
1891834.6162162162 0.08339804 0.024383275 -0.004368073 0.043890134 0.009018373 0.9989956 -0.00039860723
1941851.6162162162 0.07271968 0.035914086 -0.0030437238 0.03998917 0.009730847 0.9991524 -0.00087124715
1991869.6162162162 0.05784082 0.045761492 -0.0017468317 0.034848277 0.008309783 0.9993577 -0.0009196788
2041886.6162162162 0.034020472 0.044704396 -0.00055422925 0.030757638 0.005491238 0.99951005 -0.001882285
2091903.6162162162 0.0133698275 0.046190377 0.0030250668 0.027528975 0.0030714911 0.999616 0.0007695774
2141920.6162162162 -0.008065574 0.048343573 0.009016961 0.024815362 7.0455484e-05 0.9996886 0.0026313895
2191938.8662162162 -0.011656517 0.01721071 0.00883474 0.01764191 -0.0035309517 0.9998332 -0.0031497267
2241955.8662162162 -0.036363173 0.012189376 0.013131928 0.013358622 -0.006957902 0.99987704 -0.0043749246
2291972.6162162162 -0.05484064 0.009487979 0.018073201 0.008364328 -0.009085901 0.99991125 -0.0049984376
2341989.6162162162 -0.072882906 0.00058717 0.026606856 0.003559268 -0.01135489 0.99989945 -0.0077145086
2392007.6162162162 -0.08405801 -0.010213951 0.028639419 -0.0041787536 -0.011787018 0.9998693 -0.010253285
2442024.6162162162 -0.098625556 -0.02208731 0.033116244 -0.010236942 -0.012281648 0.99979997 -0.012020682
2492041.6162162162 -0.1135769 -0.03872755 0.03465002 -0.014389603 -0.010421525 0.9997582 -0.012958398
2542058.6162162162 -0.12158221 -0.0531425 0.03259885 -0.01880252 -0.008756473 0.9997025 -0.012838035
2592075.6162162162 -0.119455144 -0.06425087 0.03840129 -0.025331555 -0.007841158 0.9995831 -0.011421577
2642093.8662162162 -0.124212734 -0.07963179 0.03669667 -0.028580885 -0.007272146 0.9995075 -0.01072934
2692110.8662162162 -0.12847412 -0.09680484 0.03671675 -0.03034302 -0.0066698114 0.9994687 -0.009859703
2742127.6162162162 -0.11473981 -0.11510769 0.033644386 -0.033726186 -0.006332361 0.99937826 -0.0080974735
2792144.6162162162 -0.10454972 -0.12551573 0.032230385 -0.033962928 -0.0044611106 0.9993946 -0.0060960515
2842162.6162162162 -0.08811183 -0.14460367 0.02715159 -0.033271037 -0.0028110538 0.9994222 -0.0063597136
2892179.6162162162 -0.07725596 -0.1512912 0.027047057 -0.029660355 -0.0025665062 0.9995385 -0.006040697
2942196.6162162162 -0.063802436 -0.16406327 0.025403839 -0.024860146 -0.0012026845 0.99965 -0.008971973
2992213.6162162162 -0.053384677 -0.17010623 0.025293175 -0.017557245 -0.0015289513 0.99977416 -0.011881908
3042231.8662162162 -0.033439588 -0.1777546 0.022528438 -0.01024457 -0.00075661845 0.9998423 -0.014491361
3092248.8662162162 -0.02352261 -0.17768434 0.019899065 -0.002882723 -0.0030624645 0.9998704 -0.015540448
3142265.8662162162 -0.01049348 -0.17417386 0.011541676 0.005311371 -0.0057154694 0.99987555 -0.013715238
3192282.6162162162 -0.001770733 -0.16176812 0.005836999 0.01174784 -0.005473026 0.99984074 -0.012268161
3242299.6162162162 0.005355796 -0.15140368 0.0057014693 0.01801934 -0.0063339532 0.99974865 -0.011746902
3292317.6162162162 0.015105111 -0.14141114 0.001741067 0.02345537 -0.005671621 0.9996328 -0.012331261
3342334.6162162162 0.03203956 -0.12298585 -0.00013663108 0.027067702 -0.0029282651 0.9995379 -0.013523672
3392351.6162162162 0.040461734 -0.11094186 0.0039926916 0.03207552 0.0006842251 0.99932367 -0.01797037
3442368.6162162162 0.047180384 -0.09084872 -0.0022315725 0.035906155 0.0034152523 0.9991404 -0.02043532
3492386.8662162162 0.055380374 -0.070837855 0.0022955074 0.037768412 0.006890485 0.9990059 -0.02265715
3542403.8662162162 0.05254509 -0.046592638 0.00687536 0.03970664 0.00975908 0.99888897 -0.023429139
3592420.6162162162 0.043772087 -0.03347308 0.009138459 0.038946122 0.009992379 0.9988782 -0.025015246
3642437.6162162162 0.04000657 -0.019383015 0.016341407 0.038676914 0.01153732 0.9988505 -0.025859067
3692455.6162162162 0.026924334 -0.010067338 0.023922991 0.037340753 0.011563106 0.99888194 -0.026588013
3742472.6162162162 0.020421956 0.00035265717 0.032938812 0.034746483 0.008711679 0.99902695 -0.025730193
3792489.6162162162 0.012499182 0.009751629 0.033378284 0.030296208 0.008824441 0.9992405 -0.022861507
3842506.6162162162 -0.0058687893 0.0057387655 0.042831138 0.026917297 0.0046219816 0.9993588 -0.02315837
3892523.6162162162 -0.020085916 0.0013280665 0.0432163 0.022934603 0.0019516953 0.99950904 -0.021256875
3942541.8662162162 -0.035375614 -0.0039921636 0.04829176 0.02058798 -4.695898e-06 0.99960774 -0.018987885
3992558.8662162162 -0.050653737 -0.0054358677 0.049135987 0.017932765 -0.00211917 0.99971807 -0.015421367
4042575.6162162162 -0.06773749 -0.022205444 0.05469416 0.013962604 -0.0031867838 0.9997972 -0.014156796
4092592.6162162162 -0.086460195 -0.03509388 0.057320658 0.0074549885 -0.0044012847 0.99988127 -0.012750229
4142610.6162162162 -0.10367989 -0.048939228 0.061909024 0.0012089172 -0.0053453096 0.9999127 -0.012026916
4192627.6162162162 -0.12348364 -0.060903393 0.0615176 -0.0046133082 -0.0066805235 0.9999124 -0.010456275
4242644.616216216 -0.12873338 -0.081794746 0.0653651 -0.013927856 -0.0061795115 0.99982697 -0.010669014
4292661.616216216 -0.14112107 -0.10303988 0.066584736 -0.022722526 -0.005546618 0.99966866 -0.010748657
4342679.866216216 -0.1469281 -0.12153949 0.06867058 -0.03363893 -0.0034782821 0.9993855 -0.009222757
4392696.866216216 -0.15219796 -0.1386927 0.0719399 -0.04137044 -0.00095051277 0.9991178 -0.007161325
4442713.866216216 -0.15626223 -0.15919021 0.070130505 -0.045855507 -0.0009240765 0.99893665 -0.004693165
4492730.616216216 -0.1571474 -0.1721384 0.0656241 -0.048063662 -0.0014289976 0.99884295 -0.0008683827
4542748.616216216 -0.15611185 -0.18654183 0.071020134 -0.04687992 -0.0025837538 0.99889624 0.0013868626
4592765.616216216 -0.14166951 -0.20054793 0.06969137 -0.047983218 -0.0037956315 0.9988344 0.0036236702
4642782.616216216 -0.13017 -0.20957856 0.073167145 -0.047851127 -0.0073371027 0.9988173 0.004518352
4692799.616216216 -0.10862913 -0.21145235 0.068697214 -0.047751434 -0.009609956 0.998795 0.0060134605
4742816.616216216 -0.09172857 -0.21545987 0.07188976 -0.046044227 -0.012520533 0.9988528 0.004042269
4792834.866216216 -0.07785617 -0.21381214 0.074627966 -0.04202556 -0.015585445 0.99898577 0.0043001473
4842851.866216216 -0.06549416 -0.21139495 0.07358127 -0.0389792 -0.018498145 0.99906254 0.0035379326
4892868.616216216 -0.046271335 -0.21013261 0.07255802 -0.03711508 -0.020144202 0.9991033 0.003069926
4942885.616216216 -0.031992845 -0.1996877 0.06946594 -0.034660935 -0.02163398 0.9991554 0.0043778196
4992903.616216216 -0.02013652 -0.19184944 0.06027526 -0.032069225 -0.021815667 0.9992404 0.003772587
5042920.616216216 -0.003324968 -0.18298775 0.052703165 -0.029851558 -0.020917175 0.9993315 0.0028342279
5092937.616216216 0.007799113 -0.16492257 0.051795386 -0.02756535 -0.018732984 0.99944365 0.0012655678
5142954.616216216 0.021796089 -0.1454361 0.040986788 -0.026578842 -0.016045215 0.99951786 -0.00045078096
5192972.866216216 0.026959896 -0.1258138 0.04000121 -0.025169902 -0.015516203 0.99955374 -0.0042596613
5242989.866216216 0.02643762 -0.103895515 0.039987527 -0.023073174 -0.013498092 0.9996172 -0.007133561
5293006.866216216 0.028972214 -0.080126435 0.037298456 -0.022172507 -0.014478572 0.9995991 -0.010019049
5343023.616216216 0.02338785 -0.058995795 0.040917985 -0.019279836 -0.014790551 0.99962145 -0.012907355
5393040.616216216 0.00787591 -0.041025862 0.040696017 -0.017750392 -0.016907401 0.99956435 -0.016439347
5443058.616216216 -0.0057820817 -0.022479873 0.046328887 -0.020774495 -0.019648962 0.99941087 -0.018983917
5493075.616216216 -0.019164218 -0.008504196 0.049811177 -0.024983758 -0.01979694 0.99924016 -0.022428367
5543092.616216216 -0.03411967 0.0012949008 0.051226757 -0.027484566 -0.02145332 0.9990473 -0.026247306
5593109.616216216 -0.051211532 0.005389105 0.052701887 -0.029454773 -0.022060247 0.99886274 -0.030316442
5643127.866216216 -0.06850717 0.011202699 0.0543856 -0.03279689 -0.022563979 0.9986514 -0.033327587
5693144.866216216 -0.082495175 0.010322217 0.053994965 -0.040732767 -0.023645567 0.99820286 -0.037051365
5743161.866216216 -0.104748964 0.006945298 0.05477078 -0.0505354 -0.02447075 0.9975906 -0.040748022
5793178.616216216 -0.12071938 -0.0019390287 0.058199506 -0.06316257 -0.026156342 0.9966144 -0.04567366
5843196.616216216 -0.14668292 -0.006696838 0.059061054 -0.07272849 -0.02868653 0.99575 -0.048679065
5893213.616216216 -0.16716202 -0.018864973 0.05968977 -0.08190117 -0.03133079 0.99480534 -0.05170041
5943230.616216216 -0.1883287 -0.033539724 0.058779236 -0.08987123 -0.03292984 0.9940004 -0.052934445
5993247.616216216 -0.20505698 -0.053090535 0.0562768 -0.09727675 -0.032906104 0.99335074 -0.05204551
6043265.866216216 -0.21812946 -0.07448311 0.05395811 -0.10300557 -0.03151397 0.99297684 -0.048926007
6093282.866216216 -0.22665244 -0.09736516 0.050051857 -0.10431181 -0.029760348 0.9931479 -0.04348199
6143299.866216216 -0.22764172 -0.122061886 0.05393174 -0.106093936 -0.025809221 0.9933008 -0.03783665
6193316.616216216 -0.22352056 -0.14370982 0.05155789 -0.1070965 -0.021652937 0.9935401 -0.030654874
6243333.616216216 -0.21428876 -0.16405737 0.051208194 -0.10588543 -0.016153233 0.99396896 -0.023516392
6293351.616216216 -0.20234789 -0.18893436 0.052300993 -0.10223221 -0.011997048 0.9945049 -0.01909256
6343368.616216216 -0.18709543 -0.20002416 0.05270954 -0.09465994 -0.009445357 0.9953783 -0.013129873
6393385.616216216 -0.17079446 -0.20509537 0.058334418 -0.084661104 -0.008958402 0.99633026 -0.0088460045
6443402.616216216 -0.15459076 -0.21105681 0.05877095 -0.07377282 -0.008826277 0.99721515 -0.0064554615
6493420.866216216 -0.13793853 -0.21286362 0.060707655 -0.06438543 -0.0094154915 0.9978639 -0.0057942714
6543437.866216216 -0.122085914 -0.21273215 0.06516815 -0.054968998 -0.010790764 0.99840546 -0.006973726
6593454.866216216 -0.10822912 -0.20641153 0.06483006 -0.04691216 -0.012036902 0.9987892 -0.008638007
6643471.616216216 -0.08962341 -0.19401735 0.06525096 -0.039729428 -0.01144897 0.99909353 -0.010137009
6693489.616216216 -0.07282218 -0.17925043 0.067374386 -0.03395217 -0.010807839 0.9992838 -0.012745102
6743506.616216216 -0.06363475 -0.1622286 0.06487598 -0.027955903 -0.011857315 0.99942 -0.015417365
6793523.616216216 -0.052832097 -0.14177462 0.06357436 -0.023067001 -0.01172444 0.99947655 -0.019422384
6843540.616216216 -0.043201715 -0.11603607 0.063017204 -0.018926578 -0.01060692 0.99948204 -0.023770282
6893557.616216216 -0.044251133 -0.09128203 0.07014717 -0.015480257 -0.0095873885 0.9993485 -0.03116124
6943575.866216216 -0.04221661 -0.06413094 0.0716996 -0.014476349 -0.009092442 0.9991094 -0.038577687
6993592.866216216 -0.04616952 -0.040566828 0.077666625 -0.012147156 -0.00965741 0.998803 -0.046387516
7043609.866216216 -0.053159382 -0.017138492 0.08496471 -0.011791535 -0.010409029 0.99843985 -0.053577174
7093626.616216216 -0.062210668 0.008196818 0.088907436 -0.013624838 -0.009882821 0.998132 -0.05872942
7143644.616216216 -0.07090037 0.027629564 0.09803116 -0.019080488 -0.010915252 0.9976322 -0.06516807
7193661.616216216 -0.08860234 0.041549053 0.10260938 -0.025060879 -0.011255527 0.9970666 -0.07143916
7243678.616216216 -0.10351988 0.05257251 0.104992464 -0.033462655 -0.011826424 0.9964154 -0.076790236
7293695.616216216 -0.12172413 0.058616474 0.108631924 -0.04255947 -0.012158516 0.99564064 -0.08210158
7343713.866216216 -0.14247584 0.058333784 0.11188023 -0.052115418 -0.012267794 0.994779 -0.08688085
7393730.866216216 -0.16010503 0.05387835 0.116516896 -0.06283282 -0.011556362 0.9938401 -0.09055568
7443747.866216216 -0.17850204 0.045171384 0.1200352 -0.07188675 -0.011769353 0.9929673 -0.093326144
7493764.616216216 -0.19418491 0.030354736 0.12207647 -0.07965138 -0.011163522 0.99218524 -0.09539125
7543782.616216216 -0.21226826 0.012979378 0.123999044 -0.084967926 -0.011119511 0.9917255 -0.09558962
7593799.616216216 -0.22273497 -0.005108306 0.12769242 -0.09066459 -0.009548728 0.9915043 -0.0927794
7643816.616216216 -0.23227061 -0.02893579 0.12785773 -0.09532086 -0.008497021 0.991381 -0.08947375
7693833.616216216 -0.23673102 -0.057687573 0.13415915 -0.09917682 -0.0067797718 0.9912931 -0.08634861
7743850.616216216 -0.24098466 -0.08189915 0.13422255 -0.10242164 -0.0063861045 0.99143213 -0.08081739
7793868.866216216 -0.24193624 -0.10735018 0.1354656 -0.1041035 -0.0055670016 0.99174756 -0.074621454
7843885.866216216 -0.23751214 -0.13032654 0.1395898 -0.10643395 -0.005286706 0.9920064 -0.06758104
7893902.866216216 -0.22861941 -0.14992823 0.13700719 -0.10798321 -0.0065926397 0.9923345 -0.059736945
7943919.616216216 -0.21629395 -0.1693317 0.13829684 -0.10516381 -0.007607873 0.9930122 -0.05300557
7993937.616216216 -0.20182809 -0.18298694 0.13904797 -0.10013648 -0.009883869 0.9938167 -0.046942137
8043954.616216216 -0.1866205 -0.19108401 0.13714373 -0.09203597 -0.011722518 0.9947981 -0.042056907
8093971.616216216 -0.16767931 -0.19397593 0.14096797 -0.08305514 -0.012598817 0.9956923 -0.03924402
8143988.616216216 -0.14843057 -0.19349602 0.14347436 -0.07323412 -0.015367914 0.9964555 -0.038432557
8194006.616216216 -0.126248 -0.18686253 0.14550865 -0.064359985 -0.015666546 0.9970658 -0.038369726
8244023.866216216 -0.11217472 -0.1789839 0.1472916 -0.054386232 -0.01685382 0.9975415 -0.04085478
8294040.866216216 -0.097100765 -0.16932552 0.14468414 -0.046033613 -0.018367516 0.99778503 -0.044368975
8344057.866216216 -0.08025226 -0.15372954 0.14508595 -0.040635888 -0.018185394 0.9978225 -0.048664544
8394074.616216216 -0.07133498 -0.13407364 0.14581947 -0.03516949 -0.018479222 0.9978228 -0.052643564
8444092.616216216 -0.061205123 -0.11281542 0.14402473 -0.031778894 -0.018008582 0.9976505 -0.05795937
8494109.616216216 -0.049921855 -0.09140595 0.1433527 -0.028804518 -0.016964642 0.9974705 -0.06273132
8544126.616216216 -0.049233306 -0.066892415 0.1450522 -0.025623526 -0.017002232 0.99720633 -0.068073116
8594143.616216216 -0.049420934 -0.04589474 0.14540295 -0.02513552 -0.016965872 0.99681896 -0.07370441
8644161.866216216 -0.05660527 -0.022497937 0.14893423 -0.027290642 -0.015807133 0.99642366 -0.07839255
8694178.866216216 -0.0668952 -0.00300369 0.1502195 -0.030705703 -0.01617511 0.99591005 -0.0834189
8744195.866216216 -0.074267074 0.015628606 0.14840268 -0.03622374 -0.01684941 0.99529105 -0.088316195
8794212.616216216 -0.09192823 0.027472682 0.14815581 -0.041641098 -0.018595852 0.994523 -0.09404388
8844230.616216216 -0.10723092 0.036173068 0.14827326 -0.0505928 -0.01969566 0.9934871 -0.100179
8894247.616216216 -0.1248088 0.03832104 0.14899188 -0.061843418 -0.020996138 0.9921564 -0.106585324
8944264.616216216 -0.1500198 0.03395394 0.14743201 -0.07261095 -0.021211738 0.9907731 -0.11245626
8994281.616216216 -0.17241599 0.027318507 0.14807358 -0.081761815 -0.021854673 0.98951906 -0.11700221
9044299.616216216 -0.19082385 0.017639685 0.1467939 -0.09019445 -0.023222683 0.9885023 -0.11911753
9094316.866216216 -0.20556407 0.0015198515 0.14514697 -0.098091796 -0.02250276 0.9875978 -0.12050834
9144333.866216216 -0.22049719 -0.025134247 0.1456179 -0.10308044 -0.020939065 0.9869982 -0.12153433
9194350.866216216 -0.2349305 -0.044399515 0.14451458 -0.10576436 -0.021355715 0.9871241 -0.11808454
9244367.616216216 -0.24442951 -0.067792125 0.1438518 -0.10808094 -0.019520093 0.98723465 -0.115348466
9294385.616216216 -0.25183988 -0.09406385 0.14529888 -0.10874835 -0.018483808 0.9874687 -0.11286145
9344402.616216216 -0.25501502 -0.11941725 0.1449181 -0.108344056 -0.018133609 0.9877848 -0.11051701
9394419.616216216 -0.26153183 -0.14096025 0.14765204 -0.10522483 -0.019580942 0.9883208 -0.108472735
9444436.616216216 -0.26076418 -0.16653645 0.15362994 -0.10523289 -0.019803904 0.9883762 -0.10791826
9494454.616216216 -0.2639456 -0.18688956 0.15726389 -0.1028859 -0.020620557 0.9887587 -0.10651587
9544471.866216216 -0.26238075 -0.20636927 0.15770411 -0.10143773 -0.020990169 0.9890864 -0.104775876
9594488.866216216 -0.25651297 -0.22511631 0.16473524 -0.09932438 -0.019589603 0.9894542 -0.103592075
9644505.866216216 -0.25221297 -0.2414122 0.16749483 -0.09628954 -0.01872317 0.9899441 -0.10192403
9694523.616216216 -0.24554306 -0.25615185 0.16776954 -0.094915815 -0.016163277 0.9903007 -0.1001711
9744540.616216216 -0.23544322 -0.2722471 0.17189069 -0.094911456 -0.013580465 0.99037987 -0.0997756
9794557.616216216 -0.22569133 -0.28669176 0.1733225 -0.09653845 -0.010616484 0.99029386 -0.099427275
9844574.616216216 -0.21576788 -0.2980741 0.17335893 -0.097010404 -0.009319005 0.9903878 -0.098154016
9894591.616216216 -0.19897586 -0.30739924 0.17479886 -0.097254895 -0.00691491 0.9904248 -0.0977362
9944609.866216216 -0.18566895 -0.3141331 0.17879593 -0.0974408 -0.0066478667 0.9904279 -0.097538345
9994626.866216216 -0.17005685 -0.32147607 0.18222155 -0.095820695 -0.008664058 0.9903082 -0.10016527
10044643.866216216 -0.15544571 -0.32287648 0.18584447 -0.09226142 -0.010186015 0.99050844 -0.101376265
10094660.616216216 -0.14371288 -0.32446522 0.1865785 -0.08685833 -0.012808203 0.99085265 -0.10248309
10144678.616216216 -0.13626628 -0.3216702 0.18676905 -0.08154012 -0.017663395 0.99108857 -0.10383986
10194695.616216216 -0.1310068 -0.32077768 0.19353636 -0.07890862 -0.022024147 0.99081564 -0.10757662
10244712.616216216 -0.13260701 -0.31390965 0.1915461 -0.079123214 -0.025509141 0.99029386 -0.111386746
10294729.616216216 -0.13388072 -0.3130406 0.1975457 -0.08140309 -0.026955187 0.98930264 -0.11801401
10344747.616216216 -0.13876878 -0.30974507 0.20516193 -0.08414289 -0.02501784 0.98839206 -0.12399667
10394764.866216216 -0.14861651 -0.30956912 0.20736724 -0.08580702 -0.02524718 0.9874647 -0.13005096
10444781.866216216 -0.1587887 -0.31202382 0.21065134 -0.087617554 -0.024513597 0.98670346 -0.13468
10494798.866216216 -0.16930825 -0.3170474 0.21799675 -0.09012514 -0.02309713 0.98589665 -0.13911097
10544816.616216216 -0.17604306 -0.32293847 0.22514173 -0.09397613 -0.022437735 0.985173 -0.1417717
10594833.616216216 -0.18476222 -0.3286235 0.23065308 -0.09908426 -0.019932248 0.9845952 -0.14267972
10644850.616216216 -0.1939521 -0.33827135 0.23172157 -0.10200359 -0.016891383 0.9844144 -0.14226142
10694867.616216216 -0.19887877 -0.34716725 0.23992573 -0.106341176 -0.014325451 0.9841374 -0.14127965
10744884.616216216 -0.20028897 -0.3560664 0.24364083 -0.109854475 -0.011349668 0.98411596 -0.13899322
10794902.616216216 -0.20146784 -0.3653451 0.2493271 -0.10972507 -0.007754035 0.9845301 -0.13638484
10844919.866216216 -0.20293646 -0.37607214 0.25453934 -0.10773528 -0.005334028 0.98497885 -0.13483872
10894936.866216216 -0.19309752 -0.38552663 0.26129746 -0.108647935 -0.0021191568 0.9848978 -0.13478687
10944953.866216216 -0.18720247 -0.39707354 0.26620916 -0.105447926 0.00041312107 0.98512435 -0.13568583
10994971.616216216 -0.17438662 -0.40304282 0.2737128 -0.10222684 0.0015505331 0.9853653 -0.1363912
11044988.616216216 -0.16553976 -0.40968224 0.27949628 -0.097820595 0.0024858117 0.98561436 -0.13780215
11095005.616216216 -0.15449709 -0.4139071 0.2865505 -0.09285041 0.0035335666 0.9859232 -0.13900326
11145022.616216216 -0.14104962 -0.41899142 0.289578 -0.08657365 0.0034727824 0.9862623 -0.1406402
11195040.616216216 -0.12688439 -0.42246127 0.2940283 -0.078927964 0.003792167 0.98656595 -0.14298175
11245057.866216216 -0.11334162 -0.42418754 0.2961175 -0.07217127 0.004908804 0.9869212 -0.14406225
11295074.866216216 -0.093840085 -0.42416722 0.29567343 -0.06647975 0.006800672 0.9872463 -0.14449573
11345091.866216216 -0.07868793 -0.4227004 0.29487634 -0.059210062 0.009651787 0.9877785 -0.14385687
11395108.616216216 -0.06435353 -0.42277926 0.291305 -0.051782735 0.013171378 0.98811 -0.14416572
11445126.616216216 -0.050773226 -0.41890353 0.28669712 -0.04482518 0.016457127 0.9884071 -0.14412296
11495143.616216216 -0.039388124 -0.4183402 0.28149432 -0.0380205 0.020261893 0.9883801 -0.14576969
11545160.616216216 -0.030748386 -0.41336557 0.27376148 -0.030891465 0.024496378 0.98842764 -0.14648026
11595177.616216216 -0.02968747 -0.4064681 0.26937246 -0.023820674 0.026491435 0.9884232 -0.14748017
11645195.616216216 -0.029753497 -0.40392995 0.2614437 -0.02075147 0.028511882 0.98828655 -0.14847964
11695212.866216216 -0.034704372 -0.39428115 0.25878945 -0.019365134 0.029647237 0.9884827 -0.14713293
11745229.866216216 -0.03820213 -0.39141545 0.26017362 -0.024728643 0.029343497 0.98846096 -0.14653471
11795246.866216216 -0.04996877 -0.38850528 0.25289896 -0.029634617 0.027719289 0.9885906 -0.14505932
11845264.616216216 -0.06521933 -0.3872489 0.24993566 -0.0348973 0.025689749 0.9885316 -0.14466372
11895281.616216216 -0.08233134 -0.38910764 0.24587967 -0.04256612 0.022984935 0.98821026 -0.14525945
11945298.616216216 -0.101562686 -0.3943728 0.24511452 -0.05222575 0.0202226 0.98742205 -0.14785537
11995315.616216216 -0.11559089 -0.40062395 0.2500595 -0.061544802 0.019331094 0.98638237 -0.15128934
12045333.616216216 -0.1324315 -0.40693864 0.25465372 -0.069213614 0.017887812 0.98534125 -0.15489422
12095350.616216216 -0.14215337 -0.41527992 0.25810593 -0.076484315 0.018066017 0.9842927 -0.15808788
12145367.866216216 -0.15483123 -0.42284128 0.26996663 -0.07962571 0.017068032 0.9835366 -0.16132045
12195384.866216216 -0.1597138 -0.4315195 0.27935073 -0.08312892 0.018588332 0.9829086 -0.16320148
12245401.866216216 -0.1662698 -0.4416378 0.2851802 -0.08598408 0.017388899 0.98262215 -0.16357893
12295419.616216216 -0.16348082 -0.45356905 0.29485628 -0.08907819 0.017607884 0.9822257 -0.16427936
12345436.616216216 -0.16216786 -0.45997962 0.30254686 -0.09016152 0.017616129 0.9824137 -0.16255452
12395453.616216216 -0.16020852 -0.47019884 0.31085357 -0.09125313 0.01550073 0.98234403 -0.1625818
12445470.616216216 -0.15331642 -0.475497 0.32230753 -0.09162163 0.013277931 0.98246765 -0.16182232
12495488.616216216 -0.1493904 -0.4820396 0.3269788 -0.08992991 0.012537365 0.98272085 -0.16129264
12545505.866216216 -0.13399163 -0.48605213 0.33810157 -0.0898246 0.010162898 0.9826682 -0.16183768
12595522.866216216 -0.1256902 -0.49228984 0.34160686 -0.086540885 0.008948467 0.9828626 -0.16251722
12645539.866216216 -0.11100994 -0.49520373 0.3543548 -0.08472654 0.008734985 0.9827936 -0.16389582
12695557.616216216 -0.09913641 -0.49686372 0.3627213 -0.082429186 0.007384396 0.9828839 -0.16459103
12745574.616216216 -0.088349916 -0.50025773 0.366127 -0.07875373 0.0070720264 0.98288786 -0.16637103
12795591.616216216 -0.07779421 -0.50356025 0.36989224 -0.07382284 0.0068526287 0.98291284 -0.16848049
12845608.616216216 -0.06750845 -0.5027019 0.37560946 -0.069534935 0.0077637993 0.9829031 -0.17031184
12895626.616216216 -0.05754507 -0.50050396 0.37639534 -0.066417485 0.0071940213 0.9829705 -0.17119037
12945643.616216216 -0.047533743 -0.49903318 0.37454456 -0.062439464 0.009548987 0.9830927 -0.17186882
12995660.866216216 -0.041190967 -0.49748707 0.3687511 -0.05860907 0.0102045145 0.983315 -0.17190835
13045677.866216216 -0.0335879 -0.49372324 0.35939404 -0.056142207 0.011343435 0.98361766 -0.17092592
13095694.866216216 -0.022967502 -0.48545945 0.35213062 -0.05661204 0.013003695 0.9837862 -0.16967845
13145712.616216216 -0.026011664 -0.48114622 0.34113926 -0.053838704 0.012288796 0.98411435 -0.1687286
13195729.616216216 -0.024190314 -0.47135893 0.33406442 -0.051335115 0.01295387 0.98438275 -0.16789174
13245746.616216216 -0.023005469 -0.46621296 0.31695688 -0.04884281 0.012411029 0.98482877 -0.16605021
13295763.616216216 -0.02501306 -0.4590734 0.30335057 -0.044485252 0.01415993 0.98535 -0.16403046
13345781.616216216 -0.02515509 -0.45337647 0.29406413 -0.042581562 0.012778982 0.9857113 -0.16247118
13395798.616216216 -0.026605103 -0.45171458 0.2858804 -0.037949927 0.014201462 0.9858947 -0.1623878
13445815.866216216 -0.035482526 -0.4385563 0.26176494 -0.03441253 0.012750578 0.9868837 -0.15720622
13495832.866216216 -0.041627306 -0.43284202 0.2534379 -0.03414792 0.012311049 0.9871159 -0.15583506
13545850.616216216 -0.05687614 -0.42993075 0.24998593 -0.031410974 0.014858074 0.9873014 -0.15501189
13595867.616216216 -0.07192461 -0.42894748 0.24156833 -0.029361185 0.014558686 0.9874466 -0.15451626
13645884.616216216 -0.07803187 -0.4307522 0.24165395 -0.029987544 0.016498191 0.98707724 -0.1565475
13695901.616216216 -0.08357823 -0.435363 0.24133901 -0.03438127 0.014937509 0.9865864 -0.15887813
13745918.616216216 -0.101345256 -0.4442488 0.23892812 -0.033667624 0.014503935 0.98615485 -0.16172452
13795936.616216216 -0.11117017 -0.44998097 0.24124725 -0.038673125 0.014747043 0.98552126 -0.16442245
13845953.866216216 -0.117544234 -0.45532313 0.24804306 -0.047558486 0.013936981 0.9846934 -0.1671014
13895970.866216216 -0.12421695 -0.45831707 0.25610948 -0.056617662 0.011565641 0.9841875 -0.16743892
13945987.866216216 -0.13421823 -0.46494052 0.26366478 -0.06337507 0.0077182176 0.9837645 -0.1677244
13996005.616216216 -0.13978697 -0.47200862 0.27450985 -0.06787494 0.004650934 0.9834876 -0.1677006
14046022.616216216 -0.1457074 -0.4820418 0.28520042 -0.06935351 0.00027682955 0.98355114 -0.16678494
14096039.616216216 -0.13876472 -0.49365225 0.29754803 -0.07054987 -0.00069638103 0.9836794 -0.16552052
14146056.616216216 -0.13307306 -0.50258076 0.309218 -0.07136482 -0.0021300504 0.9841296 -0.1624543
14196074.616216216 -0.12612018 -0.5137149 0.31827688 -0.07117546 -0.0033114785 0.984718 -0.15891358
14246091.616216216 -0.11515972 -0.52341485 0.3263539 -0.07107428 -0.0023859823 0.9852025 -0.15594529
14296108.866216216 -0.10580533 -0.52897036 0.33181006 -0.068254985 -0.0031304874 0.9859488 -0.15243548
14346125.866216216 -0.08976491 -0.5359386 0.33568493 -0.06528677 -0.004140516 0.98667216 -0.14899209
14396142.866216216 -0.07152903 -0.53966635 0.33963278 -0.0595163 -0.0043356544 0.9875605 -0.14547624
14446160.616216216 -0.055805065 -0.54400927 0.34419578 -0.051812813 -0.0042291884 0.9883576 -0.14299282
14496177.616216216 -0.03554095 -0.5463456 0.34742892 -0.045972046 -0.0034476542 0.9888681 -0.14147313
14546194.616216216 -0.01731771 -0.5489175 0.34855548 -0.041047815 -0.0014175095 0.9891923 -0.14075407
14596211.616216216 -0.0010037529 -0.54823744 0.34802008 -0.0362968 0.00023031076 0.989418 -0.14047937
14646229.616216216 0.017085182 -0.55075836 0.3437091 -0.031204088 0.0021119209 0.98948056 -0.14124486
14696246.616216216 0.03436859 -0.54810077 0.33779755 -0.024753908 0.0049461112 0.989673 -0.1411035
14746263.866216216 0.047836926 -0.5422748 0.32974878 -0.018267384 0.007779843 0.9899446 -0.1400559
14796280.866216216 0.06053093 -0.53645384 0.3239844 -0.012727902 0.010855176 0.9900098 -0.14000292
14846298.616216216 0.06801399 -0.52813226 0.30971846 -0.007176835 0.014464765 0.9902604 -0.1382883
14896315.616216216 0.074147224 -0.51028657 0.29909092 -0.00233604 0.016860558 0.9906636 -0.13526285
14946332.616216216 0.077738345 -0.5012178 0.28899238 0.0016639836 0.018463816 0.9908206 -0.13390632
14996349.616216216 0.07991193 -0.49932644 0.26981848 -0.0012244505 0.018719574 0.99068403 -0.13488242
15046367.616216216 0.06698878 -0.48785067 0.2590503 -0.0010407994 0.01865013 0.9909265 -0.13310112
15096384.616216216 0.055241503 -0.472761 0.25793087 -0.0024484647 0.018744456 0.9911496 -0.13139711
15146401.866216216 0.035124987 -0.46937427 0.24936782 -0.004863396 0.015974693 0.9912284 -0.13110112
15196418.866216216 0.024415951 -0.4648597 0.24263498 -0.011527731 0.014040138 0.99135005 -0.12998155
15246435.866216216 0.0045285467 -0.46029377 0.24119933 -0.015488195 0.011306067 0.99134517 -0.12987313
15296453.616216216 -0.017147826 -0.46264338 0.24088931 -0.020546062 0.007552127 0.99113536 -0.13104065
15346470.616216216 -0.036783323 -0.4678981 0.24361682 -0.027388887 0.0046002064 0.990645 -0.13360871
15396487.616216216 -0.056166083 -0.47188246 0.24636805 -0.03464995 0.0022923916 0.9902304 -0.13504805
15446504.616216216 -0.07559931 -0.48023847 0.2489667 -0.041654453 -0.00012524978 0.989653 -0.13730225
15496522.616216216 -0.090453096 -0.4896996 0.2565471 -0.050034333 -0.0012269709 0.98899436 -0.1392308
15546539.616216216 -0.105912685 -0.502169 0.2662307 -0.0572624 -0.0025917785 0.98834187 -0.14104886
15596556.866216216 -0.112231344 -0.51449907 0.27937314 -0.06613671 -0.0023865828 0.98768795 -0.14174879
15646573.866216216 -0.11809661 -0.5267482 0.29147822 -0.0730883 -0.0015544491 0.9873482 -0.1407098
15696591.616216216 -0.11587454 -0.5358176 0.30499193 -0.07784608 -0.00021875782 0.9873322 -0.1382574
15746608.616216216 -0.12057117 -0.5491196 0.31746465 -0.07920774 0.0033294815 0.9876292 -0.13529134
15796625.616216216 -0.11414306 -0.5596521 0.3258193 -0.08141599 0.006049981 0.98811585 -0.13023826
15846642.616216216 -0.105355166 -0.5689646 0.32688305 -0.08211314 0.0082178395 0.9889302 -0.12331674
15896659.616216216 -0.09503823 -0.57515025 0.3280356 -0.08210732 0.009236298 0.989917 -0.11505486
15946677.616216216 -0.08066537 -0.5790081 0.3268653 -0.08067824 0.011184196 0.99103945 -0.10586171
15996694.616216216 -0.06311321 -0.58042663 0.32376337 -0.08018363 0.0123091675 0.99198693 -0.096855514
16046711.866216216 -0.0495475 -0.579386 0.3170945 -0.07945751 0.014099855 0.99287033 -0.08772815
16096728.866216216 -0.037782453 -0.5749943 0.3046499 -0.08001201 0.015277826 0.9936322 -0.07784426
16146746.616216216 -0.024688574 -0.56513596 0.29642627 -0.081311285 0.016579742 0.9940661 -0.07032912
16196763.616216216 -0.01643763 -0.5573234 0.2865178 -0.081986025 0.016524795 0.99435943 -0.06522738
16246780.616216216 -0.0030770423 -0.5451939 0.28081587 -0.08229399 0.01754912 0.9944794 -0.062693134
16296797.616216216 0.0033864556 -0.52952087 0.28227437 -0.08164157 0.016099485 0.9945774 -0.062380005
16346815.616216216 0.013980351 -0.50938874 0.27992973 -0.0849938 0.016763011 0.9942985 -0.06217356
16396832.616216216 0.016908582 -0.49020797 0.2715046 -0.08871727 0.015753375 0.99393463 -0.063048966
16446849.866216216 0.022653073 -0.47274894 0.26055878 -0.09524765 0.0154714435 0.99323124 -0.06465508
16496866.866216216 0.023651462 -0.45226303 0.25166443 -0.10119998 0.0126762595 0.9926918 -0.06450569
16546884.616216216 0.028166495 -0.43276492 0.24403526 -0.10942077 0.0094647035 0.9920228 -0.06187341
16596901.616216216 0.032040738 -0.4128153 0.23185085 -0.119796716 0.003514404 0.9910533 -0.05873479
16646918.616216216 0.030315708 -0.39242998 0.21868558 -0.12706007 -0.0042278795 0.9904347 -0.053636994
16696935.616216216 0.03366927 -0.37125483 0.20453134 -0.13617389 -0.013763962 0.9894769 -0.046933044
16746952.616216216 0.0328136 -0.35309458 0.18859294 -0.14742875 -0.024363356 0.9879137 -0.041201927
16796970.616216216 0.034050725 -0.33028856 0.17402369 -0.16195719 -0.035397734 0.9855879 -0.033667047
16846987.616216216 0.029638845 -0.30729654 0.1588881 -0.17870882 -0.047756623 0.98237455 -0.026882803
16897004.866216216 0.028252436 -0.2887995 0.14686841 -0.19579588 -0.05865721 0.97863 -0.022509424
16947021.866216216 0.02854745 -0.2703859 0.13413708 -0.21185347 -0.067986205 0.9747489 -0.018989475
16997039.616216216 0.025336422 -0.25397894 0.116134875 -0.22708693 -0.07615134 0.9707559 -0.016296837
17047056.616216216 0.02930563 -0.24253605 0.113605134 -0.24349408 -0.081612654 0.9663292 -0.016059801
17097073.616216216 0.031018792 -0.23538785 0.10832577 -0.25545627 -0.0831113 0.9630995 -0.01655813
17147090.616216216 0.034751132 -0.2367113 0.11040573 -0.26218113 -0.08262583 0.9612749 -0.019612713
17197108.616216216 0.03662041 -0.2408721 0.09261128 -0.25939038 -0.07823586 0.9623506 -0.02184193
17247125.616216216 0.04592777 -0.24514985 0.094145715 -0.25506136 -0.078062765 0.9635522 -0.02042537
17297142.616216216 0.05591133 -0.25372902 0.0970893 -0.2473832 -0.07539517 0.9657914 -0.019083226
17347159.866216216 0.06386021 -0.26110706 0.09526461 -0.23798162 -0.07515305 0.96824026 -0.0150896
17397176.866216216 0.07330232 -0.26653796 0.0984625 -0.23092149 -0.076974794 0.96987313 -0.009814505
17447194.616216216 0.079044186 -0.2700883 0.10015961 -0.22472312 -0.08056205 0.9710723 -0.0052827923
17497211.616216216 0.08950014 -0.27901983 0.10367971 -0.21928169 -0.08080322 0.9723042 -0.0033099428
17547228.616216216 0.09727114 -0.28161523 0.1062268 -0.21229167 -0.082864635 0.9736866 -0.0004994754
17597245.616216216 0.11091736 -0.28600445 0.11183607 -0.2029994 -0.08367916 0.97559226 0.0029825603
17647263.616216216 0.12713036 -0.28477255 0.11721447 -0.19526665 -0.08341696 0.9771643 0.007905177
17697280.616216216 0.14454931 -0.27999967 0.11888421 -0.1910801 -0.08028166 0.97821796 0.011529458
17747297.866216216 0.1637716 -0.2732458 0.12515905 -0.19018811 -0.07448109 0.97882897 0.013227892
17797314.866216216 0.17708366 -0.2564351 0.13383536 -0.18688634 -0.072095074 0.97960377 0.015884645
17847332.616216216 0.19321404 -0.23473887 0.1433214 -0.18203326 -0.07035188 0.98063093 0.016657751
17897349.616216216 0.20178777 -0.20586185 0.15087165 -0.17817532 -0.07028563 0.9813555 0.015965108
17947366.616216216 0.21828957 -0.18177238 0.16011165 -0.18215053 -0.07048409 0.9806684 0.011945373
17997383.616216216 0.22191276 -0.15755527 0.16697057 -0.18540585 -0.073137835 0.979904 0.0079828175
18047401.616216216 0.23079205 -0.13068123 0.17682488 -0.19076458 -0.07516039 0.97874856 0.003330275
18097418.616216216 0.23328914 -0.10894419 0.1791095 -0.19574665 -0.07579904 0.97772056 -0.0005523322
18147435.616216216 0.23509616 -0.09119894 0.18232599 -0.20129 -0.075840674 0.97658473 -0.003572572
18197452.866216216 0.23606548 -0.075662315 0.18247467 -0.20571068 -0.07472336 0.9757435 -0.0049379235
18247469.866216216 0.23327029 -0.066256784 0.18166728 -0.20808928 -0.07340639 0.9753269 -0.0069178008
18297487.616216216 0.22944656 -0.06899778 0.1839886 -0.21136956 -0.072294645 0.97469664 -0.007938839
18347504.616216216 0.23247868 -0.07491802 0.18372618 -0.21874748 -0.06991094 0.97323364 -0.008846888
18397521.616216216 0.22572243 -0.08245585 0.17098124 -0.22315739 -0.06934241 0.9722876 -0.007026497
18447538.616216216 0.22038789 -0.098718315 0.16615607 -0.22483921 -0.069905706 0.9718608 -0.0068667824
18497556.616216216 0.21893203 -0.112027034 0.15756044 -0.22436005 -0.06914898 0.97204643 -0.0026056408
18547573.616216216 0.2180821 -0.13301323 0.15236613 -0.22762758 -0.07010308 0.9712213 0.00058261125
18597590.616216216 0.22290647 -0.15064567 0.14206144 -0.23198067 -0.068695 0.9702701 0.0064728903
18647607.866216216 0.22790512 -0.16985552 0.13578789 -0.23607004 -0.06858226 0.96923155 0.0125564
18697625.866216216 0.2331332 -0.18525669 0.12656263 -0.23899403 -0.06982365 0.968323 0.018897556
18747642.616216216 0.24323915 -0.19861192 0.11531184 -0.23876333 -0.069013305 0.96826255 0.026400374
18797659.616216216 0.26139936 -0.21039213 0.11236581 -0.23816991 -0.07014826 0.968123 0.033050098
18847676.616216216 0.28344768 -0.21452066 0.114209816 -0.23293334 -0.07081721 0.96908295 0.04006608
18897693.616216216 0.3022578 -0.21182476 0.11616792 -0.22269067 -0.072012 0.9711376 0.045989003
18947711.616216216 0.31941754 -0.21090259 0.12460401 -0.21273685 -0.07419671 0.97310024 0.048102368
18997728.616216216 0.3388071 -0.20436788 0.14374413 -0.20637314 -0.075763635 0.9743697 0.047684282
19047745.866216216 0.3527971 -0.19864695 0.1565862 -0.20257278 -0.07870592 0.9751944 0.042018175
19097762.866216216 0.3671727 -0.18539543 0.16939314 -0.19965613 -0.08171348 0.97585577 0.03414685
19147780.616216216 0.37811738 -0.17553246 0.18558176 -0.1960598 -0.08543512 0.97660047 0.02264969
19197797.616216216 0.38558385 -0.15689492 0.20239729 -0.19364125 -0.08835097 0.97700936 0.012250045
19247814.616216216 0.38789064 -0.13796818 0.21855125 -0.1940147 -0.09330715 0.97654825 0.0023634594
19297831.616216216 0.38891232 -0.11629028 0.2320749 -0.19731586 -0.09742045 0.97546077 -0.007215746
19347849.616216216 0.38778955 -0.09409626 0.23936844 -0.20440991 -0.10051332 0.97357625 -0.016218184
19397866.616216216 0.38083315 -0.07229163 0.25064674 -0.21255606 -0.10342537 0.9713098 -0.026083695
19447883.616216216 0.375328 -0.051063247 0.25652078 -0.22193852 -0.10452833 0.9687112 -0.037627038
19497900.866216216 0.36691985 -0.032115266 0.26494575 -0.23222935 -0.1055066 0.9655994 -0.050554536
19547918.866216216 0.3553504 -0.014235308 0.26991802 -0.24239552 -0.106522836 0.9622191 -0.063495636
19597935.616216216 0.34244743 -0.002143018 0.2727697 -0.25351766 -0.108347535 0.95831996 -0.074917115
19647952.616216216 0.3307526 0.0036617275 0.27564847 -0.2666081 -0.109945655 0.95378137 -0.084457956
19697969.616216216 0.3202622 0.0050011594 0.27056125 -0.28014657 -0.111361764 0.9492062 -0.09013415
19747986.616216216 0.31105152 6.380677e-05 0.26128912 -0.29230735 -0.11338933 0.9450552 -0.09257475
19798004.616216216 0.30518436 -0.01614854 0.25115553 -0.30303496 -0.11435509 0.94146 -0.0935196
19848021.616216216 0.30178025 -0.034879934 0.23864938 -0.3119271 -0.11407769 0.93879855 -0.09135184
19898038.616216216 0.30216008 -0.05204165 0.22444385 -0.31985813 -0.114536546 0.93672055 -0.084420174
19948055.866216216 0.30418107 -0.07401496 0.21474074 -0.3261787 -0.115081295 0.93504345 -0.077830225
19998073.866216216 0.3135444 -0.09651524 0.20153658 -0.33011714 -0.1124316 0.9345676 -0.07046542
20048090.616216216 0.3296774 -0.12688221 0.20084682 -0.33191 -0.10949366 0.9345827 -0.066348396
20098107.616216216 0.346177 -0.14789066 0.19683024 -0.3275986 -0.10632626 0.93686897 -0.060419563
20148124.616216216 0.36704934 -0.17048861 0.19419776 -0.32167122 -0.10263097 0.939564 -0.056692578
20198142.616216216 0.3872866 -0.18798819 0.19490366 -0.31605262 -0.10115387 0.94183177 -0.05321316
20248159.616216216 0.40836427 -0.20481285 0.19203886 -0.30910838 -0.09931607 0.94443774 -0.051242325
20298176.616216216 0.4318054 -0.21780363 0.19428056 -0.30110043 -0.09658731 0.9473477 -0.050416622
20348193.866216216 0.45665935 -0.22408882 0.20227791 -0.29135767 -0.095297895 0.95060486 -0.048780084
20398210.866216216 0.4794526 -0.22363609 0.21141092 -0.27922 -0.094826795 0.9543355 -0.047830343
20448228.616216216 0.50212306 -0.21676667 0.22205223 -0.2684715 -0.0953555 0.9574305 -0.046446215
20498245.616216216 0.5250129 -0.20446716 0.23221701 -0.25922945 -0.09538457 0.9599569 -0.046741154
20548262.616216216 0.5406232 -0.18761101 0.23515208 -0.25095806 -0.0961238 0.9620467 -0.047396775
20598279.616216216 0.5474397 -0.16519943 0.24719353 -0.24650128 -0.09638837 0.96302956 -0.05020479
20648297.616216216 0.55531293 -0.13903715 0.2571509 -0.2468513 -0.09529318 0.9629044 -0.052903395
20698314.616216216 0.5593744 -0.1152845 0.2599136 -0.24898411 -0.093436845 0.9622978 -0.05709159
20748331.616216216 0.5576771 -0.089790896 0.26520327 -0.25409812 -0.090221055 0.96088284 -0.06323354
20798348.866216216 0.55565053 -0.066186555 0.26913157 -0.26130337 -0.08626069 0.9588276 -0.070209615
20848366.866216216 0.54761523 -0.043371625 0.27363455 -0.2685296 -0.082845695 0.9565469 -0.07775952
20898383.616216216 0.533502 -0.027645728 0.27321127 -0.27522564 -0.07988972 0.9541789 -0.086087994
20948400.616216216 0.5210192 -0.016226687 0.27094364 -0.2859785 -0.07685217 0.95064527 -0.092648126
20998417.616216216 0.50537276 -0.010759752 0.2660406 -0.29842904 -0.07404261 0.946448 -0.09845829
21048435.616216216 0.49223235 -0.018152915 0.25475258 -0.30921578 -0.07313895 0.94254225 -0.103201345
21098452.616216216 0.4815096 -0.026995819 0.24654941 -0.31890652 -0.07391591 0.9391266 -0.10428998
21148469.616216216 0.46917662 -0.041965865 0.23589396 -0.32807586 -0.07549919 0.9359384 -0.1033703
21198486.616216216 0.45807785 -0.0632712 0.2216849 -0.3379614 -0.07731962 0.9325095 -0.10114315
21248503.866216216 0.4512779 -0.08673598 0.20551431 -0.3473669 -0.07798702 0.9294951 -0.09640112
21298521.866216216 0.44624478 -0.11486605 0.1933125 -0.3542852 -0.07979985 0.92729 -0.09081475
21348538.616216216 0.44581568 -0.14660913 0.18193205 -0.35934207 -0.07926167 0.9258557 -0.08591893
21398555.616216216 0.44679326 -0.17772776 0.17488492 -0.3624507 -0.08055258 0.9250941 -0.07963449
21448572.616216216 0.45331052 -0.20692468 0.17013967 -0.36502767 -0.08048951 0.9246316 -0.07302522
21498590.616216216 0.46544403 -0.23235919 0.16721532 -0.36477876 -0.081881 0.92521507 -0.06487754
21548607.616216216 0.48020127 -0.25483078 0.16208035 -0.3597181 -0.08297024 0.92762685 -0.056810018
21598624.616216216 0.49383602 -0.27481252 0.16548522 -0.35039386 -0.08375579 0.93150663 -0.050045293
21648641.866216216 0.5090178 -0.28950888 0.17071532 -0.337977 -0.08303769 0.9364062 -0.044942465
21698659.866216216 0.5302694 -0.29883224 0.1803938 -0.3221051 -0.081087455 0.94235843 -0.040420134
21748676.616216216 0.54987556 -0.30228382 0.18952917 -0.3031361 -0.08072681 0.94883597 -0.036083978
21798693.616216216 0.5697076 -0.30094117 0.20282489 -0.28467372 -0.079247475 0.9547567 -0.033472206
21848710.616216216 0.5892788 -0.29904455 0.2131323 -0.26914448 -0.07792478 0.9593704 -0.033129994
21898727.616216216 0.60605407 -0.2864504 0.22489817 -0.2554902 -0.07611548 0.96322656 -0.033553667
21948745.616216216 0.6230266 -0.27455503 0.2323314 -0.24309355 -0.07318498 0.9665336 -0.036909938
21998762.616216216 0.63409287 -0.25631693 0.24314854 -0.23170498 -0.07018244 0.969336 -0.042130955
22048779.616216216 0.64444405 -0.23112933 0.2505204 -0.2215511 -0.065969124 0.9716807 -0.048988014
22098796.866216216 0.6529305 -0.20806661 0.25799045 -0.21307492 -0.062862195 0.9732849 -0.057999425
22148814.866216216 0.6605344 -0.18179746 0.26420367 -0.20819445 -0.05933299 0.97396487 -0.06728422
22198831.616216216 0.6636307 -0.15464835 0.2679432 -0.20568822 -0.05754327 0.97393996 -0.07630254
22248848.616216216 0.6592743 -0.12687661 0.26879457 -0.20469612 -0.056234628 0.97349733 -0.08508953
22298865.616216216 0.6485375 -0.10142527 0.2719114 -0.20518759 -0.055395227 0.9727017 -0.09317087
22348883.616216216 0.6360324 -0.07943942 0.2687952 -0.2051293 -0.055415448 0.9721056 -0.099306524
22398900.616216216 0.61811626 -0.060581706 0.26705217 -0.20465614 -0.0560388 0.971683 -0.10396014
22448917.616216216 0.60069746 -0.046085857 0.26250732 -0.20580234 -0.057487708 0.9711085 -0.10624947
22498934.616216216 0.57691383 -0.03890645 0.25358018 -0.20835409 -0.061065752 0.97020596 -0.107517414
22548952.866216216 0.5565559 -0.03812684 0.24271359 -0.21623828 -0.06508432 0.96819746 -0.107697636
22598969.866216216 0.53708386 -0.04410848 0.22713809 -0.22713424 -0.06790284 0.9655031 -0.10771801
22648986.616216216 0.5147712 -0.04998631 0.2189235 -0.23676148 -0.06926853 0.9632154 -0.10659304
22699003.616216216 0.48905557 -0.06506558 0.20672558 -0.2419011 -0.069510736 0.96198493 -0.10600595
22749020.616216216 0.46730387 -0.08067935 0.19698127 -0.24542479 -0.06896722 0.9613926 -0.1036074
22799038.616216216 0.44586343 -0.10203019 0.18777014 -0.24843225 -0.06604236 0.96111304 -0.10090459
22849055.616216216 0.42177555 -0.12246997 0.18013626 -0.25013253 -0.06236922 0.9613534 -0.09666178
22899072.616216216 0.40116706 -0.14316753 0.17569908 -0.25035587 -0.059724703 0.96202916 -0.09085583
22949089.866216216 0.38026518 -0.1668064 0.16889153 -0.24686089 -0.05655347 0.9637053 -0.084460996
22999107.866216216 0.36070645 -0.18809476 0.16661708 -0.24181959 -0.052651055 0.9658242 -0.077037685
23049124.616216216 0.33861944 -0.20819144 0.16178513 -0.2321476 -0.050422095 0.9689383 -0.06873028
23099141.616216216 0.31603494 -0.22805038 0.1601498 -0.22091642 -0.048828665 0.97220147 -0.060299844
23149158.616216216 0.29458368 -0.24731803 0.15936364 -0.2096564 -0.046217937 0.9752572 -0.05274053
23199176.616216216 0.27049047 -0.26274246 0.15764855 -0.1970905 -0.045014597 0.97831655 -0.045009434
23249193.616216216 0.2497939 -0.2742796 0.15684503 -0.1880575 -0.043698333 0.9804697 -0.037470978
23299210.616216216 0.22306915 -0.28817925 0.15116885 -0.17789578 -0.04205936 0.9826432 -0.031567752
23349227.616216216 0.19862853 -0.29879463 0.15152112 -0.17063375 -0.039814238 0.98415715 -0.027086431
23399244.866216216 0.17521527 -0.30977097 0.15072672 -0.16671632 -0.035205547 0.98507005 -0.024561252
23449262.866216216 0.15214898 -0.3220071 0.1465548 -0.16253085 -0.02893322 0.9859602 -0.02508353
23499279.616216216 0.13411736 -0.331056 0.1539993 -0.15817268 -0.02387775 0.9867899 -0.025633454
23549296.616216216 0.110653505 -0.33567527 0.14816436 -0.15312381 -0.018814364 0.9876825 -0.026123108
23599313.616216216 0.08731543 -0.34026152 0.15310062 -0.1500563 -0.015052129 0.98817015 -0.027862882
23649331.616216216 0.066810444 -0.34404007 0.15039313 -0.14819917 -0.013366478 0.9884888 -0.02735419
23699348.616216216 0.045305125 -0.34390253 0.15177153 -0.14587027 -0.01426749 0.9888337 -0.026947374
23749365.616216216 0.02707577 -0.34571964 0.14031217 -0.14541696 -0.014729105 0.9889465 -0.024935773
23799382.616216216 0.006615209 -0.3404678 0.13427213 -0.14463818 -0.016023267 0.98908126 -0.023268767
23849400.866216216 -0.022320628 -0.33637255 0.12870632 -0.14207916 -0.019605719 0.9893732 -0.02387204
23899417.866216216 -0.045391474 -0.3282688 0.12986672 -0.14079636 -0.022417558 0.98949206 -0.024069365
23949434.616216216 -0.064442985 -0.31759426 0.12771493 -0.14168826 -0.024258928 0.98933005 -0.023707366
23999451.616216216 -0.08899482 -0.30787235 0.115588896 -0.14025873 -0.026570184 0.989482 -0.023389945
24049469.616216216 -0.10324431 -0.29995346 0.11402319 -0.14081486 -0.026098624 0.98938036 -0.024830123
24099486.616216216 -0.11989416 -0.2799312 0.1031795 -0.14114134 -0.027786087 0.9893836 -0.020670114
24149503.616216216 -0.14432673 -0.2688671 0.097585574 -0.13506313 -0.02659681 0.9902993 -0.018919542
24199520.616216216 -0.15254995 -0.25775608 0.09546038 -0.13216066 -0.029495765 0.9906672 -0.015560303
24249537.866216216 -0.16418865 -0.23574573 0.09673043 -0.13019556 -0.032679476 0.99090797 -0.009096661
24299555.866216216 -0.17541917 -0.22486034 0.0807041 -0.12798357 -0.03321296 0.99120635 -0.0052177007
24349572.616216216 -0.19195846 -0.20811886 0.06563687 -0.12504138 -0.03381439 0.9915752 -0.00011074052
24399589.616216216 -0.19447966 -0.18800566 0.07928786 -0.12504445 -0.035098124 0.9915215 0.004157449
24449606.616216216 -0.20554286 -0.17068505 0.07109763 -0.120775476 -0.03613371 0.9919885 0.008159128
24499624.616216216 -0.20622179 -0.15828304 0.061222542 -0.119248904 -0.034030907 0.99222475 0.010573141
24549641.616216216 -0.20533729 -0.14044549 0.06318623 -0.115510084 -0.034066956 0.9926169 0.014444062
24599658.616216216 -0.2087199 -0.12739596 0.06406794 -0.11115087 -0.032774076 0.9931058 0.017672446
24649675.616216216 -0.20700288 -0.11237728 0.061154537 -0.10867442 -0.03149486 0.99333423 0.022026122
24699693.866216216 -0.19766892 -0.103036776 0.062789574 -0.10732305 -0.0310565 0.99343467 0.024595356
24749710.866216216 -0.19461025 -0.1038903 0.050855435 -0.10662287 -0.031280577 0.99340886 0.02814233
24799727.616216216 -0.20076893 -0.09173079 0.052050903 -0.10260712 -0.034087464 0.9935746 0.03345812
24849744.616216216 -0.19908904 -0.08343965 0.04549872 -0.09955311 -0.038637534 0.99349123 0.039642945
24899761.616216216 -0.19247831 -0.069410086 0.046669446 -0.09649635 -0.04421872 0.99321353 0.047541086
24949779.616216216 -0.20120323 -0.058703434 0.034641076 -0.0912573 -0.051870063 0.9929894 0.05434815
24999796.616216216 -0.19468284 -0.047935527 0.036610626 -0.09231153 -0.060040057 0.9919885 0.061909374
25049813.616216216 -0.1934466 -0.037620228 0.033609565 -0.09301396 -0.067744285 0.9909915 0.06851998
25099830.616216216 -0.19040012 -0.03553287 0.037629824 -0.093237005 -0.074402854 0.99022156 0.07233596
25149848.866216216 -0.19033739 -0.018260209 0.030638354 -0.09374095 -0.07993604 0.989326 0.07782721
25199865.866216216 -0.1742094 -0.00436076 0.03514661 -0.09447236 -0.08542667 0.9885329 0.08111752
25249882.616216216 -0.1710531 0.0015288063 0.037920114 -0.09212649 -0.088718586 0.98844993 0.081293024
25299899.616216216 -0.15231445 0.011461796 0.04114833 -0.09409628 -0.09185825 0.9879443 0.081694975
25349917.616216216 -0.14185306 0.020652927 0.03540163 -0.092674986 -0.09182355 0.9880423 0.08217267
25399934.616216216 -0.12465714 0.03756568 0.039412607 -0.091636896 -0.09201305 0.9878469 0.08540996
25449951.616216216 -0.11413988 0.045472357 0.039476298 -0.09080944 -0.08906994 0.988085 0.0866511
25499968.616216216 -0.10201236 0.055614587 0.0423145 -0.09191392 -0.08408216 0.9881355 0.08983483
25549986.866216216 -0.08685402 0.071862295 0.04014827 -0.09255514 -0.080552414 0.9879948 0.09386835
25600003.866216216 -0.08044974 0.08009334 0.039695363 -0.09264388 -0.07908018 0.9877223 0.09781762
25650020.616216216 -0.06342774 0.089231774 0.035356 -0.09219577 -0.076717004 0.9875384 0.10189456
25700037.616216216 -0.058670744 0.10247349 0.03692054 -0.089082524 -0.07587565 0.9874737 0.10584418
25750054.616216216 -0.048547667 0.115211576 0.037599858 -0.087120675 -0.072744444 0.9876952 0.10759407
25800072.616216216 -0.044938467 0.12523554 0.035965677 -0.086071305 -0.074091494 0.9874736 0.10953588
25850089.616216216 -0.03708745 0.13089617 0.043279115 -0.08598033 -0.07207551 0.9878463 0.10757431
25900106.616216216 -0.031328484 0.1401842 0.043257266 -0.085520044 -0.073751934 0.9878405 0.10685627
25950123.616216216 -0.028612496 0.15044506 0.044264942 -0.08427279 -0.07416215 0.9881014 0.105136395
26000141.866216216 -0.019514175 0.15724395 0.050160415 -0.08580402 -0.075848795 0.98820126 0.10170031
26050158.866216216 -0.016905788 0.16721036 0.04914286 -0.083865866 -0.076340005 0.98862445 0.09879571
26100175.616216216 -0.012173008 0.17549938 0.053586464 -0.08454115 -0.07674018 0.9888149 0.09596295
26150192.616216216 -0.0053147557 0.18350321 0.061112557 -0.08754367 -0.07552946 0.9889316 0.09298297
26200210.616216216 -0.0068244925 0.19263607 0.05925498 -0.090110324 -0.07533529 0.9890184 0.089707755
26250227.616216216 -0.0013773203 0.20097941 0.05870138 -0.094959624 -0.07024508 0.9892329 0.08640967
26300244.616216216 0.008587501 0.20868632 0.07114784 -0.09857618 -0.06907225 0.989136 0.0843914
26350261.616216216 0.01362061 0.21240835 0.06021663 -0.09307467 -0.06501838 0.9899656 0.08412948
26400278.616216216 0.013654769 0.2162199 0.05995456 -0.08416255 -0.060646355 0.99074584 0.087529734
26450296.866216216 0.015725376 0.21648318 0.05512789 -0.07822026 -0.05374794 0.99121594 0.092107445
26500313.866216216 0.023440093 0.22334284 0.057908293 -0.07645678 -0.047401864 0.9909134 0.09999054
26550330.616216216 0.03267351 0.23036322 0.049417913 -0.07545349 -0.043149542 0.99025106 0.108847305
26600347.616216216 0.03418941 0.23879725 0.055265926 -0.071355134 -0.037820425 0.9897114 0.11810801
26650365.616216216 0.041333415 0.24709181 0.051300645 -0.06543571 -0.031474665 0.9894606 0.12528124
26700382.616216216 0.046541717 0.2553387 0.051791586 -0.06020394 -0.027574668 0.9890835 0.13163921
26750399.616216216 0.04583284 0.26538968 0.05805328 -0.054015696 -0.02307487 0.988928 0.13627645
26800416.616216216 0.051088218 0.2751281 0.06214058 -0.04986771 -0.02024213 0.9889242 0.13832042
26850434.866216216 0.0524789 0.27918643 0.070994094 -0.048458554 -0.018610321 0.9892757 0.13652469
26900451.866216216 0.04955089 0.28415385 0.085882485 -0.049341634 -0.019996233 0.9895229 0.13420181
26950468.616216216 0.0469301 0.3004869 0.08748094 -0.05091147 -0.020758878 0.98939717 0.13442634
27000485.616216216 0.04952546 0.30809987 0.089904 -0.05362359 -0.02221859 0.989402 0.13309634
27050503.616216216 0.05028081 0.31543553 0.09390709 -0.055680063 -0.025002163 0.98933876 0.13222505
27100520.616216216 0.049811922 0.32605985 0.095860854 -0.058358185 -0.026188465 0.989166 0.13213293
27150537.616216216 0.050657224 0.33739257 0.095326185 -0.061036307 -0.02610418 0.9887569 0.13398923
27200554.616216216 0.05081267 0.3440271 0.0975009 -0.06496123 -0.026346557 0.9883994 0.13473122
27250571.616216216 0.053692266 0.35241842 0.10065049 -0.068731144 -0.024896171 0.9880373 0.13578857
27300589.866216216 0.052793965 0.35873637 0.10497432 -0.06998835 -0.020950321 0.98810554 0.13531537
27350606.866216216 0.05509266 0.36636192 0.10806032 -0.07226383 -0.019692676 0.9879869 0.13517407
27400623.616216216 0.053201653 0.37514722 0.10526744 -0.07418651 -0.01569672 0.9879595 0.13485584
27450640.616216216 0.061053097 0.38103482 0.1162259 -0.07618998 -0.011643715 0.9878976 0.13460307
27500658.616216216 0.059243664 0.37989205 0.11946473 -0.07300894 -0.009839302 0.98838913 0.13289073
27550675.616216216 0.057288695 0.3902543 0.12021924 -0.071645215 -0.007646421 0.98846376 0.13322148
27600692.616216216 0.062729195 0.39431685 0.13186231 -0.07185457 -0.0069057313 0.98851264 0.132786
27650709.616216216 0.05898349 0.40046698 0.12570083 -0.07082828 -0.00663611 0.9884728 0.13364434
27700727.866216216 0.0619324 0.39632654 0.1262836 -0.072338566 -0.008758051 0.98821366 0.13462614
27750744.866216216 0.061551534 0.4003644 0.123856634 -0.07509196 -0.010275483 0.9875676 0.1377172
