# timestamp[secs] tx ty tz qx qy qz qw
0.04119786621621621 -0.0 -0.0 -0.0 -0.0 -0.0 -0.0 1.0
0.0912148662162162 0.0012676101177930832 0.0037254441995173693 -0.0066401842050254345 0.0008662685286253691 -0.0021598071325570345 0.0022558914497494698 0.9999947547912598
0.14123161621621622 -0.00024661674979142845 -0.006458638701587915 -0.024989977478981018 -0.00026049389271065593 -0.0007007138920016587 0.001236772513948381 0.9999989867210388
0.1912486162162162 -0.00024661674979142845 -0.006458638701587915 -0.024989977478981018 -0.00026049389271065593 -0.0007007138920016587 0.001236772513948381 0.9999989867210388
0.2412656162162162 0.0035603996366262436 -0.006624748930335045 -0.024726470932364464 0.00010096424375660717 0.0006104752537794411 0.0034770057536661625 0.9999938011169434
0.29128361621621623 -0.008177727460861206 -0.015971142798662186 -0.02541879564523697 -0.0014945832081139088 0.002841345267370343 0.0036214671563357115 0.9999883770942688
0.3413006162162162 -0.008177727460861206 -0.015971142798662186 -0.02541879564523697 -0.0014945832081139088 0.002841345267370343 0.0036214671563357115 0.9999883770942688
0.39131761621621625 -0.03184568136930466 -0.004426267463713884 -0.0003720163949765265 -0.000602574145887047 0.002086250577121973 0.004231613595038652 0.9999887347221375
0.4413346162162162 -0.03184568136930466 -0.004426267463713884 -0.0003720163949765265 -0.000602574145887047 0.002086250577121973 0.004231613595038652 0.9999887347221375
0.4913528662162162 -0.03184568136930466 -0.004426267463713884 -0.0003720163949765265 -0.000602574145887047 0.002086250577121973 0.004231613595038652 0.9999887347221375
0.5413698662162162 -0.03184568136930466 -0.004426267463713884 -0.0003720163949765265 -0.000602574145887047 0.002086250577121973 0.004231613595038652 0.9999887347221375
0.5913866162162162 -0.053308047354221344 -0.009582137688994408 -0.002234556945040822 -0.0014180869329720736 -0.007434178609400988 0.0021425660233944654 0.9999690651893616
0.6414036162162162 -0.053308047354221344 -0.009582137688994408 -0.002234556945040822 -0.0014180869329720736 -0.007434178609400988 0.0021425660233944654 0.9999690651893616
0.6914216162162162 -0.053308047354221344 -0.009582137688994408 -0.002234556945040822 -0.0014180869329720736 -0.007434178609400988 0.0021425660233944654 0.9999690651893616
0.7414386162162162 -0.07387125492095947 -0.02815309539437294 -0.008595049381256104 0.003518048208206892 -0.014612685889005661 0.0009645496611483395 0.9998865723609924
0.7914556162162162 -0.0635586604475975 -0.0460062138736248 -0.005422821268439293 0.0035040348302572966 -0.016263378784060478 0.0028178973589092493 0.9998576641082764
0.8414726162162163 -0.06019149720668793 -0.0535830594599247 -0.009177707135677338 0.0035812396090477705 -0.015862619504332542 0.003350532613694668 0.9998621940612793
0.8914898662162163 -0.048892274498939514 -0.0666198581457138 0.0003861250006593764 0.0011379264760762453 -0.015108350664377213 0.004915445577353239 0.999873161315918
0.9415078662162162 -0.041536469012498856 -0.0766892209649086 -0.0006152462447062135 0.0024008622858673334 -0.01575680635869503 0.0083173718303442 0.9998384118080139
0.9915246162162162 -0.024273768067359924 -0.08624651283025742 -0.004948666784912348 0.0012647999683395028 -0.01768353581428528 0.007467650808393955 0.9998149871826172
1.0415416162162163 -0.016289837658405304 -0.09314075857400894 -0.000457363115856424 -2.8757091058650985e-05 -0.01187126524746418 0.008084741421043873 0.9998968839645386
1.0915586162162163 0.001876344089396298 -0.09658725559711456 0.0014880175003781915 0.014548644423484802 -0.008068359456956387 0.002719026757404208 0.9998579621315002
1.1415766162162162 0.014930544421076775 -0.09822728484869003 -0.001958785578608513 0.01678692176938057 -0.0031776141840964556 0.00257203564979136 0.9998507499694824
1.1915936162162162 0.02480977401137352 -0.10527519881725311 -0.000902619562111795 0.014874778687953949 0.004537401720881462 0.002465663244947791 0.9998760223388672
1.2416106162162162 0.04115833714604378 -0.10288476943969727 -0.0011864907573908567 0.01570049487054348 0.009898772463202477 0.002749185310676694 0.9998239874839783
1.2916276162162161 0.056643497198820114 -0.09742990881204605 -0.0037653064355254173 0.01617744192481041 0.016739100217819214 0.0035902669187635183 0.9997225999832153
1.3416458662162163 0.07075006514787674 -0.09559183567762375 -0.008355226367712021 0.014428987167775631 0.025494635105133057 0.0038752052932977676 0.9995633959770203
1.3916628662162163 0.08374309539794922 -0.09303393214941025 -0.010409685783088207 0.012448236346244812 0.031758591532707214 0.003994907718151808 0.999410092830658
1.4416796162162162 0.09762836992740631 -0.07699547708034515 -0.00909066665917635 0.011815755628049374 0.04120447114109993 0.0038288033101707697 0.9990735650062561
1.4916966162162162 0.10928364098072052 -0.06873229146003723 -0.013385280966758728 0.011111184023320675 0.04503301531076431 0.004268649034202099 0.9989145994186401
1.5417146162162163 0.11775108426809311 -0.06069860979914665 -0.018030187115073204 0.010185260325670242 0.04826905578374863 0.0054480950348079205 0.9987676739692688
1.5917316162162163 0.12522052228450775 -0.053516238927841187 -0.017477544024586678 0.007622405420988798 0.04988361522555351 0.006875832565128803 0.998702347278595
1.6417486162162163 0.1277628242969513 -0.04334048181772232 -0.020333586260676384 0.005339620169252157 0.05072375759482384 0.006836239248514175 0.9986751079559326
1.6917656162162162 0.12685637176036835 -0.02490282990038395 -0.022635044530034065 0.004759197123348713 0.05045539140701294 0.007873086258769035 0.9986839890480042
1.7417826162162162 0.12064284831285477 -0.015439211390912533 -0.01661999337375164 0.0022572658490389585 0.05025589093565941 0.009558070451021194 0.9986881613731384
1.7918008662162161 0.11253377795219421 0.0007816655561327934 -0.019210299476981163 0.0018443543231114745 0.04821489378809929 0.009742998518049717 0.9987878203392029
1.8418178662162161 0.09561611711978912 0.012550745159387589 -0.012968281283974648 -6.787789607187733e-05 0.047541238367557526 0.00966744776815176 0.9988225698471069
1.8918346162162163 0.08339803665876389 0.02438327483832836 -0.0043680728413164616 -0.0003986072260886431 0.04389013350009918 0.009018372744321823 0.9989956021308899
1.9418516162162163 0.07271967828273773 0.03591408580541611 -0.0030437237583100796 -0.0008712471462786198 0.0399891696870327 0.009730846621096134 0.999152421951294
1.9918696162162162 0.05784082040190697 0.04576149210333824 -0.0017468316946178675 -0.0009196787723340094 0.034848276525735855 0.008309783414006233 0.9993577003479004
2.041886616216216 0.034020472317934036 0.04470439627766609 -0.0005542292492464185 -0.00188228499609977 0.030757637694478035 0.005491238087415695 0.9995100498199463
2.091903616216216 0.013369827531278133 0.046190377324819565 0.0030250668060034513 0.0007695773965679109 0.027528975158929825 0.00307149114087224 0.9996160268783569
2.141920616216216 -0.008065573871135712 0.04834357276558876 0.009016960859298706 0.0026313895359635353 0.024815361946821213 7.045548409223557e-05 0.9996886253356934
2.191938866216216 -0.011656517162919044 0.017210710793733597 0.00883474014699459 -0.0031497266609221697 0.017641909420490265 -0.0035309516824781895 0.9998332262039185
2.2419558662162165 -0.03636317327618599 0.012189376167953014 0.013131927698850632 -0.004374924581497908 0.01335862185806036 -0.006957902107387781 0.9998770356178284
2.291972616216216 -0.05484063923358917 0.009487979114055634 0.018073201179504395 -0.004998437594622374 0.008364328183233738 -0.009085901081562042 0.9999112486839294
2.341989616216216 -0.07288290560245514 0.0005871700122952461 0.026606855913996696 -0.007714508567005396 0.003559268079698086 -0.01135488972067833 0.9998994469642639
2.3920076162162163 -0.0840580090880394 -0.010213950648903847 0.0286394190043211 -0.010253285057842731 -0.004178753588348627 -0.011787017807364464 0.9998692870140076
2.4420246162162162 -0.0986255556344986 -0.022087309509515762 0.03311624377965927 -0.012020681984722614 -0.010236942209303379 -0.012281647883355618 0.9997999668121338
2.4920416162162162 -0.11357689648866653 -0.03872755169868469 0.03465002030134201 -0.012958398088812828 -0.014389603398740292 -0.01042152475565672 0.9997581839561462
2.542058616216216 -0.12158221006393433 -0.053142499178647995 0.03259884938597679 -0.012838034890592098 -0.018802519887685776 -0.00875647272914648 0.999702513217926
2.592075616216216 -0.11945514380931854 -0.0642508715391159 0.0384012907743454 -0.01142157707363367 -0.02533155493438244 -0.007841157726943493 0.9995831251144409
2.642093866216216 -0.12421273440122604 -0.07963179051876068 0.0366966687142849 -0.01072933990508318 -0.028580885380506516 -0.007272146176546812 0.999507486820221
2.692110866216216 -0.12847411632537842 -0.09680484235286713 0.036716751754283905 -0.009859702549874783 -0.03034302033483982 -0.006669811438769102 0.9994686841964722
2.7421276162162163 -0.1147398129105568 -0.1151076927781105 0.033644385635852814 -0.008097473531961441 -0.03372618556022644 -0.00633236113935709 0.9993782639503479
2.7921446162162162 -0.10454972088336945 -0.12551572918891907 0.03223038464784622 -0.006096051540225744 -0.033962927758693695 -0.004461110569536686 0.9993945956230164
2.8421626162162164 -0.08811183273792267 -0.1446036696434021 0.02715159021317959 -0.006359713617712259 -0.03327103704214096 -0.002811053767800331 0.9994221925735474
2.8921796162162163 -0.07725595682859421 -0.15129120647907257 0.027047056704759598 -0.006040696986019611 -0.029660355299711227 -0.002566506154835224 0.9995384812355042
2.9421966162162163 -0.06380243599414825 -0.16406327486038208 0.025403838604688644 -0.008971973322331905 -0.024860145524144173 -0.0012026844779029489 0.9996500015258789
2.9922136162162163 -0.053384676575660706 -0.17010623216629028 0.025293175131082535 -0.011881908401846886 -0.01755724474787712 -0.0015289513394236565 0.999774158000946
3.042231866216216 -0.03343958780169487 -0.17775459587574005 0.02252843789756298 -0.014491360634565353 -0.01024456974118948 -0.0007566184503957629 0.9998422861099243
3.092248866216216 -0.02352260984480381 -0.17768433690071106 0.019899064674973488 -0.015540448017418385 -0.0028827229980379343 -0.003062464529648423 0.9998704195022583
3.142265866216216 -0.010493479669094086 -0.17417386174201965 0.01154167577624321 -0.013715238310396671 0.005311370827257633 -0.005715469364076853 0.999875545501709
3.1922826162162163 -0.0017707330407574773 -0.1617681235074997 0.0058369990438222885 -0.01226816140115261 0.011747839860618114 -0.0054730260744690895 0.9998407363891602
3.2422996162162163 0.005355795845389366 -0.15140368044376373 0.005701469257473946 -0.011746902018785477 0.018019339069724083 -0.006333953235298395 0.9997486472129822
3.2923176162162164 0.015105110593140125 -0.14141114056110382 0.0017410670407116413 -0.012331261299550533 0.023455370217561722 -0.005671620834618807 0.9996327757835388
3.3423346162162164 0.03203956037759781 -0.1229858472943306 -0.0001366310752928257 -0.01352367177605629 0.027067702263593674 -0.0029282651375979185 0.9995378851890564
3.3923516162162164 0.04046173393726349 -0.11094185709953308 0.00399269163608551 -0.0179703701287508 0.03207552060484886 0.0006842251168563962 0.9993236660957336
3.4423686162162164 0.047180384397506714 -0.09084872156381607 -0.0022315725218504667 -0.02043532021343708 0.03590615466237068 0.0034152523148804903 0.9991403818130493
3.4923868662162163 0.05538037419319153 -0.07083785533905029 0.002295507350936532 -0.022657150402665138 0.0377684123814106 0.006890485063195229 0.999005913734436
3.5424038662162163 0.05254508927464485 -0.04659263789653778 0.006875359918922186 -0.023429138585925102 0.03970663994550705 0.009759079664945602 0.9988889694213867
3.5924206162162164 0.04377208650112152 -0.03347307816147804 0.009138459339737892 -0.025015246123075485 0.03894612193107605 0.009992378763854504 0.9988781809806824
3.6424376162162164 0.040006570518016815 -0.019383015111088753 0.016341406852006912 -0.02585906721651554 0.0386769138276577 0.011537319980561733 0.9988505244255066
3.692455616216216 0.026924334466457367 -0.01006733812391758 0.023922991007566452 -0.026588013395667076 0.03734075278043747 0.011563106440007687 0.9988819360733032
3.742472616216216 0.02042195573449135 0.0003526571672409773 0.03293881192803383 -0.0257301926612854 0.03474648296833038 0.0087116789072752 0.9990269541740417
3.792489616216216 0.012499181553721428 0.009751629084348679 0.03337828442454338 -0.022861506789922714 0.03029620833694935 0.008824440650641918 0.999240517616272
3.842506616216216 -0.0058687892742455006 0.005738765466958284 0.04283113777637482 -0.023158369585871696 0.026917297393083572 0.004621981643140316 0.9993587732315063
3.8925236162162165 -0.02008591592311859 0.0013280664570629597 0.04321629926562309 -0.02125687524676323 0.022934602573513985 0.0019516953034326434 0.9995090365409851
3.9425418662162164 -0.03537561371922493 -0.003992163576185703 0.04829176142811775 -0.018987884745001793 0.0205879807472229 -4.695898041973123e-06 0.9996077418327332
3.9925588662162164 -0.05065373703837395 -0.005435867700725794 0.04913598671555519 -0.0154213672503829 0.017932765185832977 -0.0021191700361669064 0.9997180700302124
4.042575616216216 -0.06773748993873596 -0.022205444052815437 0.05469416081905365 -0.014156796038150787 0.013962604105472565 -0.003186783753335476 0.9997972249984741
4.0925926162162165 -0.08646019548177719 -0.03509388118982315 0.05732065811753273 -0.012750228866934776 0.007454988546669483 -0.004401284735649824 0.9998812675476074
4.142610616216216 -0.10367988795042038 -0.04893922805786133 0.0619090236723423 -0.01202691625803709 0.0012089172378182411 -0.005345309618860483 0.999912679195404
4.192627616216217 -0.12348364293575287 -0.0609033927321434 0.06151759997010231 -0.010456275194883347 -0.004613308236002922 -0.006680523511022329 0.9999123811721802
4.242644616216216 -0.12873338162899017 -0.08179474622011185 0.06536509841680527 -0.010669014416635036 -0.013927856460213661 -0.006179511547088623 0.999826967716217
4.292661616216217 -0.14112107455730438 -0.10303988307714462 0.06658473610877991 -0.010748657397925854 -0.022722525522112846 -0.005546617787331343 0.9996686577796936
4.3426798662162165 -0.1469281017780304 -0.12153948843479156 0.06867057830095291 -0.009222757071256638 -0.033638931810855865 -0.003478282131254673 0.9993854761123657
4.392696866216216 -0.1521979570388794 -0.138692706823349 0.07193990051746368 -0.007161324843764305 -0.041370440274477005 -0.000950512767303735 0.9991177916526794
4.4427138662162164 -0.15626223385334015 -0.15919020771980286 0.07013050466775894 -0.004693164955824614 -0.045855507254600525 -0.0009240764775313437 0.998936653137207
4.492730616216217 -0.1571473926305771 -0.17213839292526245 0.06562410295009613 -0.0008683826890774071 -0.04806366190314293 -0.0014289976097643375 0.9988429546356201
4.542748616216216 -0.15611185133457184 -0.1865418255329132 0.07102013379335403 0.0013868625974282622 -0.04687992110848427 -0.0025837537832558155 0.9988962411880493
4.592765616216216 -0.14166951179504395 -0.2005479335784912 0.06969136744737625 0.0036236701998859644 -0.04798321798443794 -0.0037956314627081156 0.9988343715667725
4.642782616216216 -0.13017000257968903 -0.20957855880260468 0.07316714525222778 0.00451835198327899 -0.04785112664103508 -0.0073371026664972305 0.9988173246383667
4.692799616216217 -0.10862912982702255 -0.21145235002040863 0.06869721412658691 0.006013460457324982 -0.04775143414735794 -0.009609956294298172 0.9987949728965759
4.742816616216216 -0.0917285680770874 -0.21545986831188202 0.07188975811004639 0.004042269196361303 -0.04604422673583031 -0.012520533055067062 0.9988527894020081
4.792834866216216 -0.0778561681509018 -0.21381214261054993 0.07462796568870544 0.004300147294998169 -0.04202555865049362 -0.015585444867610931 0.998985767364502
4.8428518662162165 -0.06549415737390518 -0.21139495074748993 0.0735812708735466 0.0035379326436668634 -0.03897919878363609 -0.018498145043849945 0.9990625381469727
4.892868616216216 -0.04627133533358574 -0.21013261377811432 0.07255802303552628 0.0030699260532855988 -0.037115078419446945 -0.020144201815128326 0.999103307723999
4.942885616216216 -0.031992845237255096 -0.19968770444393158 0.06946594268083572 0.0043778195977211 -0.034660935401916504 -0.02163398079574108 0.9991554021835327
4.992903616216216 -0.020136520266532898 -0.19184944033622742 0.06027526035904884 0.003772587049752474 -0.03206922486424446 -0.021815666928887367 0.9992403984069824
5.042920616216216 -0.0033249680418521166 -0.1829877495765686 0.052703164517879486 0.002834227867424488 -0.029851557686924934 -0.020917175337672234 0.9993314743041992
5.092937616216216 0.007799113169312477 -0.1649225652217865 0.05179538577795029 0.0012655678438022733 -0.027565350756049156 -0.018732983618974686 0.9994436502456665
5.142954616216216 0.0217960886657238 -0.145436093211174 0.040986787527799606 -0.0004507809644564986 -0.026578841730952263 -0.016045214608311653 0.9995178580284119
5.192972866216216 0.026959896087646484 -0.1258137971162796 0.04000120982527733 -0.004259661305695772 -0.02516990154981613 -0.01551620289683342 0.9995537400245667
5.242989866216217 0.02643761970102787 -0.10389551520347595 0.03998752683401108 -0.007133561186492443 -0.02307317405939102 -0.013498092070221901 0.9996172189712524
5.293006866216216 0.028972214087843895 -0.08012643456459045 0.03729845583438873 -0.010019049048423767 -0.022172506898641586 -0.014478571712970734 0.9995990991592407
5.343023616216216 0.0233878493309021 -0.058995794504880905 0.04091798514127731 -0.012907355092465878 -0.019279835745692253 -0.0147905508056283 0.9996214509010315
5.393040616216216 0.00787591002881527 -0.04102586209774017 0.04069601744413376 -0.016439346596598625 -0.017750391736626625 -0.016907401382923126 0.9995643496513367
5.4430586162162164 -0.005782081745564938 -0.022479873150587082 0.04632888734340668 -0.01898391731083393 -0.020774494856595993 -0.0196489617228508 0.99941086769104
5.493075616216216 -0.01916421763598919 -0.00850419607013464 0.04981117695569992 -0.022428367286920547 -0.024983758106827736 -0.019796939566731453 0.9992401599884033
5.543092616216216 -0.03411966934800148 0.0012949007796123624 0.05122675746679306 -0.026247305795550346 -0.02748456597328186 -0.021453319117426872 0.9990472793579102
5.593109616216216 -0.051211532205343246 0.005389105062931776 0.052701886743307114 -0.030316442251205444 -0.029454773291945457 -0.022060247138142586 0.9988627433776855
5.643127866216216 -0.06850717216730118 0.011202698573470116 0.05438559874892235 -0.03332758694887161 -0.032796889543533325 -0.022563979029655457 0.998651385307312
5.693144866216216 -0.08249517530202866 0.010322216898202896 0.05399496480822563 -0.03705136477947235 -0.040732767432928085 -0.023645566776394844 0.9982028603553772
5.743161866216216 -0.10474896430969238 0.0069452980533242226 0.054770778864622116 -0.04074802249670029 -0.050535399466753006 -0.024470750242471695 0.9975906014442444
5.793178616216216 -0.12071938067674637 -0.0019390287343412638 0.058199506253004074 -0.045673660933971405 -0.06316257268190384 -0.026156341657042503 0.996614396572113
5.8431966162162166 -0.14668291807174683 -0.006696837954223156 0.05906105414032936 -0.04867906495928764 -0.07272849231958389 -0.028686530888080597 0.9957500100135803
5.893213616216216 -0.16716201603412628 -0.01886497251689434 0.05968977138400078 -0.051700409501791 -0.0819011703133583 -0.031330790370702744 0.9948053359985352
5.9432306162162165 -0.18832869827747345 -0.033539723604917526 0.05877923592925072 -0.052934445440769196 -0.08987122774124146 -0.03292984142899513 0.9940003752708435
5.993247616216216 -0.20505698025226593 -0.05309053510427475 0.056276798248291016 -0.05204550921916962 -0.09727674722671509 -0.03290610387921333 0.9933507442474365
6.043265866216216 -0.2181294560432434 -0.07448311150074005 0.05395811051130295 -0.04892600700259209 -0.10300557315349579 -0.03151397034525871 0.9929768443107605
6.093282866216216 -0.22665244340896606 -0.09736516326665878 0.05005185678601265 -0.043481990694999695 -0.10431180894374847 -0.029760347679257393 0.9931479096412659
6.143299866216216 -0.22764171659946442 -0.12206188589334488 0.053931739181280136 -0.037836648523807526 -0.10609393566846848 -0.02580922096967697 0.9933007955551147
6.193316616216216 -0.22352056205272675 -0.14370982348918915 0.05155789107084274 -0.030654873698949814 -0.10709650069475174 -0.021652936935424805 0.9935401082038879
6.2433336162162165 -0.21428875625133514 -0.16405737400054932 0.051208194345235825 -0.023516392335295677 -0.10588543117046356 -0.016153233125805855 0.9939689636230469
6.293351616216216 -0.20234788954257965 -0.1889343559741974 0.05230099335312843 -0.019092559814453125 -0.10223221033811569 -0.011997047811746597 0.9945049285888672
6.343368616216217 -0.18709543347358704 -0.20002415776252747 0.052709538489580154 -0.01312987320125103 -0.09465993940830231 -0.009445357136428356 0.995378315448761
6.393385616216216 -0.17079445719718933 -0.20509536564350128 0.05833441764116287 -0.008846004493534565 -0.084661103785038 -0.008958402089774609 0.9963302612304688
6.443402616216217 -0.15459075570106506 -0.21105681359767914 0.05877095088362694 -0.006455461494624615 -0.07377281785011292 -0.00882627721875906 0.9972151517868042
6.4934208662162165 -0.13793852925300598 -0.21286362409591675 0.06070765480399132 -0.005794271361082792 -0.06438542902469635 -0.009415491484105587 0.9978638887405396
6.543437866216216 -0.12208591401576996 -0.21273215115070343 0.06516814976930618 -0.006973726209253073 -0.054968997836112976 -0.010790764354169369 0.9984054565429688
6.5934548662162165 -0.1082291230559349 -0.20641152560710907 0.06483005732297897 -0.008638006635010242 -0.04691215977072716 -0.012036901898682117 0.9987891912460327
6.643471616216217 -0.08962340652942657 -0.19401735067367554 0.06525096297264099 -0.010137009434401989 -0.03972942754626274 -0.011448970064520836 0.9990935325622559
6.693489616216216 -0.07282218337059021 -0.17925043404102325 0.06737438589334488 -0.012745101936161518 -0.03395216912031174 -0.010807839222252369 0.9992837905883789
6.743506616216216 -0.06363475322723389 -0.16222859919071198 0.06487598270177841 -0.015417365357279778 -0.027955902740359306 -0.011857314966619015 0.9994199872016907
6.793523616216216 -0.05283209681510925 -0.14177462458610535 0.06357435882091522 -0.019422383978962898 -0.02306700125336647 -0.0117244403809309 0.9994765520095825
6.843540616216217 -0.043201714754104614 -0.1160360723733902 0.06301720440387726 -0.023770282045006752 -0.018926577642560005 -0.010606920346617699 0.9994820356369019
6.893557616216216 -0.044251132756471634 -0.09128203243017197 0.07014717161655426 -0.031161239370703697 -0.015480256639420986 -0.00958738848567009 0.999348521232605
6.943575866216216 -0.04221661016345024 -0.06413093954324722 0.0716995969414711 -0.03857768699526787 -0.014476348645985126 -0.009092441760003567 0.9991093873977661
6.993592866216217 -0.04616951942443848 -0.0405668281018734 0.07766662538051605 -0.04638751596212387 -0.012147155590355396 -0.009657409973442554 0.9988030195236206
7.043609866216216 -0.053159382194280624 -0.017138492316007614 0.08496470749378204 -0.05357717350125313 -0.011791534721851349 -0.010409029200673103 0.9984398484230042
7.093626616216216 -0.06221066787838936 0.008196817710995674 0.08890743553638458 -0.058729421347379684 -0.01362483762204647 -0.009882820770144463 0.9981319904327393
7.143644616216216 -0.07090037316083908 0.027629563584923744 0.09803116321563721 -0.06516806781291962 -0.01908048801124096 -0.01091525238007307 0.9976322054862976
7.193661616216216 -0.08860234171152115 0.04154905304312706 0.10260938107967377 -0.07143916189670563 -0.025060879066586494 -0.011255526915192604 0.9970666170120239
7.243678616216216 -0.10351987928152084 0.05257251113653183 0.10499246418476105 -0.0767902359366417 -0.033462654799222946 -0.011826423928141594 0.996415376663208
7.293695616216216 -0.12172412872314453 0.05861647427082062 0.1086319237947464 -0.08210158348083496 -0.04255947098135948 -0.012158515863120556 0.9956406354904175
7.343713866216216 -0.14247584342956543 0.058333784341812134 0.11188022792339325 -0.08688084781169891 -0.05211541801691055 -0.012267794460058212 0.9947789907455444
7.393730866216217 -0.16010503470897675 0.05387834832072258 0.11651689559221268 -0.09055568277835846 -0.06283281743526459 -0.011556361801922321 0.9938400983810425
7.443747866216216 -0.17850203812122345 0.045171383768320084 0.12003520131111145 -0.0933261439204216 -0.07188674807548523 -0.011769353412091732 0.9929673075675964
7.493764616216216 -0.19418491423130035 0.030354736372828484 0.12207646667957306 -0.09539125114679337 -0.07965137809515 -0.011163521558046341 0.9921852350234985
7.543782616216216 -0.21226826310157776 0.012979377992451191 0.12399904429912567 -0.09558962285518646 -0.08496792614459991 -0.011119510978460312 0.991725504398346
7.5937996162162165 -0.2227349728345871 -0.005108306184411049 0.12769241631031036 -0.09277939796447754 -0.0906645879149437 -0.009548728354275227 0.9915043115615845
7.643816616216216 -0.23227061331272125 -0.028935790061950684 0.1278577297925949 -0.08947374671697617 -0.09532085806131363 -0.008497021161019802 0.9913809895515442
7.693833616216216 -0.23673102259635925 -0.05768757313489914 0.1341591477394104 -0.08634860813617706 -0.0991768166422844 -0.006779771763831377 0.9912930727005005
7.743850616216216 -0.24098466336727142 -0.08189915120601654 0.13422255218029022 -0.08081738650798798 -0.10242164134979248 -0.006386104505509138 0.9914321303367615
7.793868866216216 -0.24193623661994934 -0.1073501780629158 0.135465607047081 -0.07462145388126373 -0.10410349816083908 -0.005567001644521952 0.9917475581169128
7.843885866216216 -0.23751214146614075 -0.1303265392780304 0.1395898014307022 -0.06758104264736176 -0.10643395036458969 -0.005286706145852804 0.9920064210891724
7.893902866216216 -0.22861941158771515 -0.1499282270669937 0.1370071917772293 -0.0597369447350502 -0.10798320919275284 -0.006592639721930027 0.9923344850540161
7.943919616216216 -0.21629394590854645 -0.16933169960975647 0.13829684257507324 -0.05300556868314743 -0.1051638126373291 -0.007607873063534498 0.9930121898651123
7.993937616216217 -0.20182809233665466 -0.18298694491386414 0.13904796540737152 -0.04694213718175888 -0.10013648122549057 -0.00988386943936348 0.9938166737556458
8.043954616216217 -0.18662050366401672 -0.19108401238918304 0.13714373111724854 -0.04205690696835518 -0.09203597158193588 -0.011722518131136894 0.9947981238365173
8.093971616216216 -0.1676793098449707 -0.19397592544555664 0.1409679651260376 -0.039244018495082855 -0.08305513858795166 -0.012598817236721516 0.9956923127174377
8.143988616216216 -0.14843057096004486 -0.19349601864814758 0.14347435534000397 -0.03843255713582039 -0.07323411852121353 -0.015367913991212845 0.9964554905891418
8.194006616216216 -0.12624800205230713 -0.1868625283241272 0.14550864696502686 -0.03836972638964653 -0.06435998529195786 -0.015666546300053596 0.9970657825469971
8.244023866216216 -0.11217471957206726 -0.1789838969707489 0.14729160070419312 -0.04085477814078331 -0.05438623204827309 -0.01685382053256035 0.9975414872169495
8.294040866216216 -0.09710076451301575 -0.16932551562786102 0.14468413591384888 -0.04436897486448288 -0.04603361338376999 -0.01836751587688923 0.9977850317955017
8.344057866216216 -0.0802522599697113 -0.15372954308986664 0.14508594572544098 -0.04866454377770424 -0.040635887533426285 -0.018185393884778023 0.9978225231170654
8.394074616216216 -0.07133498042821884 -0.1340736448764801 0.14581947028636932 -0.052643563598394394 -0.035169489681720734 -0.018479222431778908 0.9978228211402893
8.444092616216217 -0.061205122619867325 -0.11281541734933853 0.14402472972869873 -0.05795937031507492 -0.03177889436483383 -0.018008582293987274 0.9976505041122437
8.494109616216216 -0.049921855330467224 -0.09140595048666 0.1433527022600174 -0.0627313181757927 -0.028804518282413483 -0.016964642331004143 0.997470498085022
8.544126616216216 -0.04923330619931221 -0.06689241528511047 0.14505219459533691 -0.06807311624288559 -0.02562352642416954 -0.017002232372760773 0.9972063302993774
8.594143616216217 -0.04942093417048454 -0.04589473828673363 0.1454029530286789 -0.07370440661907196 -0.025135520845651627 -0.016965871676802635 0.9968189597129822
8.644161866216216 -0.0566052682697773 -0.022497937083244324 0.1489342302083969 -0.07839255034923553 -0.027290642261505127 -0.0158071331679821 0.9964236617088318
8.694178866216216 -0.06689520180225372 -0.0030036899261176586 0.15021950006484985 -0.08341889828443527 -0.030705703422427177 -0.016175109893083572 0.9959100484848022
8.744195866216216 -0.07426707446575165 0.01562860608100891 0.14840267598628998 -0.08831619471311569 -0.03622373938560486 -0.01684940978884697 0.9952910542488098
8.794212616216216 -0.09192822873592377 0.027472682297229767 0.1481558084487915 -0.09404388070106506 -0.04164109751582146 -0.018595851957798004 0.9945229887962341
8.844230616216215 -0.10723091661930084 0.03617306798696518 0.1482732594013214 -0.10017900168895721 -0.05059279873967171 -0.01969566009938717 0.9934871196746826
8.894247616216216 -0.12480880320072174 0.03832104057073593 0.1489918828010559 -0.10658532381057739 -0.06184341758489609 -0.02099613845348358 0.9921563863754272
8.944264616216216 -0.1500197947025299 0.033953938633203506 0.14743201434612274 -0.11245626211166382 -0.07261095196008682 -0.021211737766861916 0.99077308177948
8.994281616216217 -0.17241598665714264 0.027318507432937622 0.14807358384132385 -0.1170022115111351 -0.08176181465387344 -0.021854672580957413 0.9895190596580505
9.044299616216216 -0.19082385301589966 0.017639685422182083 0.1467939019203186 -0.11911752820014954 -0.0901944488286972 -0.023222682997584343 0.9885023236274719
9.094316866216216 -0.20556406676769257 0.0015198515029624104 0.14514696598052979 -0.1205083429813385 -0.09809179604053497 -0.022502759471535683 0.9875978231430054
9.144333866216217 -0.22049719095230103 -0.025134246796369553 0.14561790227890015 -0.1215343326330185 -0.10308043658733368 -0.020939065143465996 0.9869982004165649
9.194350866216217 -0.23493050038814545 -0.04439951479434967 0.14451457560062408 -0.11808454245328903 -0.10576435923576355 -0.02135571464896202 0.9871240854263306
9.244367616216216 -0.24442951381206512 -0.0677921250462532 0.14385180175304413 -0.1153484657406807 -0.10808093845844269 -0.019520092755556107 0.9872346520423889
9.294385616216216 -0.25183987617492676 -0.09406384825706482 0.14529888331890106 -0.11286144703626633 -0.10874834656715393 -0.018483808264136314 0.9874687194824219
9.344402616216216 -0.2550150156021118 -0.11941725015640259 0.14491809904575348 -0.11051701009273529 -0.10834405571222305 -0.018133608624339104 0.9877848029136658
9.394419616216217 -0.2615318298339844 -0.14096024632453918 0.1476520448923111 -0.10847273468971252 -0.10522483289241791 -0.019580941647291183 0.9883208274841309
9.444436616216215 -0.2607641816139221 -0.16653645038604736 0.15362994372844696 -0.10791826248168945 -0.10523288697004318 -0.019803903996944427 0.9883762001991272
9.494454616216217 -0.263945609331131 -0.18688955903053284 0.1572638899087906 -0.10651586949825287 -0.102885901927948 -0.0206205565482378 0.9887586832046509
9.544471866216217 -0.2623807489871979 -0.20636926591396332 0.15770411491394043 -0.10477587580680847 -0.10143773257732391 -0.020990168675780296 0.989086389541626
9.594488866216217 -0.25651296973228455 -0.2251163125038147 0.16473524272441864 -0.10359207540750504 -0.09932438284158707 -0.019589602947235107 0.9894542098045349
9.644505866216216 -0.2522129714488983 -0.2414121925830841 0.16749483346939087 -0.10192403197288513 -0.09628953784704208 -0.018723169341683388 0.9899441003799438
9.694523616216216 -0.24554306268692017 -0.25615185499191284 0.16776953637599945 -0.10017109662294388 -0.09491581469774246 -0.016163276508450508 0.990300714969635
9.744540616216216 -0.23544321954250336 -0.2722471058368683 0.17189069092273712 -0.09977559745311737 -0.09491145610809326 -0.013580464757978916 0.9903798699378967
9.794557616216217 -0.22569133341312408 -0.2866917550563812 0.17332249879837036 -0.09942727535963058 -0.09653844684362411 -0.010616484098136425 0.9902938604354858
9.844574616216216 -0.21576787531375885 -0.2980740964412689 0.17335893213748932 -0.09815401583909988 -0.09701040387153625 -0.009319004602730274 0.9903877973556519
9.894591616216216 -0.19897586107254028 -0.3073992431163788 0.1747988611459732 -0.09773620218038559 -0.09725489467382431 -0.006914909929037094 0.9904248118400574
9.944609866216217 -0.1856689453125 -0.3141331076622009 0.1787959337234497 -0.09753834456205368 -0.09744080156087875 -0.006647866684943438 0.9904279112815857
9.994626866216215 -0.17005684971809387 -0.3214760720729828 0.18222154676914215 -0.10016527026891708 -0.09582069516181946 -0.008664057590067387 0.9903082251548767
10.044643866216216 -0.15544570982456207 -0.3228764832019806 0.18584446609020233 -0.10137626528739929 -0.0922614187002182 -0.01018601469695568 0.9905084371566772
10.094660616216217 -0.1437128782272339 -0.32446521520614624 0.18657849729061127 -0.10248308628797531 -0.08685833215713501 -0.012808202765882015 0.9908526539802551
10.144678616216217 -0.13626627624034882 -0.32167020440101624 0.1867690533399582 -0.10383985936641693 -0.08154012262821198 -0.017663395032286644 0.9910885691642761
10.194695616216217 -0.13100680708885193 -0.32077768445014954 0.19353635609149933 -0.10757662355899811 -0.07890862226486206 -0.02202414721250534 0.9908156394958496
10.244712616216216 -0.13260701298713684 -0.313909649848938 0.19154609739780426 -0.1113867461681366 -0.07912321388721466 -0.025509141385555267 0.9902938604354858
10.294729616216216 -0.13388071954250336 -0.3130406141281128 0.19754570722579956 -0.11801400780677795 -0.08140309154987335 -0.02695518732070923 0.9893026351928711
10.344747616216216 -0.1387687772512436 -0.30974507331848145 0.2051619291305542 -0.12399666756391525 -0.08414289355278015 -0.025017840787768364 0.9883920550346375
10.394764866216216 -0.1486165076494217 -0.3095691204071045 0.20736724138259888 -0.13005095720291138 -0.08580701798200607 -0.025247180834412575 0.9874647259712219
10.444781866216216 -0.15878869593143463 -0.3120238184928894 0.21065133810043335 -0.13468000292778015 -0.08761755377054214 -0.024513596668839455 0.9867034554481506
10.494798866216216 -0.16930824518203735 -0.3170473873615265 0.217996746301651 -0.1391109675168991 -0.09012514352798462 -0.02309712953865528 0.985896646976471
10.544816616216217 -0.1760430634021759 -0.322938472032547 0.2251417338848114 -0.14177170395851135 -0.09397613257169724 -0.02243773452937603 0.9851729869842529
10.594833616216217 -0.18476222455501556 -0.328623503446579 0.2306530773639679 -0.14267972111701965 -0.09908425807952881 -0.019932247698307037 0.9845951795578003
10.644850616216216 -0.19395209848880768 -0.3382713496685028 0.23172156512737274 -0.14226141571998596 -0.10200358927249908 -0.01689138263463974 0.9844143986701965
10.694867616216216 -0.19887876510620117 -0.3471672534942627 0.23992572724819183 -0.1412796527147293 -0.1063411757349968 -0.014325451105833054 0.9841374158859253
10.744884616216217 -0.20028896629810333 -0.35606640577316284 0.24364082515239716 -0.13899321854114532 -0.10985447466373444 -0.01134966779500246 0.9841159582138062
10.794902616216216 -0.2014678418636322 -0.3653450906276703 0.24932709336280823 -0.13638484477996826 -0.10972507297992706 -0.007754034828394651 0.9845300912857056
10.844919866216216 -0.20293645560741425 -0.37607213854789734 0.2545393407344818 -0.13483871519565582 -0.1077352836728096 -0.005334028042852879 0.9849788546562195
10.894936866216216 -0.19309751689434052 -0.3855266273021698 0.26129746437072754 -0.13478687405586243 -0.10864793509244919 -0.002119156764820218 0.984897792339325
10.944953866216217 -0.18720246851444244 -0.39707353711128235 0.2662091553211212 -0.13568583130836487 -0.1054479256272316 0.0004131210735067725 0.9851243495941162
10.994971616216215 -0.1743866205215454 -0.40304282307624817 0.27371281385421753 -0.13639119267463684 -0.10222683846950531 0.0015505331102758646 0.9853652715682983
11.044988616216216 -0.16553975641727448 -0.4096822440624237 0.27949628233909607 -0.1378021538257599 -0.09782059490680695 0.002485811710357666 0.9856143593788147
11.095005616216216 -0.15449708700180054 -0.41390711069107056 0.28655049204826355 -0.13900326192378998 -0.09285040944814682 0.003533566603437066 0.985923171043396
11.145022616216217 -0.14104962348937988 -0.41899141669273376 0.28957799077033997 -0.14064019918441772 -0.08657365292310715 0.003472782438620925 0.986262321472168
11.195040616216216 -0.12688438594341278 -0.42246127128601074 0.29402831196784973 -0.14298175275325775 -0.07892796397209167 0.003792166942730546 0.9865659475326538
11.245057866216216 -0.11334162205457687 -0.4241875410079956 0.29611751437187195 -0.14406225085258484 -0.07217127084732056 0.004908803850412369 0.9869211912155151
11.295074866216217 -0.0938400849699974 -0.4241672158241272 0.2956734299659729 -0.14449572563171387 -0.06647974997758865 0.00680067203938961 0.9872462749481201
11.345091866216217 -0.07868792861700058 -0.4227004051208496 0.2948763370513916 -0.14385686814785004 -0.05921006202697754 0.009651786647737026 0.9877784848213196
11.395108616216216 -0.06435353308916092 -0.42277926206588745 0.2913050055503845 -0.14416572451591492 -0.05178273469209671 0.013171377591788769 0.9881100058555603
11.445126616216216 -0.05077322572469711 -0.41890352964401245 0.286697119474411 -0.14412295818328857 -0.04482518136501312 0.016457127407193184 0.9884070754051208
11.495143616216216 -0.03938812389969826 -0.41834020614624023 0.2814943194389343 -0.14576968550682068 -0.03802049905061722 0.020261893048882484 0.9883800745010376
11.545160616216217 -0.030748385936021805 -0.41336557269096375 0.27376148104667664 -0.1464802622795105 -0.03089146502315998 0.024496378377079964 0.9884276390075684
11.595177616216215 -0.029687469825148582 -0.40646809339523315 0.26937246322631836 -0.14748017489910126 -0.023820674046874046 0.02649143524467945 0.988423228263855
11.645195616216217 -0.02975349687039852 -0.4039299488067627 0.26144370436668396 -0.1484796404838562 -0.02075147069990635 0.028511881828308105 0.988286554813385
11.695212866216217 -0.03470437228679657 -0.39428114891052246 0.25878944993019104 -0.14713293313980103 -0.019365133717656136 0.029647236689925194 0.9884827136993408
11.745229866216217 -0.03820212930440903 -0.39141544699668884 0.26017361879348755 -0.14653471112251282 -0.024728642776608467 0.02934349700808525 0.9884609580039978
11.795246866216216 -0.04996877163648605 -0.3885052800178528 0.2528989613056183 -0.14505931735038757 -0.029634617269039154 0.02771928906440735 0.9885905981063843
11.845264616216216 -0.06521932780742645 -0.3872489035129547 0.24993565678596497 -0.1446637213230133 -0.034897301346063614 0.02568974904716015 0.9885315895080566
11.895281616216216 -0.0823313370347023 -0.3891076445579529 0.245879665017128 -0.14525945484638214 -0.042566120624542236 0.022984934970736504 0.9882102608680725
11.945298616216217 -0.10156268626451492 -0.3943727910518646 0.2451145201921463 -0.14785537123680115 -0.0522257499396801 0.020222600549459457 0.9874220490455627
11.995315616216216 -0.1155908927321434 -0.40062394738197327 0.25005948543548584 -0.15128934383392334 -0.06154480203986168 0.01933109387755394 0.9863823652267456
12.045333616216217 -0.1324315071105957 -0.4069386422634125 0.2546537220478058 -0.15489421784877777 -0.0692136138677597 0.017887812107801437 0.9853412508964539
12.095350616216216 -0.14215336740016937 -0.41527992486953735 0.25810593366622925 -0.15808787941932678 -0.076484315097332 0.01806601695716381 0.9842926859855652
12.145367866216215 -0.15483123064041138 -0.42284128069877625 0.26996663212776184 -0.16132044792175293 -0.07962571084499359 0.017068032175302505 0.9835366010665894
12.195384866216216 -0.15971380472183228 -0.4315195083618164 0.27935072779655457 -0.1632014811038971 -0.083128921687603 0.01858833245933056 0.9829086065292358
12.245401866216216 -0.16626979410648346 -0.4416378140449524 0.2851802110671997 -0.16357892751693726 -0.08598408102989197 0.017388898879289627 0.9826221466064453
12.295419616216217 -0.16348081827163696 -0.45356905460357666 0.2948562800884247 -0.16427935659885406 -0.08907818794250488 0.017607884481549263 0.9822257161140442
12.345436616216217 -0.16216786205768585 -0.4599796235561371 0.3025468587875366 -0.1625545173883438 -0.0901615172624588 0.01761612854897976 0.9824137091636658
12.395453616216216 -0.16020852327346802 -0.4701988399028778 0.3108535706996918 -0.16258180141448975 -0.0912531316280365 0.015500729903578758 0.9823440313339233
12.445470616216216 -0.1533164232969284 -0.4754970073699951 0.3223075270652771 -0.16182231903076172 -0.09162162989377975 0.0132779311388731 0.9824676513671875
12.495488616216216 -0.14939039945602417 -0.48203960061073303 0.32697880268096924 -0.1612926423549652 -0.08992990851402283 0.012537364847958088 0.9827208518981934
12.545505866216216 -0.13399162888526917 -0.48605212569236755 0.3381015658378601 -0.16183768212795258 -0.0898246020078659 0.01016289833933115 0.9826682209968567
12.595522866216216 -0.12569020688533783 -0.49228984117507935 0.34160685539245605 -0.1625172197818756 -0.08654088526964188 0.00894846674054861 0.9828625917434692
12.645539866216216 -0.11100994050502777 -0.49520373344421387 0.3543547987937927 -0.16389581561088562 -0.08472654223442078 0.008734985254704952 0.9827936291694641
12.695557616216217 -0.09913641214370728 -0.4968637228012085 0.3627212941646576 -0.16459102928638458 -0.0824291855096817 0.007384396158158779 0.982883870601654
12.745574616216217 -0.08834991604089737 -0.5002577304840088 0.36612701416015625 -0.16637103259563446 -0.07875373214483261 0.007072026375681162 0.982887864112854
12.795591616216216 -0.07779420912265778 -0.5035602450370789 0.3698922395706177 -0.16848048567771912 -0.07382284104824066 0.006852628663182259 0.9829128384590149
12.845608616216216 -0.06750845164060593 -0.5027018785476685 0.37560945749282837 -0.170311838388443 -0.06953493505716324 0.007763799279928207 0.9829031229019165
12.895626616216216 -0.057545069605112076 -0.5005039572715759 0.3763953447341919 -0.17119036614894867 -0.06641748547554016 0.007194021251052618 0.9829704761505127
12.945643616216216 -0.04753374308347702 -0.4990331828594208 0.37454456090927124 -0.17186881601810455 -0.062439464032649994 0.00954898726195097 0.983092725276947
12.995660866216216 -0.041190966963768005 -0.49748706817626953 0.3687511086463928 -0.17190834879875183 -0.058609068393707275 0.010204514488577843 0.9833149909973145
13.045677866216217 -0.033587899059057236 -0.4937232434749603 0.35939404368400574 -0.17092591524124146 -0.056142207235097885 0.011343435384333134 0.9836176633834839
13.095694866216217 -0.02296750247478485 -0.48545944690704346 0.35213062167167664 -0.1696784496307373 -0.0566120408475399 0.013003694824874401 0.9837862253189087
13.145712616216215 -0.026011664420366287 -0.4811462163925171 0.3411392569541931 -0.16872860491275787 -0.05383870378136635 0.012288795784115791 0.9841143488883972
13.195729616216216 -0.02419031411409378 -0.47135892510414124 0.33406442403793335 -0.1678917407989502 -0.05133511498570442 0.012953869998455048 0.9843827486038208
13.245746616216216 -0.023005468770861626 -0.4662129580974579 0.31695687770843506 -0.16605021059513092 -0.04884281009435654 0.012411029078066349 0.984828770160675
13.295763616216217 -0.025013059377670288 -0.45907339453697205 0.303350567817688 -0.16403046250343323 -0.04448525235056877 0.014159929938614368 0.9853500127792358
13.345781616216216 -0.025155089795589447 -0.4533764719963074 0.29406413435935974 -0.16247117519378662 -0.04258156195282936 0.01277898158878088 0.9857112765312195
13.395798616216217 -0.02660510316491127 -0.45171457529067993 0.2858803868293762 -0.16238780319690704 -0.037949927151203156 0.014201462268829346 0.9858946800231934
13.445815866216217 -0.03548252582550049 -0.4385563135147095 0.2617649435997009 -0.1572062224149704 -0.034412529319524765 0.012750578112900257 0.9868836998939514
13.495832866216217 -0.04162730649113655 -0.4328420162200928 0.25343790650367737 -0.15583506226539612 -0.03414791822433472 0.012311048805713654 0.9871159195899963
13.545850616216216 -0.05687614157795906 -0.42993074655532837 0.249985933303833 -0.15501189231872559 -0.03141097351908684 0.014858073554933071 0.9873014092445374
13.595867616216216 -0.0719246119260788 -0.42894747853279114 0.24156832695007324 -0.15451626479625702 -0.029361184686422348 0.014558685943484306 0.9874466061592102
13.645884616216216 -0.07803186774253845 -0.4307521879673004 0.2416539490222931 -0.15654750168323517 -0.02998754382133484 0.01649819128215313 0.9870772361755371
13.695901616216217 -0.08357822895050049 -0.4353629946708679 0.24133901298046112 -0.1588781327009201 -0.03438127040863037 0.01493750885128975 0.9865863919258118
13.745918616216215 -0.1013452559709549 -0.4442487955093384 0.23892812430858612 -0.1617245227098465 -0.03366762399673462 0.014503935351967812 0.9861548542976379
13.795936616216217 -0.11117017269134521 -0.4499809741973877 0.2412472516298294 -0.16442245244979858 -0.038673125207424164 0.014747043140232563 0.9855212569236755
13.845953866216217 -0.11754423379898071 -0.45532312989234924 0.24804306030273438 -0.1671013981103897 -0.047558486461639404 0.013936980627477169 0.9846934080123901
13.895970866216215 -0.1242169514298439 -0.4583170711994171 0.25610947608947754 -0.16743892431259155 -0.05661766231060028 0.011565640568733215 0.9841874837875366
13.945987866216216 -0.134218230843544 -0.46494051814079285 0.26366478204727173 -0.1677244007587433 -0.0633750706911087 0.007718217559158802 0.9837645292282104
13.996005616216216 -0.1397869735956192 -0.472008615732193 0.27450984716415405 -0.1677006036043167 -0.06787493824958801 0.004650934133678675 0.983487606048584
14.046022616216217 -0.1457073986530304 -0.4820418059825897 0.28520041704177856 -0.16678494215011597 -0.06935351341962814 0.00027682955260388553 0.9835511445999146
14.096039616216217 -0.13876472413539886 -0.49365225434303284 0.2975480258464813 -0.16552051901817322 -0.0705498680472374 -0.000696381030138582 0.9836794137954712
14.146056616216216 -0.13307306170463562 -0.5025807619094849 0.30921798944473267 -0.16245430707931519 -0.07136482000350952 -0.0021300504449754953 0.9841296076774597
14.196074616216217 -0.1261201798915863 -0.5137149095535278 0.31827688217163086 -0.15891358256340027 -0.0711754634976387 -0.0033114785328507423 0.9847180247306824
14.246091616216216 -0.11515972018241882 -0.5234148502349854 0.32635390758514404 -0.155945286154747 -0.07107427716255188 -0.0023859823122620583 0.9852024912834167
14.296108866216215 -0.10580532997846603 -0.5289703607559204 0.3318100571632385 -0.15243548154830933 -0.0682549849152565 -0.003130487399175763 0.9859488010406494
14.346125866216216 -0.08976490795612335 -0.5359386205673218 0.3356849253177643 -0.14899209141731262 -0.06528677046298981 -0.004140515811741352 0.9866721630096436
14.396142866216216 -0.07152903079986572 -0.5396663546562195 0.3396327793598175 -0.14547623693943024 -0.0595162995159626 -0.004335654433816671 0.987560510635376
14.446160616216217 -0.05580506473779678 -0.544009268283844 0.34419578313827515 -0.14299282431602478 -0.05181281268596649 -0.004229188431054354 0.9883576035499573
14.496177616216217 -0.035540949553251266 -0.546345591545105 0.34742891788482666 -0.14147312939167023 -0.04597204551100731 -0.003447654191404581 0.9888681173324585
14.546194616216216 -0.01731771044433117 -0.5489174723625183 0.34855547547340393 -0.1407540738582611 -0.04104781523346901 -0.001417509512975812 0.9891923069953918
14.596211616216216 -0.0010037529282271862 -0.5482374429702759 0.348020076751709 -0.14047937095165253 -0.03629679977893829 0.00023031076125334948 0.9894180297851562
14.646229616216216 0.017085181549191475 -0.5507583618164062 0.3437091112136841 -0.14124485850334167 -0.031204087659716606 0.002111920854076743 0.9894805550575256
14.696246616216216 0.03436858952045441 -0.5481007695198059 0.3377975523471832 -0.14110350608825684 -0.024753907695412636 0.004946111235767603 0.9896730184555054
14.746263866216216 0.04783692583441734 -0.5422747731208801 0.3297487795352936 -0.14005589485168457 -0.01826738379895687 0.007779843173921108 0.989944577217102
14.796280866216216 0.06053093075752258 -0.5364538431167603 0.32398441433906555 -0.14000292122364044 -0.01272790227085352 0.01085517555475235 0.9900097846984863
14.846298616216217 0.0680139884352684 -0.5281322598457336 0.30971845984458923 -0.13828830420970917 -0.007176835089921951 0.01446476485580206 0.9902604222297668
14.896315616216215 0.07414722442626953 -0.5102865695953369 0.2990909218788147 -0.1352628469467163 -0.0023360399063676596 0.016860557720065117 0.9906635880470276
14.946332616216216 0.07773834466934204 -0.501217782497406 0.28899237513542175 -0.1339063197374344 0.001663983566686511 0.01846381649374962 0.990820586681366
14.996349616216216 0.07991193234920502 -0.4993264377117157 0.2698184847831726 -0.13488242030143738 -0.001224450534209609 0.018719574436545372 0.9906840324401855
15.046367616216216 0.06698878109455109 -0.4878506660461426 0.25905030965805054 -0.13310112059116364 -0.0010407994268462062 0.018650129437446594 0.9909265041351318
15.096384616216216 0.055241502821445465 -0.47276100516319275 0.2579308748245239 -0.13139711320400238 -0.0024484647437930107 0.0187444556504488 0.9911496043205261
15.146401866216216 0.03512498736381531 -0.46937426924705505 0.249367818236351 -0.1311011165380478 -0.004863395821303129 0.01597469300031662 0.9912284016609192
15.196418866216217 0.02441595122218132 -0.4648596942424774 0.24263498187065125 -0.12998154759407043 -0.011527731083333492 0.014040137641131878 0.9913500547409058
15.246435866216217 0.004528546705842018 -0.4602937698364258 0.24119932949543 -0.129873126745224 -0.015488195233047009 0.011306066997349262 0.9913451671600342
15.296453616216215 -0.01714782603085041 -0.4626433849334717 0.240889310836792 -0.13104064762592316 -0.020546061918139458 0.0075521268881857395 0.9911353588104248
15.346470616216216 -0.03678332269191742 -0.46789810061454773 0.24361681938171387 -0.13360871374607086 -0.027388887479901314 0.0046002063900232315 0.9906449913978577
15.396487616216216 -0.05616608262062073 -0.4718824625015259 0.24636805057525635 -0.135048046708107 -0.03464994952082634 0.002292391611263156 0.9902303814888
15.446504616216217 -0.0755993127822876 -0.4802384674549103 0.24896669387817383 -0.1373022496700287 -0.04165445268154144 -0.0001252497750101611 0.9896529912948608
15.496522616216216 -0.09045309573411942 -0.4896996021270752 0.25654709339141846 -0.13923080265522003 -0.050034333020448685 -0.0012269709259271622 0.9889943599700928
15.546539616216217 -0.10591268539428711 -0.5021690130233765 0.2662307024002075 -0.141048863530159 -0.057262398302555084 -0.0025917785242199898 0.9883418679237366
15.596556866216217 -0.11223134398460388 -0.5144990682601929 0.2793731391429901 -0.14174878597259521 -0.06613671034574509 -0.0023865827824920416 0.9876879453659058
15.646573866216217 -0.11809661239385605 -0.5267481803894043 0.2914782166481018 -0.1407098025083542 -0.07308830320835114 -0.001554449088871479 0.987348198890686
15.696591616216216 -0.11587453633546829 -0.5358176231384277 0.3049919307231903 -0.13825739920139313 -0.07784608006477356 -0.0002187578211305663 0.9873322248458862
15.746608616216216 -0.12057116627693176 -0.5491195917129517 0.3174646496772766 -0.13529133796691895 -0.07920774072408676 0.003329481463879347 0.9876291751861572
15.796625616216216 -0.11414305865764618 -0.5596520900726318 0.32581931352615356 -0.13023826479911804 -0.08141598850488663 0.006049980875104666 0.9881158471107483
15.846642616216217 -0.1053551658987999 -0.5689646005630493 0.3268830478191376 -0.12331674247980118 -0.08211313933134079 0.008217839524149895 0.9889302253723145
15.896659616216215 -0.09503822773694992 -0.5751502513885498 0.3280355930328369 -0.11505486071109772 -0.08210732042789459 0.009236297570168972 0.989916980266571
15.946677616216217 -0.08066537231206894 -0.5790081024169922 0.3268652856349945 -0.10586170852184296 -0.08067823946475983 0.01118419598788023 0.9910394549369812
15.996694616216216 -0.06311321258544922 -0.5804266333580017 0.323763370513916 -0.0968555137515068 -0.08018363267183304 0.01230916753411293 0.9919869303703308
16.046711866216217 -0.049547500908374786 -0.5793859958648682 0.31709450483322144 -0.08772815018892288 -0.07945750653743744 0.014099854975938797 0.9928703308105469
16.096728866216218 -0.0377824530005455 -0.5749943256378174 0.30464988946914673 -0.07784426212310791 -0.0800120085477829 0.015277826227247715 0.9936321973800659
16.146746616216216 -0.02468857355415821 -0.5651359558105469 0.29642626643180847 -0.07032912224531174 -0.08131128549575806 0.01657974161207676 0.9940661191940308
16.196763616216217 -0.016437629237771034 -0.5573233962059021 0.28651779890060425 -0.06522738188505173 -0.08198602497577667 0.016524795442819595 0.9943594336509705
16.246780616216217 -0.0030770422890782356 -0.5451939105987549 0.28081586956977844 -0.06269313395023346 -0.08229398727416992 0.017549119889736176 0.9944794178009033
16.296797616216217 0.003386455588042736 -0.5295208692550659 0.28227436542510986 -0.06238000467419624 -0.08164156973361969 0.016099484637379646 0.9945774078369141
16.346815616216215 0.013980351388454437 -0.5093887448310852 0.2799297273159027 -0.06217356026172638 -0.08499380201101303 0.01676301099359989 0.99429851770401
16.396832616216216 0.01690858229994774 -0.4902079701423645 0.27150461077690125 -0.06304896622896194 -0.0887172669172287 0.015753375366330147 0.9939346313476562
16.446849866216215 0.02265307307243347 -0.47274893522262573 0.2605587840080261 -0.06465508043766022 -0.09524764865636826 0.0154714435338974 0.9932312369346619
16.496866866216216 0.02365146204829216 -0.4522630274295807 0.2516644299030304 -0.0645056888461113 -0.10119997709989548 0.012676259502768517 0.9926918148994446
16.546884616216218 0.028166495263576508 -0.4327649176120758 0.2440352588891983 -0.061873409897089005 -0.1094207689166069 0.009464703500270844 0.9920228123664856
16.596901616216215 0.03204073756933212 -0.41281530261039734 0.23185084760189056 -0.05873478949069977 -0.11979671567678452 0.0035144039429724216 0.9910532832145691
16.646918616216215 0.030315708369016647 -0.39242997765541077 0.218685582280159 -0.05363699421286583 -0.12706007063388824 -0.004227879457175732 0.9904347062110901
16.696935616216216 0.03366927057504654 -0.3712548315525055 0.20453134179115295 -0.046933043748140335 -0.13617388904094696 -0.01376396231353283 0.9894769191741943
16.746952616216216 0.032813601195812225 -0.35309457778930664 0.18859294056892395 -0.04120192676782608 -0.1474287509918213 -0.024363355711102486 0.9879137277603149
16.796970616216218 0.034050725400447845 -0.3302885591983795 0.17402368783950806 -0.03366704657673836 -0.16195718944072723 -0.0353977344930172 0.9855878949165344
16.846987616216218 0.02963884547352791 -0.3072965443134308 0.1588881015777588 -0.026882803067564964 -0.17870882153511047 -0.0477566234767437 0.9823745489120483
16.897004866216218 0.028252435848116875 -0.2887994945049286 0.14686840772628784 -0.02250942401587963 -0.19579587876796722 -0.0586572103202343 0.978630006313324
16.947021866216215 0.02854745090007782 -0.27038589119911194 0.1341370791196823 -0.018989475443959236 -0.21185347437858582 -0.06798620522022247 0.9747489094734192
16.997039616216217 0.02533642202615738 -0.2539789378643036 0.116134874522686 -0.016296837478876114 -0.22708693146705627 -0.07615134119987488 0.9707558751106262
17.047056616216217 0.029305629432201385 -0.2425360530614853 0.11360513418912888 -0.01605980098247528 -0.24349407851696014 -0.08161265403032303 0.9663292169570923
17.097073616216218 0.03101879172027111 -0.23538784682750702 0.1083257719874382 -0.016558129340410233 -0.25545626878738403 -0.08311130106449127 0.963099479675293
17.147090616216218 0.034751132130622864 -0.2367112934589386 0.11040572822093964 -0.019612712785601616 -0.2621811330318451 -0.08262582868337631 0.9612749218940735
17.197108616216216 0.03662040829658508 -0.2408720999956131 0.09261128306388855 -0.021841930225491524 -0.25939038395881653 -0.07823585718870163 0.962350606918335
17.247125616216216 0.04592777043581009 -0.24514985084533691 0.09414571523666382 -0.02042536996304989 -0.2550613582134247 -0.0780627653002739 0.9635521769523621
17.297142616216217 0.05591132864356041 -0.2537290155887604 0.09708929806947708 -0.01908322609961033 -0.2473832070827484 -0.07539516687393188 0.9657914042472839
17.347159866216217 0.0638602077960968 -0.26110705733299255 0.09526461362838745 -0.015089600346982479 -0.2379816174507141 -0.07515305280685425 0.9682402610778809
17.397176866216217 0.07330232113599777 -0.26653796434402466 0.09846249967813492 -0.009814505465328693 -0.23092149198055267 -0.0769747942686081 0.9698731303215027
17.447194616216215 0.07904418557882309 -0.2700882852077484 0.10015960782766342 -0.005282792262732983 -0.22472311556339264 -0.0805620476603508 0.9710723161697388
17.497211616216216 0.08950013667345047 -0.279019832611084 0.10367970913648605 -0.0033099427819252014 -0.21928168833255768 -0.08080322295427322 0.9723042249679565
17.547228616216216 0.0972711369395256 -0.2816152274608612 0.10622680187225342 -0.0004994753981009126 -0.2122916728258133 -0.08286463469266891 0.9736865758895874
17.597245616216217 0.1109173595905304 -0.2860044538974762 0.11183606833219528 0.0029825603123754263 -0.20299939811229706 -0.08367916196584702 0.9755922555923462
17.647263616216215 0.12713035941123962 -0.2847725450992584 0.11721447110176086 0.007905176840722561 -0.19526664912700653 -0.08341696113348007 0.9771643280982971
17.697280616216215 0.14454931020736694 -0.27999967336654663 0.11888421326875687 0.01152945775538683 -0.19108009338378906 -0.08028165996074677 0.9782179594039917
17.747297866216215 0.1637715995311737 -0.27324581146240234 0.12515905499458313 0.013227892108261585 -0.19018810987472534 -0.07448109239339828 0.9788289666175842
17.797314866216215 0.17708365619182587 -0.2564350962638855 0.13383536040782928 0.0158846452832222 -0.18688634037971497 -0.07209507375955582 0.9796037673950195
17.847332616216217 0.1932140439748764 -0.23473887145519257 0.14332139492034912 0.0166577510535717 -0.1820332556962967 -0.07035187631845474 0.9806309342384338
17.897349616216218 0.2017877697944641 -0.20586185157299042 0.1508716493844986 0.015965107828378677 -0.17817531526088715 -0.07028563320636749 0.9813554883003235
17.947366616216215 0.2182895690202713 -0.181772381067276 0.16011165082454681 0.011945373378694057 -0.18215052783489227 -0.07048408687114716 0.9806684255599976
17.997383616216215 0.22191275656223297 -0.15755526721477509 0.16697056591510773 0.007982817478477955 -0.18540585041046143 -0.07313783466815948 0.9799039959907532
18.047401616216217 0.23079204559326172 -0.13068123161792755 0.1768248826265335 0.0033302749507129192 -0.19076457619667053 -0.07516039162874222 0.9787485599517822
18.097418616216217 0.23328913748264313 -0.10894419252872467 0.17910949885845184 -0.0005523322033695877 -0.19574664533138275 -0.07579904049634933 0.9777205586433411
18.147435616216217 0.23509615659713745 -0.09119894355535507 0.18232598900794983 -0.003572572022676468 -0.20128999650478363 -0.07584067434072495 0.9765847325325012
18.197452866216217 0.23606547713279724 -0.07566231489181519 0.18247467279434204 -0.004937923513352871 -0.20571067929267883 -0.07472336292266846 0.9757434725761414
18.247469866216218 0.2332702875137329 -0.06625678390264511 0.1816672831773758 -0.0069178007543087006 -0.20808927714824677 -0.0734063908457756 0.9753268957138062
18.297487616216216 0.22944656014442444 -0.06899777799844742 0.18398860096931458 -0.007938838563859463 -0.2113695591688156 -0.07229464501142502 0.9746966361999512
18.347504616216217 0.23247867822647095 -0.07491801679134369 0.18372617661952972 -0.008846888318657875 -0.21874748170375824 -0.0699109435081482 0.9732336401939392
18.397521616216217 0.22572243213653564 -0.08245585113763809 0.1709812432527542 -0.007026496808975935 -0.2231573909521103 -0.06934241205453873 0.9722875952720642
18.447538616216217 0.22038789093494415 -0.0987183153629303 0.16615606844425201 -0.006866782438009977 -0.2248392105102539 -0.06990570574998856 0.9718608260154724
18.497556616216215 0.21893203258514404 -0.11202703416347504 0.15756043791770935 -0.002605640795081854 -0.22436004877090454 -0.06914898008108139 0.972046434879303
18.547573616216216 0.21808210015296936 -0.13301323354244232 0.15236613154411316 0.0005826112465001643 -0.22762757539749146 -0.07010307908058167 0.9712213277816772
18.597590616216216 0.2229064702987671 -0.1506456732749939 0.14206144213676453 0.006472890265285969 -0.23198066651821136 -0.06869500130414963 0.9702700972557068
18.647607866216216 0.22790512442588806 -0.1698555201292038 0.13578788936138153 0.012556400150060654 -0.23607003688812256 -0.06858225911855698 0.9692315459251404
18.697625866216217 0.2331331968307495 -0.185256689786911 0.12656262516975403 0.018897555768489838 -0.2389940321445465 -0.06982365250587463 0.9683229923248291
18.747642616216215 0.2432391494512558 -0.19861191511154175 0.11531183868646622 0.026400374248623848 -0.23876333236694336 -0.06901330500841141 0.9682625532150269
18.797659616216215 0.26139935851097107 -0.21039213240146637 0.11236581206321716 0.03305009752511978 -0.23816990852355957 -0.07014825940132141 0.9681230187416077
18.847676616216216 0.2834476828575134 -0.214520663022995 0.11420981585979462 0.040066078305244446 -0.23293334245681763 -0.07081720978021622 0.9690829515457153
18.897693616216216 0.30225780606269836 -0.21182475984096527 0.11616791784763336 0.04598900303244591 -0.2226906716823578 -0.07201199978590012 0.9711375832557678
18.947711616216218 0.3194175362586975 -0.21090258657932281 0.1246040090918541 0.04810236766934395 -0.2127368450164795 -0.0741967111825943 0.9731002449989319
18.997728616216218 0.3388071060180664 -0.20436787605285645 0.14374412596225739 0.047684282064437866 -0.20637314021587372 -0.07576363533735275 0.9743697047233582
19.047745866216218 0.35279709100723267 -0.19864694774150848 0.1565861999988556 0.04201817512512207 -0.2025727778673172 -0.07870592176914215 0.9751943945884705
19.097762866216215 0.3671726882457733 -0.18539543449878693 0.1693931370973587 0.03414684906601906 -0.19965612888336182 -0.0817134827375412 0.9758557677268982
19.147780616216217 0.3781173825263977 -0.17553246021270752 0.1855817586183548 0.022649690508842468 -0.19605979323387146 -0.08543512225151062 0.9766004681587219
19.197797616216217 0.3855838477611542 -0.15689492225646973 0.20239728689193726 0.01225004531443119 -0.19364124536514282 -0.08835096657276154 0.9770093560218811
19.247814616216218 0.38789063692092896 -0.13796818256378174 0.21855124831199646 0.002363459439948201 -0.19401469826698303 -0.09330715239048004 0.9765482544898987
19.297831616216218 0.3889123201370239 -0.11629027873277664 0.23207490146160126 -0.007215746212750673 -0.19731585681438446 -0.09742044657468796 0.9754607677459717
19.347849616216216 0.3877895474433899 -0.09409625828266144 0.23936843872070312 -0.01621818356215954 -0.2044099122285843 -0.10051331669092178 0.9735762476921082
19.397866616216216 0.38083314895629883 -0.07229162752628326 0.2506467401981354 -0.026083694770932198 -0.21255606412887573 -0.10342536866664886 0.9713097810745239
19.447883616216217 0.375328004360199 -0.05106324702501297 0.2565207779407501 -0.03762703761458397 -0.22193852066993713 -0.10452833026647568 0.9687111973762512
19.497900866216217 0.3669198453426361 -0.03211526572704315 0.26494574546813965 -0.050554536283016205 -0.2322293519973755 -0.10550659894943237 0.9655994176864624
19.547918866216218 0.35535040497779846 -0.014235308393836021 0.2699180245399475 -0.06349563598632812 -0.2423955202102661 -0.10652283579111099 0.9622191190719604
19.597935616216215 0.342447429895401 -0.0021430179476737976 0.2727696895599365 -0.07491711527109146 -0.25351765751838684 -0.10834753513336182 0.9583199620246887
19.647952616216216 0.3307526111602783 0.0036617275327444077 0.27564847469329834 -0.08445795625448227 -0.2666080892086029 -0.10994565486907959 0.9537813663482666
19.697969616216216 0.32026219367980957 0.005001159384846687 0.27056124806404114 -0.0901341512799263 -0.2801465690135956 -0.11136176437139511 0.9492061734199524
19.747986616216217 0.31105151772499084 6.380677223205566e-05 0.261289119720459 -0.09257475286722183 -0.2923073470592499 -0.11338932812213898 0.9450551867485046
19.798004616216215 0.30518436431884766 -0.016148539260029793 0.2511555254459381 -0.09351959824562073 -0.3030349612236023 -0.11435508728027344 0.9414600133895874
19.848021616216215 0.30178025364875793 -0.034879934042692184 0.238649383187294 -0.09135183691978455 -0.31192710995674133 -0.11407768726348877 0.9387985467910767
19.898038616216216 0.3021600842475891 -0.05204164981842041 0.22444385290145874 -0.08442017436027527 -0.3198581337928772 -0.11453654617071152 0.9367205500602722
19.948055866216215 0.3041810691356659 -0.07401496171951294 0.21474073827266693 -0.0778302252292633 -0.3261786997318268 -0.1150812953710556 0.935043454170227
19.998073866216217 0.3135443925857544 -0.0965152382850647 0.20153658092021942 -0.07046542316675186 -0.3301171362400055 -0.112431600689888 0.9345675706863403
20.048090616216218 0.32967740297317505 -0.12688221037387848 0.2008468210697174 -0.06634839624166489 -0.33191001415252686 -0.10949365794658661 0.9345827102661133
20.098107616216215 0.34617701172828674 -0.14789065718650818 0.19683024287223816 -0.060419563204050064 -0.32759860157966614 -0.10632625967264175 0.9368689656257629
20.148124616216215 0.36704933643341064 -0.1704886108636856 0.19419775903224945 -0.05669257789850235 -0.3216712176799774 -0.10263097286224365 0.9395639896392822
20.198142616216217 0.38728660345077515 -0.18798819184303284 0.1949036568403244 -0.05321316048502922 -0.3160526156425476 -0.10115387290716171 0.9418317675590515
20.248159616216217 0.40836426615715027 -0.20481285452842712 0.1920388638973236 -0.05124232545495033 -0.3091083765029907 -0.0993160679936409 0.9444377422332764
20.298176616216217 0.43180540204048157 -0.21780362725257874 0.19428056478500366 -0.050416622310876846 -0.3011004328727722 -0.09658730775117874 0.9473477005958557
20.348193866216217 0.45665934681892395 -0.22408881783485413 0.20227791368961334 -0.048780083656311035 -0.2913576662540436 -0.09529789537191391 0.9506048560142517
20.398210866216218 0.47945261001586914 -0.22363609075546265 0.21141092479228973 -0.04783034324645996 -0.27922001481056213 -0.09482679516077042 0.9543355107307434
20.448228616216216 0.5021230578422546 -0.21676667034626007 0.22205223143100739 -0.046446215361356735 -0.26847150921821594 -0.09535550326108932 0.9574304819107056
20.498245616216217 0.5250129103660583 -0.20446716248989105 0.23221701383590698 -0.04674115404486656 -0.259229451417923 -0.09538456797599792 0.9599568843841553
20.548262616216217 0.5406231880187988 -0.18761101365089417 0.23515208065509796 -0.04739677533507347 -0.25095805525779724 -0.09612379968166351 0.9620466828346252
20.598279616216217 0.547439694404602 -0.1651994287967682 0.24719353020191193 -0.050204791128635406 -0.24650128185749054 -0.09638836979866028 0.9630295634269714
20.648297616216215 0.5553129315376282 -0.1390371471643448 0.25715088844299316 -0.052903395146131516 -0.24685129523277283 -0.09529317915439606 0.9629043936729431
20.698314616216216 0.5593743920326233 -0.1152845025062561 0.2599135935306549 -0.05709159001708031 -0.24898411333560944 -0.0934368446469307 0.962297797203064
20.748331616216216 0.5576770901679993 -0.08979089558124542 0.2652032673358917 -0.06323353946208954 -0.254098117351532 -0.09022105485200882 0.960882842540741
20.798348866216216 0.555650532245636 -0.06618655472993851 0.2691315710544586 -0.07020961493253708 -0.2613033652305603 -0.08626069128513336 0.9588276147842407
20.848366866216217 0.5476152300834656 -0.04337162524461746 0.27363455295562744 -0.0777595192193985 -0.26852959394454956 -0.08284569531679153 0.9565469026565552
20.898383616216215 0.5335019826889038 -0.02764572761952877 0.273211270570755 -0.08608799427747726 -0.2752256393432617 -0.07988972216844559 0.9541789293289185
20.948400616216215 0.5210192203521729 -0.016226686537265778 0.27094364166259766 -0.09264812618494034 -0.2859784960746765 -0.07685217261314392 0.9506452679634094
20.998417616216216 0.5053727626800537 -0.010759752243757248 0.2660405933856964 -0.09845829010009766 -0.29842904210090637 -0.07404261082410812 0.946448028087616
21.048435616216217 0.4922323524951935 -0.018152914941310883 0.25475257635116577 -0.10320134460926056 -0.309215784072876 -0.07313895225524902 0.9425422549247742
21.098452616216218 0.48150959610939026 -0.026995819061994553 0.24654941260814667 -0.10428997874259949 -0.3189065158367157 -0.07391591370105743 0.9391266107559204
21.148469616216214 0.46917662024497986 -0.04196586459875107 0.23589396476745605 -0.103370301425457 -0.3280758559703827 -0.07549919188022614 0.9359384179115295
21.198486616216215 0.4580778479576111 -0.06327120214700699 0.22168490290641785 -0.10114315152168274 -0.3379614055156708 -0.07731962203979492 0.9325094819068909
21.248503866216215 0.4512779116630554 -0.08673597872257233 0.2055143117904663 -0.09640111774206161 -0.34736689925193787 -0.07798702269792557 0.929495096206665
21.298521866216216 0.4462447762489319 -0.11486604809761047 0.19331249594688416 -0.0908147469162941 -0.35428521037101746 -0.07979985326528549 0.9272900223731995
21.348538616216217 0.44581568241119385 -0.1466091275215149 0.18193204700946808 -0.08591893315315247 -0.3593420684337616 -0.0792616680264473 0.9258556962013245
21.398555616216218 0.44679325819015503 -0.17772775888442993 0.17488491535186768 -0.07963448762893677 -0.3624506890773773 -0.08055257797241211 0.9250941276550293
21.448572616216214 0.4533105194568634 -0.2069246768951416 0.17013967037200928 -0.07302521914243698 -0.36502766609191895 -0.08048950880765915 0.9246315956115723
21.498590616216216 0.46544402837753296 -0.23235918581485748 0.16721531748771667 -0.06487753987312317 -0.3647787570953369 -0.08188100159168243 0.9252150654792786
21.548607616216216 0.48020127415657043 -0.2548307776451111 0.16208034753799438 -0.05681001767516136 -0.35971811413764954 -0.08297023922204971 0.9276268482208252
21.598624616216217 0.49383601546287537 -0.2748125195503235 0.165485218167305 -0.05004529282450676 -0.3503938615322113 -0.08375579118728638 0.9315066337585449
21.648641866216217 0.509017825126648 -0.2895088791847229 0.1707153171300888 -0.0449424646794796 -0.33797699213027954 -0.08303768932819366 0.9364061951637268
21.698659866216218 0.5302693843841553 -0.2988322377204895 0.18039380013942719 -0.040420133620500565 -0.3221051096916199 -0.08108745515346527 0.9423584342002869
21.748676616216216 0.5498755574226379 -0.3022838234901428 0.1895291656255722 -0.03608397766947746 -0.30313611030578613 -0.08072680979967117 0.9488359689712524
21.798693616216216 0.5697075724601746 -0.3009411692619324 0.2028248906135559 -0.0334722064435482 -0.2846737205982208 -0.07924747467041016 0.9547566771507263
21.848710616216216 0.5892788171768188 -0.29904454946517944 0.21313230693340302 -0.033129993826150894 -0.2691444754600525 -0.07792478054761887 0.9593703746795654
21.898727616216217 0.6060540676116943 -0.2864503860473633 0.22489817440509796 -0.03355366736650467 -0.2554902136325836 -0.07611548155546188 0.9632265567779541
21.948745616216215 0.6230266094207764 -0.2745550274848938 0.23233139514923096 -0.03690993785858154 -0.2430935502052307 -0.07318498194217682 0.9665336012840271
21.998762616216215 0.6340928673744202 -0.2563169300556183 0.243148535490036 -0.042130954563617706 -0.231704980134964 -0.0701824426651001 0.9693359732627869
22.048779616216216 0.6444440484046936 -0.23112933337688446 0.25052040815353394 -0.048988014459609985 -0.2215511053800583 -0.06596912443637848 0.9716807007789612
22.098796866216215 0.652930498123169 -0.20806661248207092 0.25799044966697693 -0.05799942463636398 -0.2130749225616455 -0.06286219507455826 0.973284900188446
22.148814866216217 0.6605343818664551 -0.18179745972156525 0.26420366764068604 -0.06728421896696091 -0.20819444954395294 -0.059332989156246185 0.9739648699760437
22.198831616216218 0.6636307239532471 -0.15464834868907928 0.26794320344924927 -0.07630254328250885 -0.2056882232427597 -0.05754327028989792 0.9739399552345276
22.248848616216215 0.6592742800712585 -0.1268766075372696 0.26879456639289856 -0.08508952707052231 -0.20469611883163452 -0.05623462796211243 0.9734973311424255
22.298865616216215 0.6485375165939331 -0.10142526775598526 0.2719114124774933 -0.09317086637020111 -0.20518758893013 -0.055395226925611496 0.9727017283439636
22.348883616216217 0.6360324025154114 -0.07943941652774811 0.2687951922416687 -0.09930652379989624 -0.20512929558753967 -0.05541544780135155 0.9721056222915649
22.398900616216217 0.6181162595748901 -0.06058170646429062 0.26705217361450195 -0.10396014153957367 -0.20465613901615143 -0.05603880062699318 0.9716830253601074
22.448917616216217 0.6006974577903748 -0.04608585685491562 0.2625073194503784 -0.10624946653842926 -0.2058023363351822 -0.05748770758509636 0.9711084961891174
22.498934616216218 0.5769138336181641 -0.03890645131468773 0.2535801827907562 -0.10751741379499435 -0.20835408568382263 -0.06106575205922127 0.9702059626579285
22.548952866216215 0.5565559267997742 -0.03812684118747711 0.2427135854959488 -0.10769763588905334 -0.21623827517032623 -0.06508432328701019 0.9681974649429321
22.598969866216216 0.5370838642120361 -0.04410848021507263 0.22713808715343475 -0.10771801322698593 -0.22713424265384674 -0.06790284067392349 0.9655030965805054
22.648986616216217 0.5147712230682373 -0.04998631030321121 0.21892349421977997 -0.1065930426120758 -0.23676148056983948 -0.06926853209733963 0.9632154107093811
22.699003616216217 0.4890555739402771 -0.06506557762622833 0.2067255824804306 -0.1060059517621994 -0.24190109968185425 -0.06951073557138443 0.9619849324226379
22.749020616216217 0.4673038721084595 -0.08067934960126877 0.1969812661409378 -0.10360740125179291 -0.2454247921705246 -0.06896722316741943 0.9613925814628601
22.799038616216215 0.44586342573165894 -0.1020301878452301 0.18777014315128326 -0.10090459138154984 -0.2484322488307953 -0.06604236364364624 0.9611130356788635
22.849055616216216 0.42177554965019226 -0.12246996909379959 0.18013626337051392 -0.096661776304245 -0.2501325309276581 -0.062369219958782196 0.9613534212112427
22.899072616216216 0.4011670649051666 -0.14316752552986145 0.17569908499717712 -0.09085582941770554 -0.25035586953163147 -0.059724703431129456 0.9620291590690613
22.949089866216216 0.38026517629623413 -0.1668063998222351 0.1688915342092514 -0.08446099609136581 -0.24686089158058167 -0.056553471833467484 0.96370530128479
22.999107866216217 0.3607064485549927 -0.18809476494789124 0.16661708056926727 -0.07703768461942673 -0.2418195903301239 -0.0526510551571846 0.9658241868019104
23.049124616216215 0.3386194407939911 -0.20819143950939178 0.16178512573242188 -0.06873027980327606 -0.23214760422706604 -0.05042209476232529 0.9689382910728455
23.099141616216215 0.3160349428653717 -0.2280503809452057 0.16014979779720306 -0.060299843549728394 -0.22091642022132874 -0.04882866516709328 0.9722014665603638
23.149158616216216 0.29458367824554443 -0.24731802940368652 0.15936364233493805 -0.05274052917957306 -0.20965640246868134 -0.046217937022447586 0.9752572178840637
23.199176616216217 0.27049046754837036 -0.26274245977401733 0.15764854848384857 -0.04500943422317505 -0.1970905065536499 -0.04501459747552872 0.9783165454864502
23.249193616216218 0.2497939020395279 -0.2742795944213867 0.15684503316879272 -0.0374709777534008 -0.18805749714374542 -0.04369833320379257 0.9804697036743164
23.299210616216214 0.22306914627552032 -0.2881792485713959 0.1511688530445099 -0.03156775236129761 -0.17789578437805176 -0.04205935820937157 0.982643187046051
23.349227616216215 0.1986285299062729 -0.29879462718963623 0.15152111649513245 -0.02708643116056919 -0.17063374817371368 -0.039814237505197525 0.984157145023346
23.399244866216215 0.17521527409553528 -0.30977097153663635 0.15072672069072723 -0.02456125244498253 -0.1667163223028183 -0.035205546766519547 0.9850700497627258
23.449262866216216 0.15214897692203522 -0.32200708985328674 0.14655479788780212 -0.025083530694246292 -0.16253085434436798 -0.028933219611644745 0.9859601855278015
23.499279616216217 0.13411736488342285 -0.33105599880218506 0.15399929881095886 -0.02563345432281494 -0.15817268192768097 -0.02387774921953678 0.986789882183075
23.549296616216218 0.11065350472927094 -0.33567526936531067 0.14816436171531677 -0.026123108342289925 -0.15312381088733673 -0.018814364448189735 0.9876825213432312
23.599313616216214 0.08731543272733688 -0.3402615189552307 0.1531006246805191 -0.027862882241606712 -0.15005630254745483 -0.015052128583192825 0.9881701469421387
23.649331616216216 0.06681044399738312 -0.34404006600379944 0.15039312839508057 -0.02735419012606144 -0.1481991708278656 -0.013366477563977242 0.9884887933731079
23.699348616216216 0.045305125415325165 -0.3439025282859802 0.15177153050899506 -0.026947373524308205 -0.14587026834487915 -0.01426749024540186 0.9888337254524231
23.749365616216217 0.027075769379734993 -0.3457196354866028 0.14031216502189636 -0.024935772642493248 -0.1454169601202011 -0.014729104936122894 0.9889464974403381
23.799382616216217 0.006615208927541971 -0.34046781063079834 0.13427212834358215 -0.023268766701221466 -0.14463818073272705 -0.016023267060518265 0.9890812635421753
23.849400866216214 -0.02232062816619873 -0.3363725543022156 0.12870632112026215 -0.02387204021215439 -0.142079159617424 -0.019605718553066254 0.9893732070922852
23.899417866216215 -0.045391473919153214 -0.32826879620552063 0.12986671924591064 -0.024069365113973618 -0.14079636335372925 -0.02241755835711956 0.9894920587539673
23.949434616216216 -0.06444298475980759 -0.3175942599773407 0.12771493196487427 -0.02370736561715603 -0.1416882574558258 -0.024258928373456 0.9893300533294678
23.999451616216216 -0.0889948233962059 -0.30787235498428345 0.11558889597654343 -0.023389944806694984 -0.14025872945785522 -0.026570184156298637 0.9894819855690002
24.049469616216218 -0.10324431210756302 -0.2999534606933594 0.11402319371700287 -0.024830123409628868 -0.1408148556947708 -0.026098623871803284 0.9893803596496582
24.099486616216215 -0.11989416182041168 -0.2799311876296997 0.10317949950695038 -0.02067011408507824 -0.14114134013652802 -0.02778608724474907 0.9893835783004761
24.149503616216215 -0.14432673156261444 -0.2688671052455902 0.09758557379245758 -0.01891954243183136 -0.13506312668323517 -0.026596810668706894 0.9902992844581604
24.199520616216216 -0.15254995226860046 -0.2577560842037201 0.09546037763357162 -0.015560302883386612 -0.13216066360473633 -0.029495764523744583 0.9906672239303589
24.249537866216215 -0.16418865323066711 -0.23574572801589966 0.09673043340444565 -0.009096660651266575 -0.13019555807113647 -0.0326794758439064 0.9909079670906067
24.299555866216217 -0.1754191666841507 -0.22486034035682678 0.08070410043001175 -0.005217700731009245 -0.12798357009887695 -0.03321295976638794 0.9912063479423523
24.349572616216218 -0.1919584572315216 -0.20811885595321655 0.06563687324523926 -0.00011074051872128621 -0.12504138052463531 -0.03381438925862312 0.9915751814842224
24.399589616216215 -0.19447965919971466 -0.18800565600395203 0.07928785681724548 0.004157449118793011 -0.12504445016384125 -0.0350981242954731 0.9915214776992798
24.449606616216215 -0.20554286241531372 -0.1706850528717041 0.07109762728214264 0.00815912801772356 -0.12077547609806061 -0.03613371029496193 0.991988480091095
24.499624616216217 -0.2062217891216278 -0.1582830399274826 0.06122254207730293 0.010573141276836395 -0.1192489042878151 -0.03403090685606003 0.9922247529029846
24.549641616216217 -0.2053372859954834 -0.14044548571109772 0.06318622827529907 0.014444061554968357 -0.11551008373498917 -0.034066956490278244 0.9926168918609619
24.599658616216217 -0.2087198942899704 -0.12739595770835876 0.06406793743371964 0.017672445625066757 -0.11115086823701859 -0.032774075865745544 0.9931058287620544
24.649675616216218 -0.20700287818908691 -0.11237727850675583 0.06115453690290451 0.022026121616363525 -0.10867442190647125 -0.0314948596060276 0.9933342337608337
24.699693866216215 -0.1976689249277115 -0.1030367761850357 0.06278957426548004 0.0245953556150198 -0.1073230504989624 -0.031056499108672142 0.9934346675872803
24.749710866216216 -0.19461025297641754 -0.1038902997970581 0.05085543543100357 0.028142329305410385 -0.10662286728620529 -0.031280577182769775 0.9934088587760925
24.799727616216217 -0.20076893270015717 -0.09173078835010529 0.05205090343952179 0.03345812112092972 -0.1026071235537529 -0.03408746421337128 0.9935746192932129
24.849744616216217 -0.19908903539180756 -0.0834396481513977 0.045498721301555634 0.03964294493198395 -0.09955310821533203 -0.03863753378391266 0.9934912323951721
24.899761616216217 -0.19247831404209137 -0.06941008567810059 0.04666944593191147 0.04754108563065529 -0.0964963510632515 -0.04421871900558472 0.9932135343551636
24.949779616216215 -0.20120322704315186 -0.058703433722257614 0.0346410758793354 0.05434814840555191 -0.09125729650259018 -0.051870062947273254 0.9929894208908081
24.999796616216216 -0.19468283653259277 -0.04793552681803703 0.03661062568426132 0.061909373849630356 -0.09231153130531311 -0.060040056705474854 0.991988480091095
25.049813616216216 -0.19344660639762878 -0.03762022778391838 0.03360956534743309 0.06851997971534729 -0.0930139571428299 -0.06774428486824036 0.990991473197937
25.099830616216217 -0.1904001235961914 -0.0355328693985939 0.03762982413172722 0.07233595848083496 -0.09323700517416 -0.07440285384654999 0.9902215600013733
25.149848866216217 -0.1903373897075653 -0.018260208889842033 0.030638353899121284 0.07782720774412155 -0.09374094754457474 -0.07993604242801666 0.989326000213623
25.199865866216218 -0.17420940101146698 -0.004360760096460581 0.03514660894870758 0.08111751824617386 -0.09447236359119415 -0.08542667329311371 0.9885329008102417
25.249882616216215 -0.17105309665203094 0.00152880628593266 0.037920113652944565 0.081293024122715 -0.09212648868560791 -0.08871858566999435 0.9884499311447144
25.299899616216216 -0.1523144543170929 0.01146179623901844 0.04114833101630211 0.08169497549533844 -0.09409628063440323 -0.09185825288295746 0.9879443049430847
25.349917616216217 -0.14185306429862976 0.020652927458286285 0.03540163114666939 0.08217266947031021 -0.09267498552799225 -0.09182354807853699 0.9880422949790955
25.399934616216218 -0.12465713918209076 0.037565678358078 0.03941260650753975 0.08540996164083481 -0.09163689613342285 -0.09201305359601974 0.9878469109535217
25.449951616216214 -0.11413987725973129 0.04547235742211342 0.03947629779577255 0.08665110170841217 -0.09080944210290909 -0.08906994014978409 0.9880849719047546
25.499968616216215 -0.10201235860586166 0.05561458691954613 0.042314499616622925 0.08983483165502548 -0.09191392362117767 -0.08408215641975403 0.9881355166435242
25.549986866216216 -0.08685401827096939 0.07186229526996613 0.04014826938509941 0.09386835247278214 -0.09255514293909073 -0.08055241405963898 0.9879947900772095
25.600003866216216 -0.08044973760843277 0.08009333908557892 0.039695363491773605 0.09781762212514877 -0.09264387935400009 -0.07908017933368683 0.9877222776412964
25.650020616216217 -0.06342773884534836 0.08923177421092987 0.03535600006580353 0.1018945574760437 -0.0921957716345787 -0.07671700417995453 0.9875383973121643
25.700037616216218 -0.05867074429988861 0.10247348994016647 0.036920540034770966 0.1058441773056984 -0.08908252418041229 -0.0758756473660469 0.987473726272583
25.750054616216214 -0.048547666519880295 0.11521157622337341 0.03759985789656639 0.1075940728187561 -0.0871206745505333 -0.0727444440126419 0.9876952171325684
25.800072616216216 -0.04493846744298935 0.12523554265499115 0.035965677350759506 0.10953588038682938 -0.08607130497694016 -0.07409149408340454 0.9874736070632935
25.850089616216216 -0.03708745166659355 0.1308961659669876 0.04327911511063576 0.10757430642843246 -0.08598033338785172 -0.0720755085349083 0.987846314907074
25.900106616216217 -0.031328484416007996 0.1401841938495636 0.04325726628303528 0.10685627162456512 -0.08552004396915436 -0.07375193387269974 0.987840473651886
25.950123616216217 -0.028612496331334114 0.15044505894184113 0.04426494240760803 0.10513639450073242 -0.08427278697490692 -0.07416214793920517 0.9881014227867126
26.000141866216214 -0.019514175131917 0.15724395215511322 0.05016041547060013 0.1017003133893013 -0.08580402284860611 -0.07584879547357559 0.9882012605667114
26.050158866216215 -0.016905788332223892 0.16721035540103912 0.04914285987615585 0.09879571199417114 -0.08386586606502533 -0.07634000480175018 0.9886244535446167
26.100175616216216 -0.012173008173704147 0.17549937963485718 0.05358646437525749 0.09596294909715652 -0.08454114943742752 -0.07674018293619156 0.9888148903846741
26.150192616216216 -0.005314755719155073 0.18350321054458618 0.06111255660653114 0.09298297017812729 -0.08754366636276245 -0.07552946358919144 0.9889315962791443
26.200210616216218 -0.00682449247688055 0.19263607263565063 0.05925498157739639 0.08970775455236435 -0.09011032432317734 -0.07533528655767441 0.9890183806419373
26.250227616216215 -0.001377320266328752 0.20097941160202026 0.05870138108730316 0.08640967309474945 -0.09495962411165237 -0.07024507969617844 0.9892328977584839
26.300244616216215 0.008587501011788845 0.20868632197380066 0.07114783674478531 0.08439140021800995 -0.09857618063688278 -0.06907224655151367 0.9891359806060791
26.350261616216216 0.013620610348880291 0.21240834891796112 0.06021663174033165 0.08412948250770569 -0.09307467192411423 -0.06501837819814682 0.9899656176567078
26.400278616216216 0.013654769398272038 0.21621990203857422 0.05995456129312515 0.0875297337770462 -0.08416254818439484 -0.06064635515213013 0.9907458424568176
26.450296866216217 0.015725376084446907 0.21648317575454712 0.055127888917922974 0.09210744500160217 -0.07822026312351227 -0.05374794080853462 0.9912159442901611
26.500313866216217 0.02344009280204773 0.22334283590316772 0.05790829285979271 0.09999053925275803 -0.07645677775144577 -0.04740186408162117 0.9909133911132812
26.550330616216215 0.032673511654138565 0.23036321997642517 0.04941791296005249 0.10884730517864227 -0.0754534900188446 -0.043149542063474655 0.9902510643005371
26.600347616216215 0.034189410507678986 0.23879724740982056 0.05526592582464218 0.11810801178216934 -0.07135513424873352 -0.037820424884557724 0.9897114038467407
26.650365616216217 0.04133341461420059 0.24709181487560272 0.051300644874572754 0.12528124451637268 -0.06543570756912231 -0.03147466480731964 0.9894605875015259
26.700382616216217 0.046541716903448105 0.2553386986255646 0.051791585981845856 0.13163921236991882 -0.06020393967628479 -0.02757466770708561 0.9890835285186768
26.750399616216217 0.045832838863134384 0.26538968086242676 0.05805328115820885 0.1362764537334442 -0.05401569604873657 -0.02307487092912197 0.9889280200004578
26.800416616216218 0.05108821764588356 0.2751280963420868 0.062140580266714096 0.1383204162120819 -0.04986770823597908 -0.020242130383849144 0.9889242053031921
26.850434866216215 0.05247889831662178 0.2791864275932312 0.07099409401416779 0.13652469217777252 -0.04845855385065079 -0.01861032098531723 0.9892756938934326
26.900451866216216 0.04955089092254639 0.28415384888648987 0.08588248491287231 0.1342018097639084 -0.049341633915901184 -0.01999623328447342 0.9895228743553162
26.950468616216217 0.04693010076880455 0.30048689246177673 0.08748093992471695 0.13442634046077728 -0.050911471247673035 -0.02075887843966484 0.9893971681594849
27.000485616216217 0.04952545836567879 0.3080998659133911 0.08990400284528732 0.1330963373184204 -0.053623590618371964 -0.02221859060227871 0.9894019961357117
27.050503616216215 0.05028080940246582 0.315435528755188 0.09390708804130554 0.13222505152225494 -0.055680062621831894 -0.025002162903547287 0.989338755607605
27.100520616216215 0.04981192201375961 0.32605984807014465 0.09586085379123688 0.13213293254375458 -0.05835818499326706 -0.02618846483528614 0.9891660213470459
27.150537616216216 0.05065722391009331 0.33739256858825684 0.09532618522644043 0.13398922979831696 -0.061036307364702225 -0.02610418014228344 0.9887568950653076
27.200554616216216 0.05081266909837723 0.3440271019935608 0.09750089794397354 0.1347312182188034 -0.06496123224496841 -0.026346556842327118 0.9883993864059448
27.250571616216217 0.05369226634502411 0.3524184226989746 0.10065048933029175 0.13578857481479645 -0.0687311440706253 -0.02489617094397545 0.9880372881889343
27.300589866216217 0.0527939647436142 0.3587363660335541 0.10497432202100754 0.13531537353992462 -0.06998834758996964 -0.0209503211081028 0.9881055355072021
27.350606866216218 0.05509265884757042 0.36636191606521606 0.108060322701931 0.13517406582832336 -0.07226382941007614 -0.0196926761418581 0.9879869222640991
27.400623616216215 0.05320165306329727 0.3751472234725952 0.10526744276285172 0.13485583662986755 -0.07418651133775711 -0.01569671928882599 0.9879595041275024
27.450640616216216 0.06105309724807739 0.38103482127189636 0.11622589826583862 0.13460306823253632 -0.07618997991085052 -0.01164371520280838 0.9878975749015808
27.500658616216217 0.059243664145469666 0.3798920512199402 0.11946473270654678 0.1328907310962677 -0.0730089396238327 -0.00983930192887783 0.9883891344070435
27.550675616216218 0.05728869512677193 0.39025428891181946 0.12021923810243607 0.13322147727012634 -0.07164521515369415 -0.00764642097055912 0.9884637594223022
27.600692616216215 0.06272919476032257 0.3943168520927429 0.1318623125553131 0.13278600573539734 -0.07185456901788712 -0.006905731279402971 0.9885126352310181
27.650709616216215 0.058983489871025085 0.4004669785499573 0.12570083141326904 0.13364434242248535 -0.07082828134298325 -0.006636110134422779 0.9884728193283081
27.700727866216216 0.06193239986896515 0.39632654190063477 0.12628360092639923 0.1346261352300644 -0.07233856618404388 -0.008758051320910454 0.9882136583328247
27.750744866216216 0.061551533639431 0.40036439895629883 0.12385663390159607 0.13771720230579376 -0.07509195804595947 -0.010275483131408691 0.9875676035881042
