1642644848.061163 -0.000000 -0.000000 -0.000000 -0.000000 -0.000000 -0.000000 1.000000
1642644848.161165 -0.000000 -0.000000 -0.000000 -0.000000 -0.000000 -0.000000 1.000000
1642644848.261170 0.000758 0.000433 0.002168 0.000933 0.012469 0.001449 0.999921
1642644848.561165 0.004113 0.000391 0.005665 0.000551 0.032188 0.003339 0.999476
1642644848.661172 0.004263 0.000732 0.007349 -0.000014 0.041149 0.004042 0.999145
1642644848.761177 0.007377 0.003185 0.009240 0.000484 0.051545 0.005591 0.998655
1642644848.961166 0.007040 0.003047 0.011856 -0.002473 0.068805 0.006636 0.997605
1642644849.061163 0.006007 0.004216 0.015273 -0.008625 0.074342 0.006194 0.997176
1642644849.161164 0.006376 0.004702 0.016487 -0.014048 0.080065 0.006260 0.996671
1642644849.361164 0.008833 0.005297 0.019134 -0.024494 0.091296 0.009228 0.995480
1642644849.461164 0.006893 0.006278 0.022885 -0.034017 0.096325 0.011826 0.994698
1642644849.761163 0.002940 0.008913 0.029066 -0.062664 0.093592 0.021261 0.993409
1642644849.861162 0.003683 0.007931 0.027773 -0.074227 0.089725 0.023935 0.992908
1642644849.961163 0.003807 0.007509 0.030619 -0.086224 0.082753 0.026501 0.992479
1642644850.161169 0.002534 0.008121 0.030503 -0.099038 0.069746 0.028168 0.992237
1642644850.261170 0.001995 0.007348 0.029950 -0.103687 0.063201 0.027897 0.992208
1642644850.361162 0.001510 0.005774 0.030478 -0.110515 0.054295 0.029782 0.991943
1642644850.561162 0.001668 0.006581 0.028528 -0.119135 0.037918 0.041878 0.991270
1642644850.661161 0.000841 0.005879 0.027728 -0.121134 0.028839 0.047253 0.991091
1642644850.761164 0.004418 0.010290 0.023928 -0.120953 0.016302 0.054982 0.991000
1642644850.961163 0.007139 0.009990 0.020858 -0.121735 -0.009458 0.082384 0.989093
1642644851.061162 0.006264 0.008445 0.018989 -0.119255 -0.016244 0.092487 0.988413
1642644851.261160 0.008446 0.006203 0.016105 -0.111271 -0.031344 0.101180 0.988129
1642644851.361161 0.008544 0.005330 0.014587 -0.106414 -0.035351 0.108206 0.987784
1642644851.461160 0.009209 0.007411 0.013623 -0.096575 -0.037835 0.114747 0.987965
1642644851.561161 0.010184 0.002164 0.009562 -0.087525 -0.037037 0.124409 0.987669
1642644851.661163 0.010405 0.004338 0.007842 -0.078246 -0.035364 0.130118 0.987773
1642644851.861161 0.014569 0.003313 0.004572 -0.050927 -0.031980 0.129852 0.989708
1642644851.961160 0.014156 0.001910 0.001435 -0.031484 -0.026509 0.119928 0.991929
1642644852.061161 0.012382 0.005303 0.000188 -0.012114 -0.016243 0.101935 0.994585
1642644852.161160 0.009687 0.001948 -0.002494 -0.002786 -0.007705 0.079872 0.996772
1642644852.261159 0.009100 0.002654 -0.002548 0.001746 -0.004139 0.059320 0.998229
1642644852.361160 0.004749 0.004301 -0.002689 0.001605 -0.000820 0.037844 0.999282
1642644852.561159 0.004280 0.006932 -0.001613 0.000606 0.003661 0.004868 0.999981
1642644852.661160 0.004026 0.008935 -0.000938 -0.000826 0.004986 -0.008138 0.999954
1642644852.761159 0.003414 0.011238 -0.001178 -0.002194 0.003659 -0.021214 0.999766
1642644852.861160 0.001858 0.012203 0.000498 -0.006614 0.002715 -0.034942 0.999364
1642644852.961160 -0.001825 0.012932 0.001243 -0.011710 0.001007 -0.048501 0.998754
1642644853.061159 -0.005094 0.015237 0.001620 -0.017122 -0.002970 -0.061334 0.997966
1642644853.161159 -0.007890 0.018930 0.001080 -0.022047 -0.006798 -0.074764 0.996934
1642644853.361158 -0.012529 0.021975 0.002478 -0.032783 -0.013294 -0.101871 0.994168
1642644853.461159 -0.013277 0.022865 0.001066 -0.035410 -0.016648 -0.110638 0.993090
1642644853.561162 -0.015835 0.023477 0.002325 -0.037443 -0.019755 -0.117850 0.992129
1642644853.661160 -0.022524 0.025829 0.001483 -0.040569 -0.023538 -0.127304 0.990754
1642644853.761159 -0.023990 0.028206 0.000844 -0.042908 -0.031197 -0.134858 0.989444
1642644853.861158 -0.026920 0.029826 0.000165 -0.046621 -0.041505 -0.140456 0.988117
1642644853.961159 -0.032009 0.032366 -0.002139 -0.052210 -0.051679 -0.143889 0.986863
1642644854.061167 -0.032099 0.031858 -0.004281 -0.057951 -0.062417 -0.145468 0.985690
1642644854.261158 -0.032185 0.033241 -0.004993 -0.072213 -0.083901 -0.138978 0.984089
1642644854.361157 -0.032456 0.032770 -0.006408 -0.081572 -0.095584 -0.128319 0.983740
1642644854.461158 -0.029440 0.029809 -0.004783 -0.087435 -0.101059 -0.116408 0.984170
1642644854.561157 -0.026517 0.027814 -0.005670 -0.091635 -0.107656 -0.103132 0.984569
1642644854.661161 -0.022444 0.023772 -0.003246 -0.098072 -0.112079 -0.083323 0.985331
1642644854.761158 -0.020993 0.019643 -0.002652 -0.103313 -0.110927 -0.062447 0.986470
1642644855.161157 -0.011060 0.012816 0.005258 -0.108180 -0.090162 -0.002060 0.990032
1642644855.361156 -0.006193 0.009844 0.009106 -0.107656 -0.074723 0.019184 0.991191
1642644855.461158 -0.003466 0.005825 0.010078 -0.105112 -0.066988 0.026070 0.991859
1642644855.561157 -0.000516 0.005690 0.011212 -0.099527 -0.059896 0.031481 0.992732
1642644855.661159 -0.001088 0.004986 0.011086 -0.092537 -0.049069 0.036646 0.993824
1642644855.861156 0.000361 0.005463 0.011788 -0.077198 -0.025335 0.042321 0.995795
1642644855.961159 0.001810 0.006838 0.011337 -0.067515 -0.019632 0.043549 0.996574
1642644856.061157 -0.001176 0.006724 0.009776 -0.057267 -0.013746 0.041839 0.997387
1642644856.161160 -0.002066 0.006687 0.008173 -0.048148 -0.009300 0.037603 0.998089
1642644856.361156 -0.002417 0.005368 0.004464 -0.030758 -0.011304 0.023887 0.999178
1642644856.461157 -0.006771 0.005630 0.002298 -0.021877 -0.016418 0.017166 0.999478
1642644856.561157 -0.003557 0.004011 0.000805 -0.019826 -0.030688 0.014164 0.999232
1642644856.661156 -0.005842 0.003800 -0.002966 -0.020308 -0.042029 0.011991 0.998838
1642644856.761157 -0.007706 0.004664 -0.004413 -0.018810 -0.047568 0.010710 0.998634
1642644856.861157 -0.007326 0.005117 -0.005842 -0.016398 -0.059149 0.007964 0.998083
1642644856.961157 -0.006995 0.004835 -0.007353 -0.015443 -0.072163 0.005360 0.997259
1642644857.061156 -0.010224 0.005246 -0.009899 -0.015273 -0.085092 0.002723 0.996252
1642644857.261157 -0.014468 0.005211 -0.015260 -0.015076 -0.106980 -0.008010 0.994115
1642644857.361156 -0.016347 0.005380 -0.017717 -0.016790 -0.118138 -0.013470 0.992764
1642644857.461154 -0.013137 0.007895 -0.017993 -0.018296 -0.131150 -0.018808 0.991015
1642644857.561155 -0.015694 0.010686 -0.017589 -0.022465 -0.139900 -0.023772 0.989625
1642644857.661157 -0.014721 0.013498 -0.017344 -0.027190 -0.147173 -0.030639 0.988262
1642644857.761158 -0.020664 0.014031 -0.019464 -0.031973 -0.148071 -0.035313 0.987829
1642644857.961155 -0.021664 0.019973 -0.014287 -0.047936 -0.144640 -0.053330 0.986883
1642644858.061155 -0.020414 0.019624 -0.015376 -0.053994 -0.139989 -0.061725 0.986751
1642644858.161155 -0.021602 0.018967 -0.014080 -0.061024 -0.130939 -0.067361 0.987215
1642644858.261154 -0.020420 0.021402 -0.010211 -0.068650 -0.118788 -0.074746 0.987719
1642644858.361154 -0.021259 0.022089 -0.007235 -0.072857 -0.108357 -0.079437 0.988251
1642644858.461159 -0.022319 0.022030 -0.004516 -0.075059 -0.099041 -0.080241 0.988999
1642644858.561153 -0.019448 0.022045 -0.002636 -0.077943 -0.088348 -0.081805 0.989660
1642644858.761153 -0.016498 0.023610 0.003213 -0.082229 -0.061665 -0.084844 0.991079
1642644858.861154 -0.015286 0.021668 0.004773 -0.083961 -0.049814 -0.082711 0.991780
1642644858.961154 -0.013845 0.019092 0.007308 -0.086250 -0.035747 -0.079522 0.992451
1642644859.061156 -0.012526 0.018702 0.009143 -0.087130 -0.021925 -0.075635 0.993080
1642644859.161155 -0.011559 0.021496 0.012479 -0.084535 -0.009313 -0.071836 0.993784
1642644859.261158 -0.011609 0.019883 0.014000 -0.081097 0.002106 -0.066677 0.994471
1642644859.361154 -0.010800 0.016103 0.014757 -0.079071 0.009717 -0.060318 0.994995
1642644859.461154 -0.007217 0.014240 0.014887 -0.074458 0.012512 -0.049800 0.995901
1642644859.661154 -0.003850 0.010688 0.014486 -0.062175 0.014763 -0.021737 0.997719
1642644859.761153 -0.003528 0.010190 0.014163 -0.057288 0.014562 -0.004855 0.998240
1642644859.861154 -0.001632 0.009537 0.011919 -0.050435 0.013716 0.014491 0.998528
1642644859.961154 0.002051 0.009791 0.013410 -0.043787 0.012711 0.031139 0.998475
1642644860.061153 0.003565 0.005775 0.012680 -0.043497 0.013965 0.039165 0.998188
1642644860.161177 0.008302 0.000669 0.011582 -0.044448 0.011922 0.047732 0.997800
1642644860.361154 0.013193 -0.001209 0.011739 -0.038068 0.018430 0.079418 0.995944
1642644860.461154 0.016156 -0.003506 0.012060 -0.038098 0.022202 0.093079 0.994682
1642644860.561152 0.016040 -0.003691 0.012989 -0.037160 0.030779 0.102757 0.993536
1642644860.661156 0.021699 -0.006719 0.015609 -0.037778 0.040015 0.111696 0.992218
1642644860.761152 0.023314 -0.006661 0.016656 -0.036987 0.050645 0.120379 0.990745
1642644860.861151 0.026299 -0.009562 0.018259 -0.037076 0.060712 0.129054 0.989083
1642644860.961152 0.025259 -0.010504 0.018409 -0.036409 0.072627 0.135550 0.987434
1642644861.161151 0.024863 -0.014592 0.019445 -0.036130 0.091323 0.139391 0.985355
1642644861.261152 0.026368 -0.014975 0.020238 -0.035905 0.097447 0.139771 0.984723
1642644861.361152 0.026635 -0.006082 0.022283 -0.032932 0.102958 0.136365 0.984744
1642644861.461153 0.025743 -0.000316 0.022340 -0.031791 0.106954 0.126912 0.985618
1642644861.561155 0.021466 -0.001236 0.024265 -0.032235 0.109907 0.116722 0.986538
1642644861.661157 0.020618 -0.000836 0.024468 -0.032290 0.109104 0.103880 0.988060
1642644862.061151 0.008351 0.001456 0.022013 -0.034770 0.089209 0.044693 0.994402
1642644862.161155 0.005448 0.004295 0.020624 -0.033302 0.082954 0.030581 0.995527
1642644862.361151 0.003278 0.004853 0.017337 -0.037404 0.065012 0.006926 0.997159
1642644862.461150 0.002688 0.004926 0.017108 -0.038275 0.059490 -0.002911 0.997491
1642644862.561157 -0.000551 0.005693 0.016128 -0.038209 0.053188 -0.011408 0.997788
1642644862.761149 -0.008267 0.008319 0.012985 -0.038344 0.035365 -0.032281 0.998117
1642644862.861151 -0.010281 0.010395 0.011951 -0.040949 0.027030 -0.042418 0.997894
1642644862.961149 -0.012317 0.012128 0.009968 -0.043183 0.015554 -0.052780 0.997551
1642644863.061151 -0.015201 0.011982 0.009501 -0.047261 0.007579 -0.061406 0.996965
1642644863.161155 -0.015111 0.014043 0.009042 -0.050611 0.000099 -0.068659 0.996356
1642644863.261152 -0.017573 0.016901 0.007958 -0.054136 -0.008879 -0.076229 0.995580
1642644863.361150 -0.019569 0.020897 0.006913 -0.056723 -0.016824 -0.081971 0.994877
1642644863.461153 -0.020691 0.023725 0.005441 -0.059903 -0.027148 -0.087001 0.994035
1642644863.661151 -0.022683 0.024419 0.003354 -0.065683 -0.045359 -0.093125 0.992450
1642644863.761148 -0.024558 0.024771 0.001869 -0.070745 -0.056342 -0.094778 0.991382
1642644863.861149 -0.022918 0.023213 0.000135 -0.075316 -0.066932 -0.093614 0.990497
1642644863.961149 -0.023566 0.021540 -0.000976 -0.078984 -0.074726 -0.088750 0.990102
1642644864.061152 -0.027622 0.022451 -0.001781 -0.080896 -0.082768 -0.079634 0.990083
1642644864.161149 -0.025885 0.020917 -0.003789 -0.083627 -0.092397 -0.068691 0.989824
1642644864.361150 -0.025199 0.015400 -0.005302 -0.088652 -0.104322 -0.050535 0.989295
1642644864.461149 -0.020915 0.013220 -0.003185 -0.088520 -0.107216 -0.037988 0.989558
1642644864.561148 -0.018456 0.011157 -0.002683 -0.087856 -0.109685 -0.022558 0.989819
1642644864.661148 -0.017912 0.006092 -0.001997 -0.088860 -0.109819 -0.010388 0.989917
1642644864.761154 -0.014975 0.002855 -0.001640 -0.087286 -0.109400 -0.003497 0.990152
1642644864.861151 -0.013248 0.001562 -0.001758 -0.082108 -0.108280 0.004823 0.990712
1642644864.961149 -0.009545 -0.000061 -0.004359 -0.076528 -0.107435 0.015239 0.991145
1642644865.161149 -0.010091 -0.002956 -0.003728 -0.069427 -0.102543 0.028460 0.991895
1642644865.261149 -0.008369 -0.002894 -0.003533 -0.061398 -0.099031 0.038425 0.992445
1642644865.361149 -0.008349 -0.002478 -0.004683 -0.055999 -0.094928 0.047624 0.992766
1642644865.461148 -0.003852 -0.003687 -0.002573 -0.053180 -0.090189 0.053741 0.993051
1642644865.561148 -0.000289 -0.003970 -0.000756 -0.049689 -0.082502 0.057994 0.993660
1642644865.661148 0.001544 -0.002290 -0.000594 -0.044977 -0.075573 0.062223 0.994180
1642644865.861146 0.002777 -0.003583 0.000415 -0.039956 -0.060372 0.066567 0.995152
1642644865.961153 0.004198 -0.003882 0.001377 -0.036663 -0.053276 0.068396 0.995560
1642644866.061146 0.004909 -0.004707 0.001816 -0.034074 -0.045897 0.069736 0.995926
1642644866.161148 0.006031 -0.004152 0.004148 -0.030268 -0.037012 0.070175 0.996388
1642644866.261148 0.004967 -0.005006 0.003453 -0.026882 -0.025749 0.070670 0.996805
1642644866.361146 0.006264 -0.002151 0.004082 -0.024930 -0.014590 0.072016 0.996985
1642644866.461147 0.007791 -0.000854 0.005618 -0.023555 -0.002673 0.073370 0.997023
1642644866.561147 0.006994 -0.001460 0.006534 -0.023345 0.008607 0.073752 0.996966
1642644866.761146 0.005642 0.000169 0.009896 -0.021585 0.031168 0.060651 0.997439
1642644866.861145 0.004424 0.001118 0.009236 -0.020046 0.036503 0.049965 0.997882
1642644866.961149 0.002750 0.000502 0.009478 -0.019920 0.041325 0.041341 0.998091
1642644867.061147 -0.000655 0.003053 0.010739 -0.018584 0.043499 0.031951 0.998370
1642644867.161146 -0.003640 0.003351 0.010156 -0.017265 0.042343 0.021340 0.998726
1642644867.361151 -0.007638 0.003827 0.007438 -0.013232 0.037794 0.004646 0.999187
1642644867.461149 -0.010689 0.006609 0.006557 -0.009490 0.034298 -0.001438 0.999366
1642644867.561147 -0.012438 0.007002 0.005300 -0.006159 0.026075 -0.007860 0.999610
1642644867.661145 -0.016045 0.007575 0.002345 -0.003872 0.015287 -0.011246 0.999812
1642644867.761148 -0.013469 0.007610 0.000241 -0.003254 0.002663 -0.012305 0.999915
1642644867.861150 -0.013436 0.007233 -0.002345 -0.002229 -0.005565 -0.012567 0.999903
1642644867.961145 -0.016200 0.006998 -0.003427 -0.000434 -0.015383 -0.013654 0.999788
1642644868.161146 -0.020970 0.006415 -0.007525 0.002476 -0.041666 -0.014648 0.999021
1642644868.261146 -0.018224 0.005551 -0.010541 0.002609 -0.054914 -0.014602 0.998381
1642644868.361145 -0.012168 0.006514 -0.011810 0.004275 -0.069874 -0.012926 0.997463
1642644868.761148 -0.013030 0.007241 -0.022537 0.006665 -0.130318 -0.008110 0.991417
1642644868.861149 -0.012552 0.005954 -0.024707 0.005714 -0.144883 -0.009007 0.989391
1642644868.961145 -0.009350 0.010549 -0.024001 0.002475 -0.159145 -0.010435 0.987197
1642644869.161144 -0.011658 0.009238 -0.024423 -0.016989 -0.181762 -0.011950 0.983123
1642644869.261144 -0.015241 0.008549 -0.027746 -0.019109 -0.186459 -0.012435 0.982198
1642644869.361145 -0.013090 0.011645 -0.026761 -0.025154 -0.192858 -0.013697 0.980808
1642644869.461152 -0.015104 0.015081 -0.025465 -0.034196 -0.193937 -0.017734 0.980257
1642644869.661144 -0.015089 0.015661 -0.021759 -0.057325 -0.189233 -0.024169 0.979960
1642644869.761143 -0.018294 0.015003 -0.021592 -0.069798 -0.184528 -0.025812 0.980006
1642644869.861144 -0.017549 0.015701 -0.017815 -0.079798 -0.180866 -0.026068 0.979918
1642644869.961143 -0.018446 0.017329 -0.013635 -0.091109 -0.171879 -0.028510 0.980482
1642644870.061143 -0.019761 0.016233 -0.011456 -0.101057 -0.163721 -0.028928 0.980891
1642644870.161143 -0.018281 0.014803 -0.008564 -0.107482 -0.156782 -0.027964 0.981369
1642644870.261142 -0.017693 0.014525 -0.004415 -0.116039 -0.146078 -0.026445 0.982088
1642644870.461143 -0.016339 0.016689 0.001334 -0.127347 -0.122154 -0.020653 0.984091
1642644870.561143 -0.012611 0.017374 0.003820 -0.130569 -0.112795 -0.018109 0.984836
1642644870.661144 -0.015063 0.018021 0.006211 -0.133441 -0.099596 -0.016879 0.985895
1642644870.761142 -0.011333 0.016450 0.008896 -0.135314 -0.089256 -0.015108 0.986659
1642644870.861142 -0.010094 0.016675 0.011080 -0.135934 -0.076112 -0.011598 0.987722
1642644870.961142 -0.010778 0.016108 0.012961 -0.136898 -0.062405 -0.008795 0.988578
1642644871.061146 -0.006558 0.017388 0.016520 -0.138104 -0.051549 -0.007529 0.989047
1642644871.161141 -0.005051 0.017222 0.017545 -0.138467 -0.039803 -0.004800 0.989555
1642644871.361141 -0.006216 0.016817 0.022253 -0.136115 -0.007934 -0.000585 0.990661
1642644871.461142 -0.007007 0.016597 0.022853 -0.133025 0.006644 -0.001056 0.991090
1642644871.561143 -0.004446 0.018355 0.025226 -0.128166 0.020393 -0.002513 0.991540
1642644871.661143 -0.001268 0.018087 0.026324 -0.124543 0.033056 -0.004945 0.991651
1642644871.761142 0.000939 0.019492 0.028238 -0.119934 0.048167 -0.005017 0.991600
1642644871.861141 0.002651 0.017007 0.028814 -0.112950 0.058195 -0.007298 0.991868
1642644871.961143 0.000302 0.016381 0.027600 -0.100998 0.066154 -0.010708 0.992627
1642644872.061143 -0.001039 0.015449 0.026000 -0.084103 0.071765 -0.013914 0.993772
1642644872.261141 -0.008238 0.013437 0.019391 -0.051851 0.066133 -0.016735 0.996322
1642644872.361140 -0.010416 0.011873 0.015044 -0.034094 0.058810 -0.015531 0.997566
1642644872.461140 -0.008072 0.010986 0.010554 -0.020283 0.049529 -0.015483 0.998447
1642644872.561141 -0.004953 0.004697 0.005804 -0.012837 0.041062 -0.015397 0.998955
1642644872.661143 -0.005137 0.004144 0.005120 -0.006951 0.032692 -0.015396 0.999323
1642644872.761143 -0.005134 0.003212 0.002162 -0.002669 0.023420 -0.014111 0.999623
1642644872.961140 -0.006271 0.001546 -0.001381 0.006670 0.005664 -0.013642 0.999869
1642644873.061140 -0.006047 0.000726 -0.003407 0.010681 -0.004755 -0.012624 0.999852
1642644873.161139 -0.006488 0.001044 -0.005546 0.013418 -0.013916 -0.011049 0.999752
1642644873.261142 -0.006192 0.000349 -0.007447 0.013645 -0.022709 -0.011580 0.999582
1642644873.361140 -0.005499 0.001336 -0.009012 0.015314 -0.032261 -0.010047 0.999312
1642644873.461139 -0.006562 -0.000185 -0.010508 0.016195 -0.043817 -0.006845 0.998885
1642644873.561140 -0.008541 -0.001293 -0.012421 0.016162 -0.053835 -0.006851 0.998396
1642644873.761141 -0.022245 0.005149 -0.020668 0.019337 -0.070984 -0.008406 0.997255
1642644873.861140 -0.021696 0.004647 -0.023280 0.019950 -0.085878 -0.006320 0.996086
1642644873.961139 -0.022854 0.002349 -0.026097 0.018897 -0.098461 -0.006310 0.994942
1642644874.061141 -0.022267 0.004224 -0.027393 0.019511 -0.110305 -0.007235 0.993680
1642644874.161139 -0.019739 0.005513 -0.027285 0.018799 -0.124089 -0.006167 0.992074
1642644874.261139 -0.016409 0.006088 -0.026897 0.014353 -0.137924 -0.002646 0.990335
1642644874.461138 -0.016614 0.007396 -0.028751 0.000653 -0.161630 0.002046 0.986849
1642644874.561145 -0.015141 0.007226 -0.028332 -0.002778 -0.167438 0.002043 0.985877
1642644874.661146 -0.014733 0.008898 -0.027047 -0.011663 -0.171527 0.000183 0.985110
1642644874.761138 -0.020541 0.009618 -0.024983 -0.032719 -0.169138 -0.006582 0.985027
1642644874.861139 -0.021851 0.008033 -0.024322 -0.046294 -0.164291 -0.013604 0.985231
1642644875.061138 -0.023434 0.008810 -0.018728 -0.063577 -0.150253 -0.019175 0.986415
1642644875.161139 -0.023373 0.009061 -0.014284 -0.075085 -0.139170 -0.022323 0.987166
1642644875.261137 -0.015547 0.016515 -0.009199 -0.083868 -0.133031 -0.024204 0.987260
1642644875.661140 -0.012981 0.021600 0.006426 -0.119964 -0.088738 -0.020654 0.988589
1642644875.761137 -0.011924 0.022160 0.009811 -0.125038 -0.071501 -0.018368 0.989402
1642644875.961140 -0.011698 0.021561 0.013172 -0.128024 -0.042996 -0.012726 0.990757
1642644876.061137 -0.011341 0.019983 0.013343 -0.123935 -0.036180 -0.007220 0.991604
1642644876.161139 -0.007714 0.020278 0.012217 -0.110150 -0.034489 0.004410 0.993307
1642644876.361136 -0.004491 0.017137 0.009808 -0.090612 -0.027891 0.017558 0.995341
1642644876.461137 -0.003282 0.014056 0.007688 -0.072543 -0.023036 0.023516 0.996822
1642644876.561136 -0.002660 0.008725 0.003862 -0.054110 -0.023376 0.031845 0.997753
1642644876.661136 -0.001850 0.008120 -0.000073 -0.040289 -0.027096 0.039012 0.998058
1642644876.761137 -0.001514 -0.001342 -0.002927 -0.028565 -0.031147 0.048325 0.997937
1642644876.861136 0.000428 -0.004601 -0.006766 -0.012876 -0.035554 0.062260 0.997343
1642644876.961139 0.004260 -0.007932 -0.006843 -0.005795 -0.037102 0.076024 0.996399
1642644877.161144 0.007585 -0.005383 -0.005873 -0.001386 -0.033979 0.093886 0.995002
1642644877.261136 0.008576 -0.008727 -0.005348 -0.001410 -0.030891 0.102109 0.994292
1642644877.361144 0.013869 -0.005275 -0.003973 0.000922 -0.029010 0.109627 0.993549
1642644877.461135 0.016118 -0.004655 -0.003453 0.002356 -0.025540 0.118196 0.992659
1642644877.561136 0.018370 -0.005700 -0.001782 0.001997 -0.021805 0.125052 0.991909
1642644877.661135 0.023401 -0.011636 -0.001574 -0.000973 -0.015703 0.133502 0.990924
1642644877.761136 0.022341 -0.012125 -0.001213 -0.002704 -0.007583 0.142404 0.989776
1642644877.961135 0.030733 -0.012661 0.004248 -0.019022 0.004679 0.162189 0.986565
1642644878.061136 0.031526 -0.014961 0.008749 -0.031281 0.013207 0.169382 0.984965
1642644878.161135 0.029486 -0.016465 0.008776 -0.039881 0.019771 0.174592 0.983634
1642644878.261141 0.034751 -0.014270 0.011985 -0.047476 0.024115 0.175793 0.982986
1642644878.361135 0.033334 -0.010103 0.015117 -0.059968 0.031754 0.174319 0.982348
1642644878.461137 0.036852 -0.008219 0.019175 -0.070265 0.038319 0.168248 0.982490
1642644878.561140 0.030558 -0.004012 0.019724 -0.075569 0.047782 0.157178 0.983515
1642644878.761137 0.011987 0.002404 0.021574 -0.083382 0.060174 0.120110 0.987421
1642644878.861136 0.012676 0.003948 0.022870 -0.084941 0.061556 0.096561 0.989784
1642644878.961134 0.010694 0.004734 0.022495 -0.086773 0.060961 0.077748 0.991317
1642644879.061140 0.007030 0.006912 0.022056 -0.088773 0.059997 0.062506 0.992277
1642644879.161135 0.006842 0.008481 0.021718 -0.088425 0.059035 0.047338 0.993204
1642644879.261137 0.000955 0.011431 0.021450 -0.084645 0.061805 0.025840 0.994157
1642644879.361135 -0.000900 0.009276 0.022141 -0.083817 0.064197 0.001548 0.994410
1642644879.561135 -0.002885 0.012309 0.020387 -0.078885 0.057439 -0.028219 0.994828
1642644879.661139 -0.005737 0.014971 0.019697 -0.074850 0.056934 -0.041172 0.994717
1642644879.761137 -0.008290 0.018107 0.018468 -0.069783 0.055565 -0.056338 0.994419
1642644879.861135 -0.011793 0.018715 0.016758 -0.066490 0.050821 -0.073556 0.993774
1642644879.961133 -0.013866 0.023483 0.016371 -0.063199 0.046555 -0.090975 0.992755
1642644880.061138 -0.016540 0.026085 0.014064 -0.061238 0.041787 -0.105395 0.991663
1642644880.261133 -0.023146 0.031689 0.010355 -0.057927 0.026905 -0.132328 0.989146
1642644880.361135 -0.025503 0.034965 0.009258 -0.057353 0.018930 -0.146236 0.987404
1642644880.461133 -0.030701 0.038724 0.007453 -0.057075 0.010108 -0.157301 0.985848
1642644880.561132 -0.035594 0.038172 0.005367 -0.058095 0.001824 -0.164929 0.984591
1642644880.661138 -0.037058 0.041486 0.003429 -0.057428 -0.008118 -0.171932 0.983400
1642644880.761138 -0.039266 0.044621 0.001747 -0.057807 -0.018696 -0.179206 0.981934
1642644880.861137 -0.038980 0.046399 0.000508 -0.059260 -0.029660 -0.185277 0.980449
1642644880.961137 -0.037292 0.041333 -0.005037 -0.059824 -0.042215 -0.187330 0.979564
1642644881.161134 -0.037479 0.043355 -0.011354 -0.053525 -0.069225 -0.189129 0.978046
1642644881.261132 -0.039026 0.041983 -0.014212 -0.050637 -0.082819 -0.184807 0.977969
1642644881.361135 -0.038569 0.039427 -0.018023 -0.045190 -0.095896 -0.175385 0.978776
1642644881.461132 -0.032625 0.036465 -0.020758 -0.039488 -0.105471 -0.161643 0.980402
1642644881.561131 -0.035237 0.028099 -0.022889 -0.036377 -0.113385 -0.146749 0.981980
1642644881.661131 -0.031182 0.018249 -0.024632 -0.033896 -0.119876 -0.132500 0.983323
1642644881.861131 -0.029894 0.015416 -0.026397 -0.025083 -0.125380 -0.109737 0.985702
1642644881.961132 -0.030951 0.011074 -0.024583 -0.023276 -0.123547 -0.097966 0.987217
1642644882.061133 -0.025724 0.014807 -0.024309 -0.019457 -0.122627 -0.090723 0.988106
1642644882.461133 -0.013837 0.004904 -0.020706 -0.015290 -0.109759 -0.041170 0.992988
1642644882.561131 -0.013682 0.001239 -0.017406 -0.015141 -0.100031 -0.025908 0.994532
1642644882.661130 -0.006468 0.000969 -0.013795 -0.014630 -0.092190 -0.015089 0.995520
1642644882.761131 -0.004317 0.000322 -0.013296 -0.013133 -0.085858 -0.004968 0.996208
1642644882.861132 -0.002238 0.000533 -0.012357 -0.012262 -0.081428 0.005535 0.996588
1642644882.961133 0.002957 -0.002276 -0.008987 -0.013562 -0.075654 0.014154 0.996942
1642644883.161131 -0.006212 0.003181 -0.006975 -0.012575 -0.054031 0.030416 0.997997
1642644883.261133 -0.003456 0.001677 -0.005397 -0.014758 -0.046714 0.038719 0.998049
1642644883.461133 -0.000459 0.001401 -0.002764 -0.019973 -0.035621 0.053764 0.997718
1642644883.561131 -0.000031 0.001279 -0.001341 -0.023406 -0.029501 0.061355 0.997405
1642644883.661130 0.002931 0.001148 0.000472 -0.028999 -0.024631 0.069889 0.996829
1642644883.761130 0.004971 0.001542 0.003130 -0.036753 -0.017414 0.077735 0.996144
1642644883.861131 0.001412 0.004722 0.002985 -0.042176 -0.010643 0.085211 0.995413
1642644884.061131 0.004732 0.005478 0.007372 -0.055711 -0.001033 0.096849 0.993738
1642644884.161131 0.003387 0.005151 0.008839 -0.064004 0.003169 0.098725 0.993049
1642644884.261132 0.005692 0.005683 0.010117 -0.073390 0.006282 0.098400 0.992417
1642644884.361130 0.007248 0.007665 0.013148 -0.081543 0.006200 0.094634 0.992148
1642644884.461129 0.005617 0.010234 0.014183 -0.088197 0.003633 0.088596 0.992149
1642644884.561130 0.003829 0.010595 0.013714 -0.095775 -0.001688 0.080039 0.992178
1642644884.661129 0.002132 0.010639 0.015324 -0.102879 -0.004252 0.073246 0.991984
1642644884.861130 -0.002940 0.013433 0.014724 -0.113316 -0.010328 0.058493 0.991782
1642644884.961133 -0.002908 0.013351 0.015328 -0.116580 -0.013524 0.051800 0.991737
1642644885.061131 -0.004541 0.013448 0.014732 -0.119583 -0.015898 0.044862 0.991683
1642644885.161129 -0.006117 0.014354 0.014811 -0.123002 -0.019503 0.036369 0.991548
1642644885.361136 -0.012545 0.014349 0.012136 -0.124743 -0.025171 0.023945 0.991581
1642644885.461143 -0.012106 0.015032 0.011411 -0.124325 -0.027793 0.018823 0.991674
1642644885.561131 -0.012714 0.014675 0.011569 -0.123893 -0.029560 0.013885 0.991758
1642644885.661148 -0.013400 0.013888 0.011350 -0.123814 -0.031451 0.008066 0.991774
1642644885.761128 -0.011168 0.013761 0.011116 -0.122575 -0.034156 0.000982 0.991871
1642644885.861131 -0.012173 0.013650 0.009269 -0.119452 -0.036180 -0.005196 0.992167
1642644886.061129 -0.013878 0.012363 0.006903 -0.111001 -0.039673 -0.017030 0.992882
1642644886.161129 -0.008088 0.011564 0.006765 -0.106319 -0.042535 -0.020953 0.993201
1642644886.261127 -0.009508 0.012612 0.005299 -0.100795 -0.041920 -0.023233 0.993752
1642644886.361128 -0.010766 0.013825 0.003080 -0.092968 -0.041782 -0.025100 0.994475
1642644886.461132 -0.012799 0.011841 0.002679 -0.088646 -0.040915 -0.025522 0.994895
1642644886.561135 -0.019016 0.011336 0.001738 -0.087906 -0.039927 -0.025573 0.995000
1642644886.661295 -0.009878 0.010087 0.004149 -0.085946 -0.042499 -0.024184 0.995099
1642644886.761127 -0.003814 0.012366 0.002688 -0.082701 -0.044516 -0.022963 0.995315
1642644886.861938 -0.038871 0.001105 -0.004911 -0.090542 -0.034441 -0.011510 0.995230
1642644886.961632 0.002803 0.009771 0.002389 -0.082160 -0.048260 -0.021522 0.995217
1642644887.061131 -0.006254 0.010252 0.001478 -0.080338 -0.043608 -0.021729 0.995576
1642644887.161144 -0.025724 0.014831 0.005002 -0.077280 -0.036117 -0.023080 0.996088
1642644887.261209 -0.034567 0.017416 0.000866 -0.074093 -0.033243 -0.024198 0.996403
