1643091440.236263 -0.000000 -0.000000 -0.000000 -0.000000 -0.000000 -0.000000 1.000000
1643091440.336263 0.008287 0.003616 0.044926 0.000988 -0.005121 -0.000298 0.999986
1643091440.436268 0.008287 0.003616 0.044926 0.000988 -0.005121 -0.000298 0.999986
1643091440.836264 0.059595 0.007186 0.267758 -0.001141 -0.020085 0.002379 0.999795
1643091440.936267 0.059595 0.007186 0.267758 -0.001141 -0.020085 0.002379 0.999795
1643091441.036264 0.084537 0.002504 0.358073 -0.003942 -0.026088 0.003151 0.999647
1643091441.136264 0.097298 -0.000440 0.403327 -0.005430 -0.025775 0.004180 0.999644
1643091441.236262 0.106623 0.003407 0.459382 -0.005661 -0.023839 0.004123 0.999691
1643091441.436262 0.132107 0.008374 0.566466 -0.006360 -0.023515 0.004575 0.999693
1643091441.536262 0.136325 0.011939 0.615253 -0.007405 -0.023240 0.003734 0.999696
1643091441.636262 0.152209 0.012257 0.690887 -0.007837 -0.025995 0.004311 0.999622
1643091441.736262 0.170147 0.030665 0.704292 -0.005028 -0.036824 0.004770 0.999298
1643091442.436261 0.181557 0.066300 1.036861 -0.003063 -0.143089 0.012938 0.989621
1643091442.536261 0.171657 0.057199 1.099975 -0.007250 -0.161562 0.015332 0.986717
1643091442.636261 0.150380 0.057018 1.152224 -0.009467 -0.176890 0.016316 0.984050
1643091442.736261 0.129136 0.067456 1.199562 -0.008594 -0.193144 0.018713 0.980954
1643091442.836261 0.144800 0.084576 1.229209 -0.003067 -0.218923 0.018203 0.975568
1643091443.036261 0.107429 0.087115 1.339959 -0.005548 -0.257535 0.020583 0.966034
1643091443.136261 0.102057 0.096187 1.387613 -0.001871 -0.285379 0.024092 0.958110
1643091443.236261 0.080233 0.100944 1.437425 -0.002397 -0.309925 0.027376 0.950364
1643091443.436260 0.032986 0.110585 1.525358 -0.000686 -0.363048 0.030518 0.931270
1643091443.536260 0.002344 0.114610 1.564229 0.000497 -0.387535 0.032560 0.921280
1643091443.636260 -0.029019 0.118107 1.606509 -0.000768 -0.411282 0.033632 0.910887
1643091444.036260 -0.189433 0.127538 1.747929 0.000957 -0.495805 0.039519 0.867534
1643091444.236260 -0.282165 0.132994 1.805113 0.001574 -0.532288 0.042514 0.845494
1643091444.336260 -0.329621 0.135194 1.831474 0.001795 -0.552278 0.043506 0.832522
1643091444.436259 -0.380553 0.135864 1.853352 0.001692 -0.570926 0.045028 0.819764
1643091444.636259 -0.486272 0.137953 1.887585 0.001339 -0.605506 0.047152 0.794442
1643091444.736261 -0.540879 0.138232 1.897953 0.002664 -0.618739 0.047473 0.784157
1643091444.836259 -0.602045 0.138784 1.910522 0.002391 -0.631230 0.048003 0.774105
1643091445.036259 -0.725814 0.140227 1.929543 0.002972 -0.650424 0.048590 0.758010
1643091445.136259 -0.792624 0.138162 1.938471 0.001970 -0.658712 0.049099 0.750789
1643091445.236259 -0.851974 0.139039 1.945363 0.002270 -0.664210 0.048879 0.745943
1643091445.436258 -0.979600 0.138775 1.963546 0.002483 -0.673948 0.048921 0.737153
1643091445.536258 -1.045486 0.141608 1.976048 0.002755 -0.679599 0.048869 0.731949
1643091445.636258 -1.107935 0.142687 1.983753 0.002080 -0.683821 0.048181 0.728055
1643091445.736259 -1.175635 0.140036 1.986758 0.001587 -0.688109 0.050000 0.723881
1643091445.836258 -1.241172 0.140228 1.992084 0.002498 -0.693034 0.050602 0.719123
1643091446.036258 -1.375468 0.137535 1.998918 0.002038 -0.702035 0.050667 0.710335
1643091446.136258 -1.447990 0.138259 2.002252 0.002439 -0.705257 0.050359 0.707157
1643091446.236260 -1.526844 0.135850 2.009863 0.002373 -0.708591 0.051148 0.703759
1643091446.336259 -1.596793 0.133834 2.013150 0.001813 -0.712014 0.050176 0.700368
1643091446.436258 -1.654272 0.140868 2.015436 0.005639 -0.710433 0.052810 0.701758
1643091446.536259 -1.721301 0.142848 2.024676 0.004884 -0.708044 0.050429 0.704348
1643091446.636257 -1.795642 0.133567 2.031278 0.002734 -0.705168 0.052537 0.707086
1643091446.836266 -1.938768 0.130328 2.048802 0.001726 -0.703623 0.052786 0.708608
1643091446.936257 -2.005781 0.132537 2.044803 -0.000561 -0.701998 0.056060 0.709969
1643091447.036260 -2.078356 0.138101 2.062126 0.003542 -0.704432 0.049641 0.708024
1643091447.136261 -2.148720 0.144703 2.065335 0.004733 -0.706230 0.053834 0.705917
1643091447.236258 -2.213327 0.142092 2.071972 0.005378 -0.708248 0.050034 0.704168
1643091447.336258 -2.286520 0.138909 2.073937 0.003801 -0.708538 0.050646 0.703843
1643091447.436260 -2.364539 0.139034 2.081779 0.003216 -0.709208 0.050992 0.703145
1643091447.636256 -2.511395 0.140954 2.087078 0.002521 -0.708278 0.052622 0.703965
1643091447.736256 -2.581582 0.141559 2.092767 0.002727 -0.707850 0.051659 0.704466
1643091447.836285 -2.644433 0.150988 2.097368 0.005634 -0.707479 0.053347 0.704695
1643091447.936265 -2.720739 0.145998 2.109185 0.004235 -0.706548 0.051027 0.705810
1643091448.036271 -2.795912 0.150579 2.118449 0.004726 -0.705789 0.051002 0.706568
1643091448.136266 -2.875093 0.146279 2.128217 0.002312 -0.704822 0.051295 0.707524
1643091448.236262 -2.949276 0.155777 2.140215 0.004995 -0.706170 0.052369 0.706085
1643091448.436269 -3.102609 0.151555 2.146976 0.002278 -0.708902 0.051710 0.703405
1643091448.536259 -3.174179 0.151294 2.155362 0.004153 -0.712882 0.053296 0.699243
1643091448.636256 -3.244437 0.154232 2.159718 0.003577 -0.714389 0.053165 0.697717
1643091448.736288 -3.317551 0.154280 2.167960 0.003085 -0.715815 0.053551 0.696227
1643091448.836286 -3.391912 0.167335 2.169468 0.004671 -0.715935 0.054120 0.696051
1643091448.936300 -3.455891 0.172870 2.181577 0.006349 -0.717312 0.054673 0.694575
1643091449.036268 -3.529787 0.170165 2.189428 0.005374 -0.717724 0.053760 0.694229
1643091449.236259 -3.679140 0.173772 2.212297 0.006503 -0.717927 0.054765 0.693931
1643091449.336261 -3.754022 0.177968 2.224385 0.007386 -0.718003 0.056553 0.693700
1643091449.436256 -3.841153 0.174152 2.238174 0.005339 -0.718454 0.056365 0.693267
1643091449.536258 -3.908727 0.175529 2.245563 0.005372 -0.718553 0.055364 0.693245
1643091449.636261 -3.992814 0.175286 2.249935 0.005114 -0.718732 0.057266 0.692906
1643091449.836264 -4.138686 0.176473 2.264774 0.005983 -0.719560 0.057604 0.692011
1643091449.936263 -4.215699 0.181971 2.270696 0.004979 -0.719422 0.058096 0.692122
1643091450.036267 -4.296275 0.181719 2.278269 0.005854 -0.720196 0.057541 0.691355
1643091450.136256 -4.376301 0.180591 2.287707 0.005161 -0.721373 0.057281 0.690155
1643091450.236256 -4.447356 0.187221 2.291808 0.006997 -0.721445 0.058114 0.689994
1643091450.336254 -4.524607 0.180161 2.304766 0.005363 -0.722368 0.057245 0.689115
1643091450.436255 -4.603256 0.183105 2.314759 0.006670 -0.721869 0.057118 0.689636
1643091450.636258 -4.756586 0.184962 2.336031 0.005974 -0.720901 0.058309 0.690555
1643091450.736268 -4.837604 0.184068 2.348034 0.004546 -0.721331 0.058123 0.690132
1643091450.836254 -4.912993 0.187430 2.359883 0.005411 -0.720992 0.058005 0.690490
1643091450.936264 -4.989728 0.187943 2.369319 0.005224 -0.719548 0.058496 0.691955
1643091451.336256 -5.303633 0.189156 2.423814 0.004325 -0.715147 0.059047 0.696462
1643091451.436254 -5.380702 0.191717 2.434501 0.005017 -0.714382 0.060355 0.697130
1643091451.636254 -5.536596 0.189748 2.463266 0.004923 -0.714305 0.059192 0.697309
1643091451.736252 -5.614420 0.190687 2.482738 0.006227 -0.713170 0.060260 0.698368
1643091451.836252 -5.695013 0.193201 2.499096 0.006824 -0.711237 0.061215 0.700249
1643091452.036254 -5.856683 0.188650 2.532283 0.004062 -0.709300 0.059969 0.702340
1643091452.136254 -5.931728 0.188586 2.548274 0.004879 -0.708094 0.060660 0.703491
1643091452.236252 -6.004302 0.191694 2.561733 0.005955 -0.705922 0.060342 0.705689
1643091452.336253 -6.090014 0.190416 2.580563 0.004423 -0.704719 0.060240 0.706910
1643091452.436254 -6.165506 0.190636 2.595420 0.004688 -0.702878 0.060232 0.708740
1643091452.536255 -6.239956 0.191596 2.612277 0.004908 -0.701614 0.060516 0.709966
1643091452.636255 -6.319609 0.191431 2.627224 0.004211 -0.701215 0.060175 0.710394
1643091452.836256 -6.460748 0.192700 2.657827 0.006488 -0.702707 0.060653 0.708860
1643091452.936251 -6.544996 0.191868 2.673240 0.005349 -0.702696 0.061798 0.708781
1643091453.036254 -6.620843 0.187131 2.691554 0.003532 -0.703377 0.059856 0.708284
1643091453.136251 -6.698497 0.191770 2.705678 0.002219 -0.703916 0.060956 0.707660
1643091453.236253 -6.774838 0.189485 2.720378 0.002028 -0.707332 0.063010 0.704064
1643091453.436252 -6.924627 0.190902 2.739048 0.003653 -0.710732 0.062062 0.700711
1643091453.536252 -7.002408 0.188129 2.749049 0.004818 -0.711460 0.062310 0.699943
1643091453.636254 -7.085250 0.183083 2.765208 0.005063 -0.711442 0.060906 0.700082
1643091453.736252 -7.168971 0.183472 2.773025 0.004143 -0.709457 0.060882 0.702102
1643091453.836250 -7.247378 0.186609 2.783807 0.004922 -0.709085 0.061114 0.702453
1643091453.936251 -7.325453 0.188805 2.798148 0.004797 -0.709541 0.061021 0.702001
1643091454.036251 -7.405757 0.187137 2.811330 0.005071 -0.708863 0.061126 0.702674
1643091454.236250 -7.571304 0.187393 2.836224 0.003923 -0.708376 0.060991 0.703184
1643091454.336250 -7.654490 0.190667 2.852454 0.004882 -0.709173 0.061362 0.702342
1643091454.436250 -7.734316 0.194912 2.861016 0.003186 -0.709598 0.061391 0.701920
1643091454.536250 -7.813126 0.191104 2.874987 0.004866 -0.710194 0.061398 0.701306
1643091454.636250 -7.890673 0.185161 2.886333 0.003309 -0.709590 0.059889 0.702057
1643091454.736252 -7.973178 0.186939 2.903981 0.004838 -0.708466 0.059743 0.703195
1643091454.836250 -8.055339 0.185970 2.913229 0.005297 -0.706437 0.059778 0.705227
1643091455.036251 -8.213157 0.186150 2.936295 0.004658 -0.703804 0.059692 0.707867
1643091455.136249 -8.289093 0.187337 2.947066 0.004382 -0.702103 0.059103 0.709605
1643091455.236249 -8.369896 0.186650 2.957004 0.005200 -0.698666 0.060195 0.712893
1643091455.336249 -8.450228 0.185756 2.970894 0.005279 -0.696471 0.059704 0.715077
1643091455.436249 -8.533516 0.183714 2.985122 0.003429 -0.695296 0.059310 0.716264
1643091455.536250 -8.613020 0.185138 2.998062 0.003787 -0.694468 0.059770 0.717027
1643091455.636249 -8.690309 0.184684 3.011163 0.002075 -0.695511 0.058404 0.716135
1643091455.836249 -8.840267 0.181209 3.030702 0.004093 -0.700293 0.058434 0.711448
1643091455.936251 -8.920884 0.184147 3.038833 0.004519 -0.702945 0.058044 0.708858
1643091456.036250 -8.998869 0.184955 3.049547 0.006030 -0.705312 0.059106 0.706403
1643091456.136253 -9.077791 0.183125 3.058949 0.005190 -0.708051 0.058750 0.703694
1643091456.236252 -9.150383 0.181951 3.066204 0.004498 -0.711027 0.059081 0.700664
1643091456.336248 -9.223885 0.182481 3.076884 0.007590 -0.714637 0.059447 0.696924
1643091456.436248 -9.304073 0.178076 3.078699 0.007065 -0.715358 0.058801 0.696244
1643091456.636248 -9.467854 0.177009 3.095550 0.006299 -0.716911 0.058943 0.694640
1643091456.736252 -9.539595 0.179358 3.111696 0.006023 -0.718042 0.059541 0.693422
1643091456.836248 -9.615643 0.177825 3.116991 0.005991 -0.718254 0.059322 0.693222
1643091456.936254 -9.710236 0.177677 3.126352 0.004919 -0.718045 0.059566 0.693425
1643091457.036255 -9.785615 0.177884 3.141623 0.005762 -0.718961 0.057901 0.692610
1643091457.136248 -9.867357 0.174819 3.150338 0.006035 -0.717710 0.058385 0.693864
1643091457.236252 -9.939697 0.177092 3.162656 0.007391 -0.716827 0.056750 0.694898
1643091457.336289 -10.021857 0.179687 3.177384 0.008489 -0.716288 0.056136 0.695491
1643091457.436262 -10.102690 0.176995 3.181710 0.006499 -0.714091 0.056941 0.697703
1643091457.636255 -10.259552 0.175360 3.203837 0.006650 -0.714480 0.057632 0.697246
1643091457.736257 -10.338554 0.178075 3.215526 0.007573 -0.713125 0.057581 0.698627
1643091457.836267 -10.426722 0.177229 3.230104 0.006719 -0.712553 0.056278 0.699326
1643091457.936258 -10.504650 0.175642 3.240499 0.004984 -0.712457 0.057176 0.699364
1643091458.036264 -10.583243 0.174468 3.250017 0.004603 -0.713448 0.057979 0.698290
1643091458.136247 -10.661039 0.172555 3.257010 0.004495 -0.714731 0.057053 0.697054
1643091458.236247 -10.729971 0.175502 3.268332 0.006366 -0.716786 0.057782 0.694866
1643091458.436260 -10.894505 0.173583 3.294947 0.005680 -0.717937 0.057242 0.693727
1643091458.536255 -10.973337 0.177046 3.303958 0.006513 -0.716356 0.057710 0.695313
1643091458.636248 -11.058146 0.173752 3.316948 0.004955 -0.715562 0.056090 0.696276
1643091458.736246 -11.124840 0.174978 3.323475 0.006405 -0.714526 0.057373 0.697223
1643091458.836250 -11.204778 0.174570 3.338365 0.005786 -0.713723 0.056691 0.698106
1643091458.936248 -11.281063 0.170870 3.349517 0.006386 -0.712594 0.059045 0.699059
1643091459.336246 -11.597827 0.164284 3.391884 0.003507 -0.710881 0.058124 0.700898
1643091459.436245 -11.674420 0.162621 3.400956 0.003696 -0.711159 0.058396 0.700592
1643091459.636245 -11.827906 0.162880 3.420122 0.003349 -0.710163 0.056722 0.701741
1643091459.736246 -11.906502 0.161852 3.429120 0.003328 -0.708625 0.057366 0.703242
1643091459.836245 -11.980207 0.166245 3.436626 0.003502 -0.707854 0.058894 0.703891
1643091459.936246 -12.061032 0.161581 3.445750 0.002078 -0.707341 0.058509 0.704444
1643091460.036245 -12.133959 0.162773 3.455084 0.002966 -0.706693 0.058228 0.705114
1643091460.236244 -12.284607 0.162669 3.475945 0.003237 -0.705249 0.058890 0.706502
1643091460.336249 -12.356593 0.165072 3.475632 0.002790 -0.703116 0.059411 0.708584
1643091460.436244 -12.432001 0.164207 3.487097 0.002615 -0.703200 0.058974 0.708537
1643091460.536244 -12.507018 0.163671 3.495139 0.001634 -0.703355 0.058484 0.708427
1643091460.636249 -12.579545 0.160340 3.506147 0.001656 -0.704012 0.059972 0.707650
1643091460.736245 -12.656023 0.163000 3.520059 0.001437 -0.705326 0.059271 0.706399
1643091460.836244 -12.728527 0.158295 3.531148 0.001210 -0.706044 0.059102 0.705697
1643091461.036246 -12.876034 0.154124 3.547256 0.000385 -0.707679 0.059327 0.704039
1643091461.136245 -12.946474 0.160505 3.555010 0.000942 -0.709491 0.060490 0.702113
1643091461.236243 -13.018062 0.159887 3.560431 -0.001738 -0.710676 0.062059 0.700775
1643091461.336243 -13.087315 0.168732 3.572268 0.000502 -0.713040 0.063860 0.698209
1643091461.436243 -13.166734 0.164320 3.574900 -0.001289 -0.713696 0.064051 0.697520
1643091461.536244 -13.242100 0.162024 3.580966 -0.001814 -0.715649 0.065907 0.695342
1643091461.636243 -13.344274 0.115833 3.594303 -0.009087 -0.722598 0.057877 0.688782
1643091461.736243 -13.416644 0.113992 3.596009 -0.008613 -0.727854 0.058229 0.683201
1643091461.836243 -13.490288 0.110704 3.599389 -0.007142 -0.735593 0.058218 0.674880
1643091461.936243 -13.579359 0.100234 3.608051 -0.009734 -0.745932 0.056861 0.663519
1643091462.036243 -13.653130 0.101001 3.608582 -0.010015 -0.754873 0.057913 0.653233
1643091462.236242 -13.813280 0.086770 3.587814 -0.013071 -0.771139 0.057725 0.633910
1643091462.336243 -13.881712 0.087561 3.584343 -0.011790 -0.781945 0.059145 0.620423
1643091462.436242 -13.945717 0.097062 3.577011 -0.010120 -0.791528 0.062717 0.607823
1643091462.536242 -14.041482 0.075267 3.559760 -0.015491 -0.801006 0.058762 0.595564
1643091462.636242 -14.108709 0.075051 3.549335 -0.014349 -0.812306 0.061120 0.579843
1643091462.736242 -14.168261 0.075016 3.532274 -0.015715 -0.823425 0.062234 0.563783
1643091462.836242 -14.248983 0.073706 3.509830 -0.016459 -0.836000 0.062928 0.544861
1643091463.036243 -14.375436 0.075154 3.469580 -0.014899 -0.862950 0.067498 0.500539
1643091463.136242 -14.449037 0.072915 3.436598 -0.015869 -0.876569 0.068299 0.476141
1643091463.236241 -14.511283 0.075647 3.405464 -0.014790 -0.889336 0.070759 0.451505
1643091463.336241 -14.578552 0.072961 3.365138 -0.013874 -0.901262 0.071596 0.427093
1643091463.436241 -14.639420 0.067708 3.323576 -0.014686 -0.912543 0.072149 0.402299
1643091463.536241 -14.696779 0.065403 3.282642 -0.014901 -0.922733 0.074328 0.377912
1643091463.636241 -14.753403 0.064065 3.232632 -0.014153 -0.931783 0.074258 0.355059
1643091463.736241 -14.808599 0.058589 3.180526 -0.014527 -0.940219 0.074387 0.332031
1643091463.836241 -14.858837 0.059596 3.131219 -0.013340 -0.948472 0.077140 0.307038
1643091463.936241 -14.902255 0.054185 3.069215 -0.014817 -0.955922 0.074781 0.283553
1643091464.036245 -14.941447 0.050862 3.013665 -0.012629 -0.962633 0.076645 0.259430
1643091464.236241 -15.009480 0.044059 2.889687 -0.012321 -0.973455 0.077967 0.214837
1643091464.336242 -15.047033 0.035560 2.812389 -0.011867 -0.977887 0.078765 0.193370
1643091464.436240 -15.075027 0.030768 2.741361 -0.011223 -0.981394 0.079453 0.174435
1643091464.536240 -15.097253 0.025167 2.670334 -0.012491 -0.984617 0.080135 0.154764
1643091464.636240 -15.119939 0.017166 2.596290 -0.010296 -0.987426 0.080285 0.135788
1643091464.736243 -15.140165 0.009814 2.523495 -0.009930 -0.989569 0.081026 0.118696
1643091464.836240 -15.157810 0.005844 2.446746 -0.009589 -0.991120 0.082075 0.104179
1643091464.936240 -15.175474 0.000577 2.366835 -0.009783 -0.992378 0.082182 0.091302
1643091465.036242 -15.192792 -0.008080 2.285604 -0.009563 -0.993342 0.083818 0.078454
1643091465.236244 -15.213212 -0.022603 2.127961 -0.009276 -0.994691 0.082018 0.061457
1643091465.336241 -15.221035 -0.027816 2.046517 -0.008665 -0.995066 0.083450 0.052956
1643091465.436242 -15.228028 -0.033731 1.963499 -0.008169 -0.995524 0.083203 0.044082
1643091465.536239 -15.235779 -0.042179 1.881096 -0.008928 -0.995848 0.083761 0.034511
1643091465.636239 -15.242652 -0.048993 1.800234 -0.007953 -0.996107 0.083835 0.026074
1643091465.736241 -15.246430 -0.058070 1.725166 -0.008561 -0.996260 0.084166 0.017570
1643091465.836242 -15.251385 -0.064538 1.646364 -0.007768 -0.996330 0.084483 0.011348
1643091465.936241 -15.255255 -0.072589 1.563892 -0.007468 -0.996402 0.084117 0.007235
1643091466.036239 -15.265823 -0.077855 1.484455 -0.007513 -0.996328 0.085275 0.001678
1643091466.236239 -15.284562 -0.094544 1.318545 -0.008586 -0.996253 0.084774 -0.014846
1643091466.336239 -15.296375 -0.100910 1.232470 -0.008965 -0.996020 0.085408 -0.023857
1643091466.436244 -15.300209 -0.107071 1.149641 -0.008823 -0.995954 0.083913 -0.030916
1643091466.536239 -15.306259 -0.118240 1.069966 -0.006932 -0.995709 0.084603 -0.036843
1643091466.636238 -15.306195 -0.124712 0.979680 -0.007138 -0.995627 0.085291 -0.037433
1643091466.736240 -15.310659 -0.131756 0.898376 -0.007819 -0.995708 0.084269 -0.037474
1643091466.836238 -15.317128 -0.138757 0.814283 -0.006981 -0.995671 0.085679 -0.035358
1643091467.036238 -15.331492 -0.157083 0.651646 -0.008096 -0.995895 0.083599 -0.033733
1643091467.136242 -15.339664 -0.164811 0.571182 -0.007943 -0.995883 0.084326 -0.032286
1643091467.436243 -15.348563 -0.185283 0.312570 -0.011006 -0.996117 0.083127 -0.026822
1643091467.636237 -15.357652 -0.205839 0.151284 -0.009565 -0.996280 0.082396 -0.023356
1643091467.736238 -15.357332 -0.211755 0.072954 -0.009446 -0.996290 0.082686 -0.021919
1643091467.836237 -15.359875 -0.214659 -0.010161 -0.010096 -0.996212 0.083578 -0.021775
1643091468.036238 -15.359912 -0.230833 -0.174591 -0.010428 -0.996205 0.083406 -0.022609
1643091468.136237 -15.363095 -0.232072 -0.255383 -0.010329 -0.996163 0.083805 -0.022999
1643091468.236237 -15.367625 -0.243904 -0.338286 -0.009768 -0.996209 0.082873 -0.024579
1643091468.336239 -15.369558 -0.252824 -0.420991 -0.010666 -0.996118 0.083681 -0.025156
1643091468.436238 -15.370671 -0.252542 -0.505982 -0.011258 -0.995993 0.085372 -0.024159
1643091468.536236 -15.377090 -0.262318 -0.587687 -0.011483 -0.996054 0.084978 -0.022879
1643091468.636237 -15.380866 -0.266766 -0.666190 -0.010876 -0.996100 0.085399 -0.019340
1643091468.736236 -15.388513 -0.269401 -0.742030 -0.009609 -0.996105 0.085854 -0.017656
1643091468.836240 -15.397123 -0.277089 -0.825275 -0.009196 -0.996032 0.086863 -0.017057
1643091469.036240 -15.408311 -0.287976 -0.979948 -0.010468 -0.995903 0.088697 -0.014136
1643091469.136236 -15.417048 -0.296715 -1.058893 -0.009049 -0.995983 0.088104 -0.013167
1643091469.236238 -15.425987 -0.303408 -1.138197 -0.007939 -0.996041 0.087638 -0.012583
1643091469.336238 -15.432901 -0.311510 -1.215430 -0.009008 -0.996022 0.087802 -0.012282
1643091469.436237 -15.443950 -0.320306 -1.297333 -0.009084 -0.995972 0.088240 -0.013067
1643091469.536236 -15.454360 -0.321344 -1.372545 -0.007977 -0.995878 0.089359 -0.013343
1643091469.636236 -15.462622 -0.329218 -1.454261 -0.010231 -0.995755 0.090648 -0.012233
1643091469.736236 -15.475605 -0.341683 -1.535692 -0.011067 -0.996032 0.087286 -0.013395
1643091469.836235 -15.482606 -0.339902 -1.609160 -0.010581 -0.995752 0.090268 -0.014776
1643091470.036235 -15.499846 -0.355916 -1.770384 -0.008104 -0.995690 0.090874 -0.016676
1643091470.136245 -15.506729 -0.360461 -1.845378 -0.009883 -0.995656 0.090867 -0.017747
1643091470.236235 -15.512346 -0.364947 -1.920752 -0.008080 -0.995753 0.090010 -0.017582
1643091470.336237 -15.523554 -0.373932 -1.998764 -0.008459 -0.995603 0.091602 -0.017657
1643091470.436243 -15.534968 -0.373140 -2.074669 -0.006043 -0.995518 0.092567 -0.018424
1643091470.536266 -15.546879 -0.384817 -2.152343 -0.006489 -0.995488 0.092496 -0.020133
1643091470.636234 -15.555500 -0.393885 -2.228961 -0.007800 -0.995415 0.093260 -0.019766
1643091470.736237 -15.569330 -0.400438 -2.308444 -0.008203 -0.995547 0.091471 -0.021241
1643091470.836234 -15.582520 -0.410300 -2.386310 -0.008086 -0.995469 0.092028 -0.022523
1643091470.936235 -15.592277 -0.417458 -2.458517 -0.008973 -0.995432 0.092028 -0.023801
1643091471.036238 -15.601540 -0.427194 -2.534774 -0.008801 -0.995507 0.090778 -0.025450
1643091471.236234 -15.617085 -0.441346 -2.680256 -0.007613 -0.995543 0.090260 -0.026264
1643091471.336237 -15.623656 -0.446220 -2.753706 -0.007158 -0.995445 0.091453 -0.025955
1643091471.436237 -15.628588 -0.456640 -2.833733 -0.008513 -0.995439 0.091602 -0.025244
1643091471.536234 -15.639380 -0.461974 -2.907382 -0.007960 -0.995434 0.091294 -0.026725
1643091471.636234 -15.639485 -0.463732 -2.977220 -0.007601 -0.995365 0.092432 -0.025451
1643091471.736243 -15.646342 -0.470580 -3.051820 -0.006310 -0.995461 0.091784 -0.024379
1643091471.836234 -15.651089 -0.476673 -3.126792 -0.007711 -0.995385 0.092745 -0.023411
1643091471.936250 -15.664948 -0.484795 -3.210102 -0.007732 -0.995364 0.092903 -0.023679
1643091472.036243 -15.665553 -0.491411 -3.281847 -0.008721 -0.995479 0.092212 -0.021048
1643091472.136236 -15.680313 -0.503200 -3.364747 -0.008001 -0.995551 0.091245 -0.022107
1643091472.236233 -15.684979 -0.507198 -3.433728 -0.006910 -0.995596 0.091243 -0.020367
1643091472.436233 -15.705265 -0.522955 -3.593920 -0.007457 -0.995615 0.091519 -0.017852
1643091472.536234 -15.709772 -0.535525 -3.675255 -0.010445 -0.995730 0.090134 -0.016973
1643091472.636241 -15.720423 -0.541932 -3.747457 -0.008078 -0.995836 0.089422 -0.015805
1643091472.736236 -15.728002 -0.553903 -3.826974 -0.010360 -0.995797 0.089913 -0.014030
1643091472.836235 -15.740447 -0.561043 -3.904477 -0.011038 -0.995796 0.089925 -0.013471
1643091472.936232 -15.755153 -0.569198 -3.986520 -0.010967 -0.995723 0.091021 -0.011430
1643091473.036232 -15.771350 -0.578858 -4.063190 -0.011298 -0.995769 0.090647 -0.009978
1643091473.136238 -15.787719 -0.583171 -4.142000 -0.010096 -0.995662 0.091933 -0.010177
1643091473.236234 -15.788611 -0.592194 -4.220783 -0.013117 -0.995704 0.091105 -0.010074
1643091473.336243 -15.798808 -0.598041 -4.293619 -0.011111 -0.995569 0.092713 -0.011108
1643091473.436236 -15.805434 -0.606158 -4.373976 -0.012443 -0.995665 0.091461 -0.011467
1643091473.636233 -15.835306 -0.622434 -4.533540 -0.011392 -0.995539 0.092903 -0.011866
1643091473.736234 -15.843522 -0.631813 -4.615203 -0.011475 -0.995641 0.092142 -0.008804
1643091473.836237 -15.853121 -0.640707 -4.698568 -0.012538 -0.995756 0.090979 -0.006023
1643091473.936232 -15.867582 -0.646870 -4.775268 -0.012652 -0.995752 0.091020 -0.005825
1643091474.036233 -15.883001 -0.657141 -4.853019 -0.011229 -0.995638 0.092345 -0.007102
1643091474.136235 -15.897146 -0.658533 -4.925427 -0.014258 -0.995491 0.093620 -0.005479
1643091474.236231 -15.907030 -0.673154 -5.006954 -0.015021 -0.995759 0.090689 -0.003862
1643091474.336231 -15.922016 -0.680702 -5.086906 -0.013074 -0.995728 0.091292 -0.004501
1643091474.436231 -15.933687 -0.689730 -5.170176 -0.014370 -0.995723 0.091180 -0.003865
1643091474.536234 -15.945178 -0.698230 -5.244482 -0.013659 -0.995716 0.091409 -0.002846
1643091474.636236 -15.957286 -0.704463 -5.324416 -0.014431 -0.995665 0.091858 -0.002340
1643091474.736231 -15.966909 -0.712128 -5.412848 -0.014513 -0.995702 0.091466 -0.000621
1643091474.836234 -15.977823 -0.719116 -5.498290 -0.014866 -0.995655 0.091930 0.000184
1643091474.936230 -15.998436 -0.731018 -5.574025 -0.013275 -0.995829 0.090263 -0.000620
1643091475.036231 -16.006752 -0.734021 -5.661797 -0.015278 -0.995690 0.091470 0.001234
1643091475.136230 -16.020473 -0.744230 -5.739000 -0.014487 -0.995749 0.090946 0.001432
1643091475.236232 -16.031630 -0.754291 -5.828677 -0.015627 -0.995688 0.091381 0.003333
1643091475.336232 -16.048140 -0.760764 -5.911104 -0.016797 -0.995654 0.091448 0.005366
1643091475.436230 -16.066547 -0.771579 -5.991913 -0.013906 -0.995803 0.090204 0.006819
1643091475.536232 -16.083380 -0.782457 -6.078319 -0.016462 -0.995777 0.090018 0.007334
1643091475.636260 -16.096329 -0.792082 -6.157712 -0.016618 -0.995765 0.090010 0.008595
1643091475.736232 -16.112373 -0.795032 -6.235008 -0.016044 -0.995786 0.089861 0.008759
1643091475.836236 -16.126812 -0.796112 -6.303011 -0.016413 -0.995715 0.090674 0.007753
1643091475.936232 -16.139345 -0.799252 -6.380894 -0.016916 -0.995675 0.091004 0.008021
1643091476.036531 -16.153177 -0.806487 -6.465555 -0.020139 -0.995570 0.091390 0.009074
1643091476.136236 -16.164749 -0.814623 -6.529917 -0.019116 -0.995630 0.090988 0.008776
1643091476.236256 -16.183487 -0.826042 -6.615155 -0.017334 -0.995686 0.090824 0.007794
1643091476.336268 -16.199427 -0.829772 -6.689416 -0.018180 -0.995534 0.092385 0.006805
1643091476.436232 -16.214760 -0.838030 -6.763740 -0.018124 -0.995638 0.091118 0.008586
1643091476.536233 -16.228504 -0.848134 -6.839067 -0.021039 -0.995579 0.090843 0.011310
1643091476.636245 -16.237511 -0.838257 -6.892625 -0.016685 -0.995521 0.092069 0.013549
1643091476.736244 -16.255146 -0.834156 -6.965424 -0.013122 -0.995522 0.092467 0.014609
1643091476.836241 -16.268024 -0.846878 -7.044338 -0.013980 -0.995607 0.090854 0.017782
1643091476.936254 -16.285770 -0.867265 -7.127029 -0.017891 -0.995409 0.091861 0.020080
1643091477.036234 -16.302830 -0.876576 -7.207003 -0.019520 -0.995418 0.091181 0.021158
1643091477.136228 -16.318386 -0.888982 -7.288732 -0.021419 -0.995320 0.091343 0.023129
1643091477.236236 -16.335443 -0.893249 -7.349277 -0.018793 -0.995361 0.091311 0.023775
1643091477.336249 -16.352055 -0.903494 -7.432504 -0.021385 -0.995261 0.091412 0.025345
1643091477.436256 -16.367329 -0.911444 -7.503925 -0.021375 -0.995268 0.090465 0.028294
1643091477.536234 -16.386789 -0.910785 -7.581297 -0.019747 -0.995097 0.091511 0.031896
1643091477.636229 -16.414562 -0.927074 -7.649949 -0.018634 -0.995208 0.089913 0.033622
1643091477.736239 -16.438044 -0.932992 -7.722277 -0.017199 -0.995303 0.088896 0.034259
1643091477.836229 -16.466326 -0.956863 -7.814253 -0.020443 -0.995316 0.087354 0.036022
1643091477.936227 -16.475893 -0.952731 -7.887577 -0.022601 -0.994891 0.089084 0.041787
1643091478.036234 -16.500721 -0.962335 -7.953029 -0.021842 -0.994976 0.088168 0.042085
1643091478.136228 -16.521156 -0.970936 -8.026433 -0.022314 -0.994932 0.088204 0.042813
1643091478.236227 -16.544182 -0.975623 -8.093778 -0.022447 -0.995028 0.087526 0.041879
1643091478.336227 -16.560141 -0.978379 -8.177986 -0.023322 -0.994912 0.088999 0.041062
1643091478.436227 -16.574638 -0.986658 -8.267771 -0.023798 -0.994917 0.089840 0.038762
1643091478.536244 -16.599041 -1.001962 -8.338307 -0.022768 -0.995370 0.087242 0.033293
1643091478.636233 -16.624798 -1.006957 -8.412439 -0.022397 -0.995454 0.088679 0.026583
1643091478.736228 -16.642406 -1.003026 -8.498899 -0.021573 -0.995464 0.090145 0.021463
1643091478.836238 -16.667475 -1.011795 -8.574277 -0.023004 -0.995699 0.088961 0.011854
1643091478.936228 -16.686089 -1.026476 -8.650723 -0.023232 -0.995855 0.087819 0.004492
1643091479.036227 -16.706131 -1.024133 -8.732236 -0.021783 -0.995736 0.089430 -0.006126
1643091479.136226 -16.724043 -1.027000 -8.803490 -0.021339 -0.995567 0.090480 -0.014293
1643091479.236227 -16.738144 -1.027054 -8.875998 -0.020465 -0.995327 0.092087 -0.020632
1643091479.336227 -16.751616 -1.038710 -8.946353 -0.021143 -0.995313 0.090648 -0.026226
1643091479.436228 -16.771332 -1.084525 -9.047203 -0.022602 -0.995655 0.085063 -0.030412
1643091479.536226 -16.786642 -1.077422 -9.110947 -0.021270 -0.995252 0.087354 -0.037303
1643091479.636226 -16.798664 -1.084891 -9.185907 -0.021288 -0.995105 0.087625 -0.040438
1643091479.736226 -16.816748 -1.111133 -9.277977 -0.023086 -0.995186 0.085388 -0.042206
1643091479.836229 -16.827999 -1.111773 -9.351569 -0.022923 -0.995119 0.086267 -0.042076
1643091479.936229 -16.845827 -1.116037 -9.422344 -0.022726 -0.995000 0.086981 -0.043513
1643091480.036240 -16.862677 -1.121826 -9.496613 -0.023090 -0.994927 0.087148 -0.044631
1643091480.136228 -16.877972 -1.122215 -9.570560 -0.021184 -0.995059 0.085863 -0.045125
1643091480.236236 -16.898567 -1.122949 -9.637203 -0.020682 -0.994821 0.087063 -0.048212
1643091480.336232 -16.904516 -1.143397 -9.729597 -0.022940 -0.994817 0.085913 -0.049309
1643091480.436225 -16.914499 -1.146600 -9.806593 -0.023388 -0.994648 0.085634 -0.052863
1643091480.536225 -16.926296 -1.154175 -9.879182 -0.023262 -0.994362 0.085031 -0.058925
1643091480.636226 -16.936655 -1.157323 -9.956659 -0.024069 -0.993783 0.085644 -0.066943
1643091480.736226 -16.956169 -1.166715 -10.020943 -0.024797 -0.992592 0.087016 -0.081089
1643091480.836226 -16.958960 -1.172824 -10.096968 -0.024754 -0.991558 0.088183 -0.091776
1643091480.936230 -16.966324 -1.179160 -10.168468 -0.022714 -0.990349 0.088518 -0.104199
1643091481.036225 -16.973633 -1.187501 -10.251884 -0.025753 -0.988396 0.089281 -0.120165
1643091481.136228 -16.969675 -1.185193 -10.314222 -0.024340 -0.986511 0.091458 -0.133566
1643091481.236225 -16.970766 -1.203465 -10.392509 -0.025118 -0.984266 0.091551 -0.149023
1643091481.336225 -16.968649 -1.210434 -10.468612 -0.022951 -0.981992 0.090089 -0.164468
1643091481.436227 -16.958223 -1.210902 -10.532374 -0.020689 -0.979097 0.091548 -0.180443
1643091481.536230 -16.962013 -1.221748 -10.613413 -0.022935 -0.973904 0.093310 -0.205615
1643091481.636225 -16.956047 -1.228324 -10.690434 -0.021528 -0.968104 0.092330 -0.231918
1643091481.736225 -16.936531 -1.242916 -10.764656 -0.023182 -0.961178 0.089367 -0.260026
1643091481.836226 -16.922707 -1.245551 -10.826938 -0.020430 -0.952618 0.093458 -0.288734
1643091481.936224 -16.896950 -1.252916 -10.892221 -0.020394 -0.944181 0.092713 -0.315453
1643091482.036225 -16.873531 -1.261275 -10.954439 -0.018116 -0.935461 0.092297 -0.340683
1643091482.136223 -16.848595 -1.261496 -11.014797 -0.018862 -0.924745 0.094974 -0.368065
1643091482.236223 -16.821457 -1.262668 -11.067776 -0.017338 -0.913961 0.094723 -0.394212
1643091482.336223 -16.788929 -1.275039 -11.124592 -0.017131 -0.902021 0.092377 -0.421345
1643091482.436223 -16.765303 -1.283547 -11.183284 -0.015211 -0.889488 0.093601 -0.447011
1643091482.536223 -16.724779 -1.291733 -11.230431 -0.015001 -0.878372 0.091789 -0.468842
1643091482.636224 -16.690439 -1.294228 -11.279011 -0.013953 -0.866774 0.092599 -0.489830
1643091482.736223 -16.649776 -1.296306 -11.323565 -0.013955 -0.856586 0.092786 -0.507402
1643091482.836223 -16.608921 -1.308786 -11.384538 -0.011666 -0.846455 0.090305 -0.524617
1643091482.936223 -16.569202 -1.315152 -11.429440 -0.012861 -0.835761 0.091650 -0.541238
1643091483.036223 -16.516521 -1.318580 -11.468733 -0.012232 -0.827160 0.091300 -0.554366
1643091483.136228 -16.469799 -1.323474 -11.510657 -0.010092 -0.819106 0.092528 -0.566040
1643091483.236224 -16.428528 -1.331615 -11.551952 -0.010250 -0.810841 0.091681 -0.577950
1643091483.336222 -16.378193 -1.335929 -11.589606 -0.010608 -0.802363 0.092018 -0.589605
1643091483.436222 -16.310667 -1.354756 -11.630554 -0.009853 -0.793496 0.090779 -0.601686
1643091483.536222 -16.262470 -1.351547 -11.662818 -0.009761 -0.783983 0.090435 -0.614082
1643091483.636225 -16.211102 -1.354055 -11.684771 -0.008741 -0.775822 0.089921 -0.624450
1643091483.736224 -16.150824 -1.362553 -11.714945 -0.009186 -0.768415 0.089921 -0.633537
1643091483.836222 -16.094414 -1.366613 -11.746208 -0.009241 -0.762942 0.090094 -0.640091
1643091483.936224 -16.025936 -1.373104 -11.771128 -0.007852 -0.758219 0.088690 -0.645892
1643091484.036227 -15.949461 -1.383268 -11.803623 -0.008088 -0.752759 0.088614 -0.652254
1643091484.136225 -15.883853 -1.388917 -11.828069 -0.007072 -0.747916 0.087788 -0.657925
1643091484.236221 -15.815329 -1.396084 -11.856854 -0.007472 -0.742742 0.088572 -0.663651
1643091484.336221 -15.749166 -1.399379 -11.876767 -0.007621 -0.738582 0.089328 -0.668176
1643091484.436221 -15.671295 -1.409812 -11.903092 -0.006674 -0.734353 0.087148 -0.673117
1643091484.536221 -15.598732 -1.414514 -11.920391 -0.006685 -0.730856 0.087517 -0.676865
1643091484.636224 -15.534576 -1.413322 -11.934666 -0.006269 -0.727644 0.088682 -0.680169
1643091484.736221 -15.458406 -1.425974 -11.954174 -0.006571 -0.724407 0.087120 -0.683814
1643091484.836221 -15.390029 -1.427555 -11.967571 -0.006299 -0.719988 0.088292 -0.688318
1643091484.936221 -15.309961 -1.432297 -11.981509 -0.005052 -0.714307 0.085957 -0.694515
1643091485.036221 -15.237373 -1.440125 -11.998319 -0.005465 -0.707422 0.086429 -0.701465
1643091485.136222 -15.160965 -1.445310 -12.007144 -0.004348 -0.701849 0.086313 -0.707064
1643091485.236221 -15.088470 -1.453240 -12.019114 -0.003061 -0.695836 0.085529 -0.713084
1643091485.336220 -15.008108 -1.453037 -12.023114 -0.003535 -0.691260 0.085544 -0.717517
1643091485.436220 -14.934538 -1.457494 -12.037699 -0.004402 -0.689254 0.086536 -0.719320
1643091485.536226 -14.853610 -1.462928 -12.046263 -0.004076 -0.690123 0.085258 -0.718641
1643091485.636221 -14.775301 -1.470389 -12.056583 -0.004423 -0.692391 0.085530 -0.716422
1643091485.736222 -14.699663 -1.475269 -12.068886 -0.004501 -0.694393 0.085532 -0.714480
1643091485.836220 -14.623432 -1.478003 -12.080946 -0.005436 -0.695172 0.085304 -0.713743
1643091485.936221 -14.549184 -1.482265 -12.091985 -0.005858 -0.696086 0.086415 -0.712715
1643091486.036221 -14.473419 -1.489931 -12.105934 -0.005558 -0.696628 0.086339 -0.712197
1643091486.136222 -14.392321 -1.491329 -12.115845 -0.006810 -0.697203 0.086323 -0.711625
1643091486.236222 -14.314920 -1.496814 -12.129389 -0.005644 -0.698221 0.086993 -0.710554
1643091486.336221 -14.238482 -1.505642 -12.142241 -0.006148 -0.698853 0.086561 -0.709982
1643091486.436221 -14.161312 -1.511781 -12.159591 -0.005932 -0.698847 0.086106 -0.710045
1643091486.536220 -14.082276 -1.520700 -12.178277 -0.005714 -0.698860 0.085743 -0.710077
1643091486.636220 -14.003710 -1.525025 -12.194798 -0.006752 -0.699291 0.085896 -0.709626
1643091486.736222 -13.924932 -1.531789 -12.210615 -0.006125 -0.699789 0.085126 -0.709233
1643091486.836221 -13.850589 -1.539882 -12.226828 -0.006593 -0.698785 0.084292 -0.710317
1643091486.936219 -13.775061 -1.542961 -12.243530 -0.007217 -0.696554 0.085673 -0.712335
1643091487.036224 -13.698531 -1.547823 -12.256680 -0.007567 -0.696133 0.085693 -0.712740
1643091487.136222 -13.618917 -1.554855 -12.269300 -0.007151 -0.695606 0.086140 -0.713205
1643091487.236219 -13.537787 -1.559616 -12.283029 -0.006861 -0.695308 0.085738 -0.713547
1643091487.336229 -13.459665 -1.569370 -12.294580 -0.005819 -0.695762 0.084431 -0.713269
1643091487.436222 -13.384279 -1.568394 -12.307773 -0.006982 -0.695685 0.085242 -0.713237
1643091487.536224 -13.302200 -1.572687 -12.320033 -0.008957 -0.696281 0.085049 -0.712656
1643091487.636221 -13.225838 -1.578728 -12.335229 -0.008331 -0.697063 0.085520 -0.711843
1643091487.736219 -13.145833 -1.584126 -12.355313 -0.008844 -0.697733 0.086294 -0.711086
1643091487.836219 -13.062344 -1.588443 -12.368982 -0.008151 -0.699448 0.084769 -0.709592
1643091487.936223 -12.987913 -1.596020 -12.385664 -0.008019 -0.699879 0.085564 -0.709073
1643091488.036219 -12.911589 -1.601596 -12.400313 -0.008567 -0.700416 0.086358 -0.708440
1643091488.136221 -12.833584 -1.606606 -12.418927 -0.007561 -0.701101 0.086530 -0.707752
1643091488.236218 -12.754427 -1.614872 -12.435221 -0.007511 -0.702511 0.087172 -0.706274
1643091488.336219 -12.674685 -1.624759 -12.448354 -0.007524 -0.704538 0.086126 -0.704381
1643091488.436217 -12.594785 -1.630141 -12.468481 -0.007293 -0.706032 0.086021 -0.702899
1643091488.536224 -12.517183 -1.635349 -12.482965 -0.008245 -0.706762 0.085367 -0.702234
1643091488.636218 -12.445561 -1.640118 -12.499230 -0.009143 -0.707039 0.087393 -0.701694
1643091488.736218 -12.369723 -1.643309 -12.518984 -0.009123 -0.707419 0.087119 -0.701346
1643091488.836217 -12.291481 -1.652575 -12.538219 -0.008581 -0.707685 0.086042 -0.701217
1643091488.936218 -12.213786 -1.659890 -12.559836 -0.007332 -0.707523 0.085299 -0.701485
1643091489.036219 -12.135057 -1.661667 -12.577179 -0.008814 -0.707097 0.085599 -0.701861
1643091489.136218 -12.063296 -1.667279 -12.598721 -0.009019 -0.704574 0.085339 -0.704423
1643091489.236219 -11.985188 -1.671491 -12.611254 -0.008439 -0.702547 0.085732 -0.706404
1643091489.336217 -11.914966 -1.680720 -12.626632 -0.009370 -0.700962 0.086652 -0.707853
1643091489.436222 -11.835192 -1.691728 -12.641814 -0.007610 -0.700486 0.085137 -0.708529
1643091489.536216 -11.751842 -1.694201 -12.656084 -0.008388 -0.699710 0.085199 -0.709279
1643091489.636216 -11.680622 -1.699624 -12.673864 -0.008734 -0.698032 0.085726 -0.710863
1643091489.736219 -11.601381 -1.708485 -12.688464 -0.007156 -0.698234 0.084268 -0.710857
1643091489.836237 -11.523087 -1.713643 -12.703227 -0.007286 -0.698437 0.083952 -0.710694
1643091489.936219 -11.450253 -1.717296 -12.722024 -0.009055 -0.698745 0.084422 -0.710314
1643091490.036222 -11.369264 -1.724666 -12.737657 -0.008907 -0.699373 0.083508 -0.709807
1643091490.136237 -11.297131 -1.731671 -12.762503 -0.008342 -0.698248 0.082759 -0.711008
1643091490.236244 -11.218449 -1.740042 -12.776073 -0.006918 -0.698394 0.081017 -0.711080
1643091490.336219 -11.145834 -1.745874 -12.792438 -0.007349 -0.697531 0.082660 -0.711733
1643091490.436218 -11.067890 -1.749827 -12.807801 -0.008682 -0.696238 0.083184 -0.712922
1643091490.536215 -10.992723 -1.755078 -12.824479 -0.007345 -0.695180 0.083676 -0.713911
1643091490.636227 -10.912936 -1.762715 -12.839854 -0.007145 -0.693276 0.083926 -0.715733
1643091490.736217 -10.834707 -1.768244 -12.856091 -0.007228 -0.690928 0.084168 -0.717971
1643091490.836218 -10.759486 -1.772073 -12.867166 -0.006090 -0.689888 0.084219 -0.718975
1643091490.936220 -10.683099 -1.782703 -12.884362 -0.008213 -0.687488 0.084056 -0.721268
1643091491.036215 -10.603756 -1.785873 -12.901912 -0.007978 -0.686050 0.084736 -0.722559
1643091491.136217 -10.524711 -1.792061 -12.920889 -0.007121 -0.685363 0.084505 -0.723246
1643091491.236217 -10.441732 -1.798688 -12.935195 -0.008256 -0.685397 0.083822 -0.723282
1643091491.336215 -10.365343 -1.803247 -12.952051 -0.007536 -0.685263 0.084480 -0.723340
1643091491.436234 -10.292420 -1.810346 -12.966692 -0.007040 -0.684778 0.083206 -0.723952
1643091491.536216 -10.225833 -1.807262 -12.975230 -0.006871 -0.685077 0.084729 -0.723494
1643091491.636217 -10.150638 -1.817130 -12.988239 -0.005759 -0.685416 0.085266 -0.723119
1643091491.736214 -10.064657 -1.822709 -12.998725 -0.005912 -0.687499 0.084453 -0.721233
1643091491.836227 -9.986411 -1.831514 -13.013638 -0.005404 -0.689209 0.084422 -0.719607
1643091491.936214 -9.917017 -1.831049 -13.020187 -0.006791 -0.690455 0.085664 -0.718253
1643091492.036221 -9.840697 -1.830402 -13.034591 -0.003893 -0.691993 0.086757 -0.716662
1643091492.136214 -9.767859 -1.834501 -13.046139 -0.005570 -0.694005 0.086394 -0.714746
1643091492.236214 -9.694583 -1.837355 -13.056017 -0.006410 -0.696387 0.088005 -0.712222
1643091492.336219 -9.602115 -1.847303 -13.083243 -0.005363 -0.698823 0.087011 -0.709962
1643091492.436217 -9.526240 -1.853139 -13.096968 -0.005067 -0.701368 0.086811 -0.707475
1643091492.536215 -9.449988 -1.856230 -13.120721 -0.002976 -0.701628 0.088553 -0.707013
1643091492.636214 -9.365801 -1.859936 -13.131982 -0.003826 -0.703331 0.088235 -0.705355
1643091492.736213 -9.301378 -1.860956 -13.143260 -0.003844 -0.702831 0.090253 -0.705598
1643091492.836216 -9.219465 -1.867020 -13.161963 -0.005682 -0.701991 0.088243 -0.706675
1643091492.936226 -9.135163 -1.883908 -13.183821 -0.004200 -0.702076 0.086393 -0.706829
1643091493.036215 -9.072542 -1.877790 -13.191027 -0.005833 -0.702073 0.088961 -0.706502
1643091493.136216 -8.990261 -1.890841 -13.209695 -0.006393 -0.702791 0.087310 -0.705989
1643091493.236213 -8.916370 -1.898238 -13.234537 -0.004886 -0.701810 0.086971 -0.707018
1643091493.336213 -8.869718 -1.891711 -13.250937 -0.005365 -0.700678 0.089372 -0.707838
1643091493.436233 -8.796291 -1.897928 -13.257809 -0.005334 -0.703719 0.087876 -0.705003
1643091493.536219 -8.727547 -1.900136 -13.279716 -0.003966 -0.703757 0.089655 -0.704750
1643091493.636219 -8.642467 -1.917652 -13.289077 -0.003348 -0.704438 0.087872 -0.704297
1643091493.736222 -8.564142 -1.926764 -13.302633 -0.002697 -0.702816 0.086858 -0.706044
1643091493.836227 -8.498444 -1.929759 -13.318301 -0.002641 -0.700498 0.087694 -0.708241
1643091493.936213 -8.443058 -1.922609 -13.328074 -0.002587 -0.699681 0.088606 -0.708935
1643091494.036220 -8.373554 -1.934650 -13.340880 -0.004762 -0.698977 0.087584 -0.709744
1643091494.136213 -8.298887 -1.942511 -13.353991 -0.002897 -0.698238 0.088025 -0.710428
1643091494.236227 -8.218824 -1.939896 -13.378800 -0.003284 -0.697575 0.087855 -0.711098
1643091494.336218 -8.156235 -1.949682 -13.394033 -0.004070 -0.696237 0.087670 -0.712426
1643091494.436224 -8.096969 -1.947172 -13.406123 -0.004260 -0.696050 0.089295 -0.712406
1643091494.536220 -8.029891 -1.943291 -13.415697 -0.004391 -0.696693 0.090424 -0.711635
1643091494.636224 -7.951766 -1.952887 -13.432161 -0.002492 -0.697358 0.089731 -0.711080
1643091494.736212 -7.875979 -1.954534 -13.445629 -0.002873 -0.698058 0.090007 -0.710356
1643091494.836218 -7.802038 -1.958262 -13.460281 -0.006026 -0.698884 0.089052 -0.709644
1643091494.936217 -7.744208 -1.967037 -13.480206 -0.005472 -0.698439 0.089212 -0.710066
1643091495.036232 -7.670767 -1.979564 -13.496923 -0.005298 -0.699566 0.088436 -0.709054
1643091495.136221 -7.595246 -1.979178 -13.512256 -0.005913 -0.701101 0.088811 -0.707485
1643091495.236215 -7.508476 -1.986766 -13.540462 -0.005824 -0.701657 0.088787 -0.706938
1643091495.336215 -7.439958 -1.994689 -13.547698 -0.006803 -0.703024 0.088978 -0.705545
1643091495.436213 -7.369944 -1.992874 -13.573963 -0.005412 -0.703162 0.090689 -0.705201
1643091495.536231 -7.293416 -2.008176 -13.593697 -0.006580 -0.704833 0.089589 -0.703663
1643091495.636227 -7.221964 -2.011250 -13.612068 -0.006413 -0.706847 0.089932 -0.701597
1643091495.736224 -7.152911 -2.009555 -13.627871 -0.008290 -0.709810 0.090406 -0.698518
1643091495.836220 -7.083138 -2.015958 -13.652597 -0.007881 -0.712527 0.090311 -0.695764
1643091495.936217 -7.002903 -2.020668 -13.688244 -0.008425 -0.715378 0.091022 -0.692732
1643091496.036212 -6.935129 -2.028316 -13.702551 -0.008699 -0.719797 0.090662 -0.688184
1643091496.136210 -6.870922 -2.028508 -13.718645 -0.008300 -0.721914 0.091030 -0.685919
1643091496.236212 -6.796416 -2.035689 -13.741953 -0.009828 -0.722694 0.091846 -0.684968
1643091496.336211 -6.721781 -2.041974 -13.755360 -0.008794 -0.723134 0.092404 -0.684443
1643091496.436212 -6.646078 -2.048135 -13.775209 -0.010385 -0.723103 0.090740 -0.684676
1643091496.536216 -6.569443 -2.059608 -13.796835 -0.010355 -0.721170 0.092548 -0.686471
1643091496.636215 -6.497988 -2.064810 -13.812357 -0.009272 -0.719247 0.091478 -0.688644
1643091496.736210 -6.426814 -2.066298 -13.827763 -0.011082 -0.717031 0.091805 -0.690880
1643091496.836210 -6.360343 -2.060807 -13.839462 -0.011448 -0.715746 0.093351 -0.691999
1643091496.936209 -6.286269 -2.076162 -13.863431 -0.010594 -0.714751 0.091149 -0.693333
1643091497.036210 -6.209881 -2.082417 -13.882035 -0.010876 -0.713282 0.090319 -0.694948
1643091497.136210 -6.134026 -2.093737 -13.902418 -0.009130 -0.711222 0.089391 -0.697201
1643091497.236214 -6.058277 -2.094800 -13.913813 -0.010187 -0.709585 0.089335 -0.698860
1643091497.336215 -5.988302 -2.099754 -13.929214 -0.009351 -0.707620 0.090450 -0.700718
1643091497.436210 -5.916708 -2.107268 -13.943010 -0.007742 -0.707828 0.091810 -0.700350
1643091497.536223 -5.843187 -2.117841 -13.959467 -0.008552 -0.707978 0.090829 -0.700317
1643091497.636211 -5.772284 -2.124229 -13.978056 -0.008104 -0.707745 0.091342 -0.700491
1643091497.736220 -5.691777 -2.124583 -13.982267 -0.008693 -0.709278 0.091430 -0.698920
1643091497.836218 -5.622185 -2.131699 -14.000423 -0.008925 -0.710171 0.092134 -0.697917
1643091497.936210 -5.552523 -2.142861 -14.017576 -0.008225 -0.710646 0.090834 -0.697613
1643091498.036212 -5.476802 -2.150589 -14.037920 -0.009240 -0.711862 0.091088 -0.696326
1643091498.136209 -5.403848 -2.159890 -14.060123 -0.008552 -0.712494 0.090533 -0.695761
1643091498.236209 -5.325686 -2.154278 -14.065136 -0.010705 -0.714144 0.091395 -0.693924
1643091498.336219 -5.250895 -2.159789 -14.080696 -0.011929 -0.714288 0.089962 -0.693943
1643091498.436215 -5.179672 -2.164783 -14.099511 -0.011688 -0.712972 0.089629 -0.695343
1643091498.536219 -5.106640 -2.171690 -14.112956 -0.013297 -0.711748 0.090087 -0.696507
1643091498.636214 -5.026127 -2.181737 -14.125248 -0.011951 -0.711572 0.091196 -0.696568
1643091498.736221 -4.946309 -2.186112 -14.127241 -0.013564 -0.713389 0.089314 -0.694921
1643091498.836212 -4.874293 -2.195472 -14.148448 -0.014005 -0.712788 0.090409 -0.695387
1643091498.936207 -4.802034 -2.202224 -14.167343 -0.013801 -0.713792 0.090604 -0.694336
1643091499.036208 -4.730054 -2.208251 -14.185486 -0.014081 -0.715140 0.090723 -0.692926
1643091499.136207 -4.653831 -2.214964 -14.188860 -0.015433 -0.717809 0.091275 -0.690058
1643091499.236214 -4.579467 -2.213895 -14.207666 -0.016922 -0.719032 0.092461 -0.688591
1643091499.336207 -4.504641 -2.225268 -14.227602 -0.015328 -0.719458 0.090833 -0.688401
1643091499.436209 -4.428405 -2.229294 -14.239411 -0.017078 -0.720596 0.090168 -0.687255
1643091499.536214 -4.357008 -2.234396 -14.257651 -0.017358 -0.720440 0.090852 -0.687321
1643091499.636208 -4.285303 -2.247825 -14.277186 -0.015840 -0.720303 0.089725 -0.687649
1643091499.736208 -4.216045 -2.251244 -14.294407 -0.015240 -0.720551 0.090221 -0.687338
1643091499.836212 -4.143844 -2.252827 -14.308078 -0.015864 -0.720916 0.089246 -0.687069
1643091499.936209 -4.074810 -2.254789 -14.322399 -0.016766 -0.721215 0.089700 -0.686675
1643091500.036206 -3.997310 -2.264046 -14.336623 -0.017157 -0.722446 0.088576 -0.685516
1643091500.136210 -3.923724 -2.269311 -14.352248 -0.016901 -0.723157 0.087794 -0.684873
1643091500.236208 -3.857277 -2.274486 -14.369957 -0.016943 -0.723182 0.087986 -0.684821
1643091500.336206 -3.783875 -2.281222 -14.386169 -0.016373 -0.724288 0.087720 -0.683699
1643091500.436206 -3.717310 -2.291379 -14.411726 -0.015348 -0.724291 0.088261 -0.683649
1643091500.536206 -3.648709 -2.296930 -14.430322 -0.015790 -0.724040 0.087418 -0.684014
1643091500.636206 -3.577642 -2.299731 -14.448086 -0.016565 -0.722844 0.086813 -0.685336
1643091500.736206 -3.502707 -2.297108 -14.458273 -0.017893 -0.721329 0.087345 -0.686830
1643091500.836209 -3.420257 -2.293701 -14.466304 -0.019310 -0.719833 0.089151 -0.688128
1643091500.936206 -3.348541 -2.295821 -14.476237 -0.019990 -0.717760 0.089386 -0.690240
1643091501.036206 -3.281132 -2.297294 -14.491037 -0.021579 -0.714430 0.090536 -0.693490
1643091501.136205 -3.213767 -2.304993 -14.507097 -0.021170 -0.710647 0.089665 -0.697491
1643091501.236211 -3.146455 -2.304960 -14.517780 -0.021889 -0.705616 0.090566 -0.702442
1643091501.336206 -3.087700 -2.322556 -14.552576 -0.019993 -0.696151 0.090985 -0.711825
1643091501.436205 -3.021400 -2.323103 -14.559049 -0.020954 -0.690103 0.090542 -0.717719
1643091501.536206 -2.952302 -2.318771 -14.565838 -0.020696 -0.682577 0.093044 -0.724571
1643091501.636205 -2.885140 -2.314091 -14.568780 -0.022214 -0.674848 0.094121 -0.731593
1643091501.736206 -2.805101 -2.346741 -14.589725 -0.018227 -0.664667 0.089084 -0.741586
1643091501.836208 -2.741146 -2.362692 -14.589113 -0.016024 -0.652917 0.084702 -0.752508
1643091501.936205 -2.678179 -2.377524 -14.583815 -0.016011 -0.639389 0.083854 -0.764129
1643091502.036206 -2.602452 -2.353098 -14.598135 -0.016590 -0.621906 0.086780 -0.778092
1643091502.136204 -2.540988 -2.349285 -14.585474 -0.018529 -0.606540 0.087639 -0.789991
1643091502.236205 -2.461627 -2.357387 -14.573338 -0.015993 -0.590187 0.085483 -0.802568
1643091502.336204 -2.393889 -2.374264 -14.580266 -0.014441 -0.571513 0.084353 -0.816118
1643091502.436207 -2.325879 -2.375903 -14.566246 -0.015212 -0.555584 0.083185 -0.827149
1643091502.536205 -2.260987 -2.380296 -14.548626 -0.013539 -0.539866 0.082288 -0.837610
1643091502.636204 -2.197753 -2.383235 -14.533901 -0.013249 -0.523078 0.082124 -0.848216
1643091502.736206 -2.131767 -2.387478 -14.526703 -0.012768 -0.504809 0.081466 -0.859283
1643091502.836205 -2.061817 -2.393773 -14.505383 -0.011450 -0.487924 0.080137 -0.869124
1643091502.936204 -1.994509 -2.397913 -14.484493 -0.009018 -0.470336 0.077831 -0.879002
1643091503.036205 -1.941092 -2.398111 -14.457657 -0.009641 -0.449881 0.076830 -0.889725
1643091503.136204 -1.871484 -2.399327 -14.443933 -0.008784 -0.424670 0.077857 -0.901952
1643091503.236203 -1.811166 -2.408801 -14.409887 -0.005420 -0.402813 0.074580 -0.912223
1643091503.336203 -1.757681 -2.406114 -14.378118 -0.005574 -0.378364 0.073805 -0.922693
1643091503.436203 -1.688681 -2.407281 -14.340840 -0.004352 -0.352518 0.072703 -0.932967
1643091503.536203 -1.639421 -2.403369 -14.298850 -0.002747 -0.329030 0.070592 -0.941673
1643091503.636204 -1.590217 -2.399845 -14.252726 -0.001906 -0.305230 0.069272 -0.949754
1643091503.736203 -1.546692 -2.401171 -14.206587 -0.001121 -0.281198 0.068515 -0.957200
1643091503.836203 -1.492791 -2.400580 -14.159807 0.002500 -0.258013 0.066274 -0.963863
1643091503.936204 -1.450175 -2.397162 -14.109940 0.002079 -0.237759 0.065023 -0.969143
1643091504.036203 -1.408689 -2.399853 -14.051328 0.002668 -0.220563 0.064390 -0.973241
1643091504.136203 -1.361643 -2.397038 -13.995815 0.004880 -0.201843 0.061838 -0.977452
1643091504.236206 -1.325762 -2.392306 -13.942812 0.003797 -0.184169 0.059591 -0.981079
1643091504.336202 -1.289457 -2.390258 -13.885277 0.004460 -0.167446 0.058861 -0.984113
1643091504.436202 -1.256280 -2.384614 -13.824649 0.004704 -0.153065 0.058562 -0.986468
1643091504.536202 -1.218964 -2.383888 -13.758133 0.003894 -0.139950 0.057052 -0.988506
1643091504.636206 -1.185695 -2.382888 -13.686922 0.004802 -0.130013 0.054997 -0.989974
1643091504.736202 -1.158687 -2.375103 -13.621763 0.005287 -0.121712 0.057005 -0.990913
1643091504.836202 -1.126494 -2.373465 -13.555854 0.005607 -0.113608 0.057022 -0.991872
1643091504.936202 -1.100134 -2.370719 -13.488490 0.005729 -0.107514 0.056637 -0.992573
1643091505.036211 -1.069383 -2.364538 -13.422024 0.005597 -0.101402 0.055726 -0.993268
1643091505.136202 -1.037860 -2.358180 -13.347339 0.005190 -0.098517 0.054761 -0.993614
1643091505.236202 -1.008578 -2.358841 -13.272732 0.005664 -0.096138 0.053528 -0.993912
1643091505.336201 -0.982684 -2.344809 -13.206262 0.004933 -0.094934 0.055872 -0.993902
1643091505.436202 -0.958704 -2.337836 -13.135628 0.005926 -0.093390 0.056485 -0.994008
1643091505.536202 -0.933739 -2.337206 -13.067986 0.006614 -0.089346 0.055384 -0.994438
1643091505.636202 -0.908990 -2.335469 -12.996305 0.005903 -0.085231 0.054800 -0.994836
1643091505.736203 -0.887361 -2.332559 -12.922099 0.008996 -0.080127 0.056436 -0.995145
1643091505.836202 -0.867918 -2.312958 -12.848863 0.004564 -0.075421 0.055198 -0.995612
1643091505.936201 -0.848334 -2.307644 -12.770660 0.005541 -0.071418 0.055193 -0.995903
1643091506.036201 -0.820696 -2.306732 -12.697580 0.005849 -0.066583 0.053965 -0.996303
1643091506.136203 -0.801101 -2.302304 -12.621179 0.005416 -0.065136 0.054250 -0.996386
1643091506.236205 -0.777171 -2.295827 -12.551882 0.005381 -0.063373 0.054372 -0.996493
1643091506.336201 -0.748402 -2.292974 -12.480036 0.005760 -0.059681 0.053176 -0.996784
1643091506.436200 -0.721475 -2.286021 -12.402897 0.005346 -0.057517 0.052151 -0.996967
1643091506.536200 -0.699945 -2.281374 -12.331732 0.005335 -0.055903 0.051132 -0.997112
1643091506.636201 -0.678593 -2.279069 -12.259948 0.004148 -0.053359 0.052150 -0.997204
1643091506.736200 -0.655744 -2.273953 -12.187400 0.005271 -0.050295 0.051880 -0.997372
1643091506.836200 -0.631494 -2.273705 -12.113230 0.005996 -0.047612 0.052129 -0.997487
1643091506.936202 -0.612433 -2.265515 -12.036290 0.005429 -0.047113 0.052845 -0.997476
1643091507.036201 -0.597655 -2.258678 -11.963307 0.003694 -0.046816 0.052544 -0.997514
1643091507.136201 -0.577959 -2.251389 -11.886954 0.006002 -0.047882 0.052863 -0.997435
1643091507.236200 -0.556002 -2.246846 -11.809143 0.007116 -0.048218 0.054369 -0.997331
1643091507.336201 -0.538334 -2.241508 -11.736715 0.003977 -0.047279 0.052211 -0.997508
1643091507.436199 -0.516844 -2.235222 -11.659315 0.005035 -0.046820 0.053163 -0.997475
1643091507.536199 -0.496576 -2.230726 -11.583484 0.006543 -0.046189 0.051615 -0.997577
1643091507.636200 -0.478101 -2.225334 -11.508833 0.005753 -0.044720 0.051630 -0.997648
1643091507.736199 -0.459113 -2.219809 -11.437517 0.008236 -0.043201 0.051475 -0.997706
1643091507.836201 -0.441068 -2.214851 -11.366005 0.006484 -0.038806 0.052093 -0.997867
1643091507.936199 -0.421262 -2.208364 -11.297428 0.005433 -0.033894 0.052114 -0.998051
1643091508.036200 -0.404005 -2.201354 -11.221080 0.006761 -0.030391 0.049896 -0.998269
1643091508.136200 -0.389741 -2.201682 -11.130910 0.006355 -0.027171 0.050273 -0.998346
1643091508.236201 -0.369388 -2.194663 -11.060973 0.007204 -0.024872 0.051515 -0.998337
1643091508.336198 -0.349541 -2.186222 -10.991061 0.004777 -0.023825 0.050735 -0.998416
1643091508.436201 -0.324373 -2.181609 -10.917651 0.007846 -0.023629 0.050862 -0.998395
1643091508.536198 -0.301600 -2.174005 -10.848470 0.006420 -0.025380 0.051515 -0.998329
1643091508.636198 -0.284275 -2.172559 -10.771287 0.005259 -0.028011 0.051229 -0.998280
1643091508.736198 -0.253791 -2.166013 -10.696962 0.006428 -0.029183 0.050975 -0.998253
1643091508.836209 -0.232022 -2.157775 -10.622787 0.005720 -0.031282 0.051488 -0.998167
1643091508.936249 -0.207081 -2.150561 -10.550466 0.004508 -0.032771 0.051128 -0.998144
1643091509.036203 -0.188376 -2.143119 -10.483600 0.005855 -0.034683 0.051304 -0.998064
1643091509.136224 -0.173402 -2.140543 -10.404510 0.005820 -0.037167 0.052019 -0.997937
1643091509.236216 -0.152869 -2.131328 -10.337699 0.005238 -0.038163 0.052023 -0.997903
1643091509.336202 -0.129333 -2.125598 -10.265163 0.004384 -0.039155 0.052083 -0.997865
1643091509.436215 -0.118974 -2.120201 -10.190942 0.006678 -0.041972 0.053360 -0.997671
1643091509.536215 -0.082799 -2.121684 -10.097747 0.006055 -0.039831 0.052670 -0.997799
1643091509.636204 -0.072355 -2.123387 -10.039988 0.005964 -0.040608 0.050733 -0.997869
1643091509.736203 -0.048948 -2.116553 -9.959384 0.005436 -0.039520 0.050691 -0.997917
1643091509.836197 -0.032482 -2.105505 -9.890300 0.005134 -0.039611 0.050549 -0.997923
1643091509.936200 -0.012172 -2.101679 -9.816034 0.006139 -0.039362 0.051368 -0.997885
1643091510.036203 0.006909 -2.099171 -9.744418 0.005253 -0.038971 0.049302 -0.998010
1643091510.136200 0.028224 -2.095834 -9.671698 0.005780 -0.039081 0.048716 -0.998031
1643091510.236198 0.046548 -2.090937 -9.595942 0.004904 -0.039352 0.048959 -0.998013
1643091510.336199 0.071407 -2.085595 -9.521128 0.004522 -0.041397 0.049458 -0.997908
1643091510.436196 0.090901 -2.074966 -9.446961 0.004319 -0.044732 0.048703 -0.997802
1643091510.536197 0.110192 -2.074269 -9.361533 0.004184 -0.049606 0.048728 -0.997571
1643091510.636199 0.131862 -2.073859 -9.296540 0.004855 -0.053454 0.048693 -0.997371
1643091510.736196 0.152798 -2.068199 -9.224159 0.004851 -0.056498 0.049422 -0.997167
1643091510.836196 0.177086 -2.065402 -9.148396 0.004748 -0.060625 0.050207 -0.996886
1643091510.936200 0.200417 -2.053771 -9.065645 0.003705 -0.065296 0.048676 -0.996671
1643091511.036198 0.224605 -2.046008 -8.999413 0.003134 -0.069180 0.049504 -0.996370
1643091511.136198 0.244520 -2.042022 -8.910220 0.004688 -0.074213 0.049487 -0.996003
1643091511.236196 0.269364 -2.035563 -8.830228 0.004634 -0.076639 0.050296 -0.995779
1643091511.336199 0.300372 -2.030456 -8.762381 0.003471 -0.079866 0.050648 -0.995512
1643091511.436196 0.325691 -2.024095 -8.684731 0.003261 -0.083570 0.051596 -0.995160
1643091511.536200 0.351511 -2.020757 -8.606182 0.002742 -0.086371 0.051329 -0.994936
1643091511.636196 0.376517 -2.013803 -8.528310 0.002591 -0.089163 0.051904 -0.994660
1643091511.736196 0.404962 -2.011386 -8.452164 0.003160 -0.091279 0.051659 -0.994480
1643091511.836195 0.426733 -2.003544 -8.371805 0.002980 -0.094172 0.051485 -0.994219
1643091511.936196 0.453624 -1.996525 -8.299274 0.002886 -0.094770 0.053496 -0.994057
1643091512.036196 0.480451 -1.995275 -8.220276 0.002112 -0.097155 0.052494 -0.993882
1643091512.136199 0.509295 -1.998563 -8.142240 0.003354 -0.098966 0.052506 -0.993699
1643091512.236202 0.533405 -1.992880 -8.064651 0.004301 -0.100996 0.052792 -0.993476
1643091512.336195 0.557639 -1.980605 -7.987421 0.002090 -0.102696 0.052080 -0.993346
1643091512.436196 0.580447 -1.985815 -7.909996 0.004339 -0.105344 0.051706 -0.993081
1643091512.536200 0.604506 -1.989034 -7.826839 0.004399 -0.107694 0.051510 -0.992839
1643091512.636194 0.628380 -1.988084 -7.748434 0.004863 -0.110275 0.052367 -0.992509
1643091512.736195 0.650741 -1.982150 -7.669621 0.005543 -0.113056 0.052225 -0.992200
1643091512.836196 0.673310 -1.976058 -7.594498 0.003511 -0.117111 0.053476 -0.991672
1643091512.936194 0.702517 -1.984737 -7.515470 0.005558 -0.119763 0.052436 -0.991401
1643091513.036194 0.727144 -1.977905 -7.441201 0.005283 -0.122294 0.054115 -0.991003
1643091513.136199 0.752135 -1.975600 -7.364010 0.004593 -0.126050 0.053527 -0.990568
1643091513.236199 0.777728 -1.971476 -7.281253 0.005870 -0.128898 0.053796 -0.990180
1643091513.336194 0.792622 -1.974297 -7.213648 0.005989 -0.130655 0.050294 -0.990133
1643091513.436196 0.815616 -1.969860 -7.144466 0.008640 -0.127021 0.052380 -0.990478
1643091513.536195 0.857156 -1.980913 -7.062404 0.009989 -0.118243 0.050787 -0.991635
1643091513.636194 0.851548 -1.967109 -6.963001 0.007421 -0.120267 0.049308 -0.991489
1643091513.736198 0.877705 -1.962336 -6.890046 0.010046 -0.114592 0.049288 -0.992138
1643091513.836193 0.888620 -1.960082 -6.827152 0.007592 -0.112847 0.048062 -0.992420
1643091513.936194 0.881822 -1.949808 -6.736919 0.006980 -0.117243 0.048076 -0.991914
1643091514.036219 0.906533 -1.952450 -6.651038 0.010665 -0.119602 0.048549 -0.991577
1643091514.136199 0.937297 -1.945340 -6.581875 0.006252 -0.120145 0.047973 -0.991577
1643091514.236193 0.975778 -1.948199 -6.502869 0.008721 -0.120296 0.050016 -0.991439
1643091514.336197 0.990518 -1.924829 -6.421298 0.006794 -0.124350 0.046904 -0.991106
1643091514.436193 1.023848 -1.923532 -6.344427 0.004999 -0.123194 0.045941 -0.991306
1643091514.536195 1.049350 -1.919497 -6.265464 0.007581 -0.123879 0.045104 -0.991243
1643091514.636198 1.080100 -1.917376 -6.187506 0.008443 -0.123448 0.048685 -0.991120
1643091514.736192 1.097672 -1.895762 -6.125998 0.004412 -0.124114 0.046496 -0.991168
1643091514.836192 1.127648 -1.896302 -6.044032 0.007626 -0.124674 0.047831 -0.991015
1643091514.936194 1.157552 -1.892779 -5.967756 0.006839 -0.124706 0.047973 -0.991010
1643091515.036192 1.190843 -1.887834 -5.888948 0.007467 -0.123628 0.048195 -0.991129
1643091515.136193 1.220301 -1.878191 -5.817016 0.007538 -0.122411 0.048948 -0.991243
1643091515.236194 1.253620 -1.874845 -5.743013 0.007034 -0.119989 0.049685 -0.991506
1643091515.336193 1.275743 -1.867639 -5.666416 0.006161 -0.120973 0.047853 -0.991483
1643091515.436200 1.307051 -1.864000 -5.592927 0.008218 -0.117461 0.047256 -0.991919
1643091515.536192 1.342708 -1.862403 -5.515488 0.007371 -0.114107 0.050198 -0.992172
1643091515.636199 1.367709 -1.856950 -5.443111 0.008947 -0.112295 0.048359 -0.992457
1643091515.736193 1.391727 -1.850990 -5.373440 0.007992 -0.109714 0.048374 -0.992753
1643091515.836191 1.421718 -1.844886 -5.302279 0.007962 -0.105502 0.050060 -0.993126
1643091515.936194 1.445755 -1.843844 -5.229296 0.010220 -0.103147 0.048838 -0.993414
1643091516.036192 1.464774 -1.827906 -5.159011 0.007451 -0.102826 0.048451 -0.993491
1643091516.136192 1.492097 -1.829450 -5.085694 0.009194 -0.099881 0.049174 -0.993741
1643091516.236196 1.515339 -1.825493 -5.011569 0.009199 -0.098150 0.048038 -0.993969
1643091516.336191 1.536881 -1.818741 -4.939730 0.010188 -0.096932 0.047494 -0.994105
1643091516.436192 1.563413 -1.812656 -4.867770 0.009284 -0.095088 0.048485 -0.994244
1643091516.536192 1.586139 -1.809293 -4.790764 0.008955 -0.094508 0.047338 -0.994358
1643091516.636191 1.609356 -1.801746 -4.717060 0.008995 -0.093365 0.045447 -0.994554
1643091516.736190 1.632337 -1.796177 -4.642860 0.009520 -0.091749 0.046243 -0.994662
1643091516.836190 1.654103 -1.790914 -4.568792 0.010299 -0.090619 0.047189 -0.994714
1643091516.936191 1.676087 -1.784211 -4.497976 0.010398 -0.089145 0.046536 -0.994877
1643091517.036190 1.693717 -1.775922 -4.424808 0.009491 -0.089712 0.046054 -0.994857
1643091517.136190 1.719026 -1.771430 -4.346968 0.011628 -0.088109 0.046676 -0.994949
1643091517.236194 1.735935 -1.765628 -4.274627 0.010866 -0.088405 0.046496 -0.994940
1643091517.336198 1.745637 -1.760724 -4.187626 0.010509 -0.091892 0.045087 -0.994692
1643091517.436190 1.770419 -1.759978 -4.107545 0.011338 -0.092317 0.042691 -0.994750
1643091517.536191 1.789245 -1.746954 -4.034934 0.009106 -0.093094 0.042790 -0.994696
1643091517.636218 1.818000 -1.751752 -3.956070 0.011351 -0.092038 0.043746 -0.994729
1643091517.736199 1.836211 -1.735198 -3.894716 0.008793 -0.092073 0.042637 -0.994800
1643091517.836202 1.855103 -1.732184 -3.811577 0.008390 -0.094694 0.040082 -0.994664
1643091517.936191 1.884795 -1.731663 -3.721830 0.010383 -0.093579 0.039029 -0.994792
1643091518.036193 1.899283 -1.727781 -3.655494 0.010286 -0.094582 0.038851 -0.994706
1643091518.136194 1.918059 -1.719141 -3.580441 0.009039 -0.096016 0.037337 -0.994638
1643091518.236209 1.941022 -1.703966 -3.518124 0.007615 -0.095228 0.039637 -0.994637
1643091518.336189 1.965866 -1.717598 -3.416388 0.012418 -0.095719 0.036359 -0.994667
1643091518.436200 1.990914 -1.706128 -3.341738 0.010923 -0.095188 0.036316 -0.994737
1643091518.536207 2.010256 -1.683963 -3.285314 0.008097 -0.097203 0.038321 -0.994494
1643091518.636191 2.037993 -1.676450 -3.211794 0.007810 -0.098974 0.038706 -0.994306
1643091518.736193 2.051345 -1.683053 -3.133847 0.008436 -0.106748 0.033979 -0.993670
1643091518.836191 2.087383 -1.676288 -3.056054 0.009602 -0.109215 0.035340 -0.993343
1643091518.936188 2.115538 -1.671551 -2.982290 0.009332 -0.114162 0.034916 -0.992805
1643091519.036188 2.142225 -1.647494 -2.919638 0.006526 -0.118802 0.034214 -0.992307
1643091519.136188 2.169365 -1.671885 -2.833016 0.010840 -0.122100 0.033787 -0.991883
1643091519.236188 2.197718 -1.662412 -2.774177 0.011250 -0.123490 0.034138 -0.991695
1643091519.336188 2.226441 -1.658128 -2.703838 0.011792 -0.122260 0.034913 -0.991814
1643091519.436197 2.242301 -1.637323 -2.641231 0.007654 -0.123572 0.037094 -0.991613
1643091519.536197 2.273211 -1.648348 -2.532374 0.012504 -0.123033 0.033623 -0.991754
1643091519.636188 2.300632 -1.645643 -2.453431 0.014156 -0.118870 0.032722 -0.992270
1643091519.736190 2.319029 -1.636365 -2.389921 0.012901 -0.113587 0.030642 -0.992972
1643091519.836190 2.338161 -1.633425 -2.313307 0.012110 -0.108747 0.025780 -0.993661
1643091519.936188 2.353518 -1.629629 -2.234246 0.012785 -0.108931 0.027328 -0.993591
1643091520.036187 2.369192 -1.648066 -2.164080 0.022755 -0.111910 0.037294 -0.992757
1643091520.136187 2.387421 -1.631198 -2.102076 0.019132 -0.112345 0.037065 -0.992793
1643091520.236187 2.410094 -1.627081 -2.029312 0.021673 -0.111225 0.036654 -0.992883
1643091520.336189 2.434762 -1.616650 -1.965717 0.021288 -0.109665 0.038302 -0.993002
1643091520.436187 2.468164 -1.648865 -1.862848 0.034216 -0.108085 0.038916 -0.992790
1643091520.536187 2.490611 -1.646603 -1.795063 0.034746 -0.106224 0.040274 -0.992919
1643091520.636187 2.511025 -1.636429 -1.728858 0.035050 -0.104357 0.037981 -0.993196
1643091520.736189 2.566901 -1.632512 -1.651919 0.039046 -0.095497 0.041576 -0.993794
1643091520.836190 2.581964 -1.630380 -1.583672 0.042620 -0.094053 0.041400 -0.993793
1643091520.936187 2.612878 -1.621539 -1.523329 0.042280 -0.084976 0.040659 -0.994655
1643091521.036186 2.677236 -1.598561 -1.449690 0.040716 -0.066493 0.042784 -0.996037
1643091521.136186 2.692752 -1.592127 -1.384659 0.042613 -0.059720 0.041735 -0.996432
1643091521.236186 2.744637 -1.573826 -1.305699 0.042987 -0.040719 0.042337 -0.997347
1643091521.336186 2.762154 -1.572867 -1.239612 0.048530 -0.026363 0.041380 -0.997616
1643091521.436190 2.767601 -1.567888 -1.175061 0.050622 -0.009869 0.038266 -0.997936
1643091521.536187 2.759863 -1.538141 -1.067611 0.044979 0.003721 0.034324 -0.998391
1643091521.636187 2.761167 -1.533360 -0.994239 0.047631 0.025430 0.029743 -0.998098
1643091521.736186 2.784216 -1.491469 -0.922102 0.038211 0.053546 0.032464 -0.997306
1643091521.836188 2.778301 -1.472806 -0.851017 0.038128 0.073459 0.029454 -0.996134
1643091521.936186 2.799862 -1.461982 -0.760437 0.036493 0.103059 0.029617 -0.993564
1643091522.036186 2.793853 -1.441098 -0.692107 0.035940 0.122596 0.026683 -0.991447
1643091522.136185 2.794101 -1.431328 -0.585319 0.035087 0.146858 0.027322 -0.988158
1643091522.236186 2.798999 -1.412634 -0.532847 0.034878 0.175333 0.021761 -0.983651
1643091522.336185 2.795456 -1.391427 -0.452679 0.032147 0.200013 0.021168 -0.979037
1643091522.436185 2.782050 -1.388042 -0.376030 0.036314 0.224491 0.016153 -0.973665
1643091522.536186 2.764741 -1.376736 -0.294716 0.036645 0.248435 0.013165 -0.967866
1643091522.636185 2.739840 -1.364364 -0.214215 0.037640 0.271049 0.010718 -0.961770
1643091522.736185 2.731409 -1.352729 -0.142333 0.038543 0.298137 0.007255 -0.953717
1643091522.836185 2.704264 -1.339307 -0.070109 0.037055 0.321231 0.004469 -0.946265
1643091522.936185 2.675542 -1.327608 0.006393 0.038963 0.345549 0.001858 -0.937590
1643091523.036184 2.641271 -1.314391 0.076213 0.039360 0.367889 -0.001455 -0.929035
1643091523.136184 2.603198 -1.300501 0.143794 0.039750 0.391029 -0.003085 -0.919515
1643091523.236184 2.560374 -1.290138 0.206738 0.038763 0.414549 -0.006122 -0.909181
1643091523.336184 2.517148 -1.278490 0.266578 0.040035 0.438004 -0.010624 -0.898018
1643091523.436184 2.469306 -1.264044 0.330939 0.039714 0.460858 -0.011786 -0.886506
1643091523.536184 2.415229 -1.252696 0.388068 0.038729 0.482161 -0.015060 -0.875096
1643091523.636184 2.356957 -1.244276 0.442076 0.039658 0.504165 -0.018622 -0.862495
1643091523.736185 2.287809 -1.232460 0.492928 0.040706 0.525803 -0.019907 -0.849399
1643091523.836184 2.225809 -1.222114 0.536253 0.040743 0.548851 -0.022392 -0.834626
1643091523.936184 2.160505 -1.214017 0.572183 0.039683 0.570284 -0.025481 -0.820093
1643091524.036184 2.087916 -1.201625 0.610273 0.040210 0.591312 -0.028300 -0.804942
1643091524.136183 2.013654 -1.193052 0.643988 0.041207 0.611666 -0.031392 -0.789419
1643091524.236183 1.936566 -1.182454 0.674691 0.040203 0.627885 -0.032556 -0.776585
1643091524.336190 1.858164 -1.173803 0.699871 0.041422 0.641294 -0.034028 -0.765421
1643091524.436184 1.780665 -1.163996 0.722092 0.040928 0.654677 -0.036357 -0.753924
1643091524.536183 1.701133 -1.155225 0.745309 0.041004 0.667648 -0.038073 -0.742371
1643091524.636183 1.623443 -1.144115 0.761529 0.039263 0.678421 -0.040718 -0.732493
1643091524.736183 1.541402 -1.132501 0.778958 0.040001 0.688057 -0.042099 -0.723329
1643091524.836183 1.454348 -1.128134 0.800835 0.041544 0.696238 -0.041919 -0.715381
1643091524.936183 1.369381 -1.127402 0.813650 0.041574 0.701290 -0.042822 -0.710373
1643091525.036185 1.284238 -1.115991 0.827433 0.042638 0.706305 -0.043462 -0.705284
1643091525.136182 1.195792 -1.108469 0.838143 0.041233 0.710052 -0.043759 -0.701578
1643091525.236186 1.112730 -1.104345 0.847879 0.041556 0.711422 -0.043433 -0.700190
1643091525.336182 1.021394 -1.100168 0.859183 0.042765 0.710518 -0.043511 -0.701029
1643091525.436184 0.932838 -1.083884 0.875331 0.041604 0.707353 -0.043223 -0.704310
1643091525.536182 0.850985 -1.079636 0.887704 0.041998 0.702470 -0.043044 -0.709168
1643091525.636182 0.762362 -1.069157 0.902564 0.041452 0.696881 -0.042660 -0.714716
1643091525.736182 0.673878 -1.065687 0.922854 0.042091 0.691659 -0.041877 -0.719779
1643091525.836183 0.590961 -1.055907 0.941076 0.041372 0.685640 -0.040996 -0.725607
1643091525.936182 0.509777 -1.043424 0.961490 0.040686 0.679481 -0.041097 -0.731411
1643091526.036182 0.422126 -1.038059 0.984896 0.041674 0.673845 -0.039484 -0.736639
1643091526.136183 0.344758 -1.029654 1.006427 0.041003 0.668884 -0.039821 -0.741166
1643091526.236185 0.271580 -1.018867 1.027028 0.041682 0.664311 -0.038784 -0.745285
1643091526.336184 0.199214 -1.013444 1.048092 0.042210 0.660702 -0.037663 -0.748514
1643091526.436182 0.132084 -1.005159 1.068032 0.041904 0.658196 -0.037092 -0.750764
1643091526.536181 0.066477 -0.995206 1.088603 0.041572 0.655877 -0.036838 -0.752822
1643091526.636181 0.001597 -0.991526 1.109462 0.041470 0.654195 -0.035848 -0.754337
1643091526.736182 -0.053587 -0.980801 1.125783 0.041195 0.651945 -0.036493 -0.756267
1643091526.836183 -0.104210 -0.974083 1.139218 0.041515 0.650292 -0.036511 -0.757670
1643091526.936184 -0.149457 -0.974546 1.156062 0.041724 0.650589 -0.035107 -0.757470
1643091527.036184 -0.191963 -0.963025 1.171783 0.041043 0.650401 -0.035707 -0.757640
1643091527.136195 -0.226098 -0.959563 1.182943 0.040328 0.650947 -0.035225 -0.757232
1643091527.236180 -0.250424 -0.957822 1.187694 0.040976 0.650640 -0.035390 -0.757454
1643091527.336205 -0.272008 -0.956723 1.195922 0.041986 0.651906 -0.034794 -0.756336
1643091527.436208 -0.291208 -0.950724 1.198837 0.041141 0.652525 -0.034382 -0.755868
1643091527.536189 -0.306595 -0.948090 1.198113 0.039592 0.652174 -0.034674 -0.756240
1643091527.636186 -0.317726 -0.947223 1.208101 0.039551 0.654254 -0.034327 -0.754459
1643091527.736190 -0.323990 -0.949633 1.210555 0.040828 0.654783 -0.033018 -0.753990
1643091527.836189 -0.322652 -0.945313 1.211980 0.039933 0.654713 -0.034011 -0.754055
1643091527.936608 -0.328908 -0.942325 1.211400 0.039944 0.654850 -0.033629 -0.753953
