1642647815.114044 -0.000000 -0.000000 -0.000000 -0.000000 -0.000000 -0.000000 1.000000
1642647815.214044 -0.001887 0.000526 -0.002287 0.002259 -0.003875 -0.000765 0.999990
1642647815.314044 -0.001887 0.000526 -0.002287 0.002259 -0.003875 -0.000765 0.999990
1642647815.614044 -0.010374 0.001134 -0.007236 0.010887 -0.021371 -0.009213 0.999670
1642647815.714045 -0.013292 0.001072 -0.007638 0.012079 -0.026898 -0.012566 0.999486
1642647815.814044 -0.017241 0.001544 -0.008542 0.013094 -0.032699 -0.015723 0.999256
1642647816.014045 -0.023080 0.001160 -0.009589 0.015366 -0.043356 -0.020094 0.998739
1642647816.114045 -0.023080 0.001160 -0.009589 0.015366 -0.043356 -0.020094 0.998739
1642647816.214044 -0.028848 -0.000631 -0.012726 0.019190 -0.054417 -0.025383 0.998011
1642647816.314044 -0.031461 0.001039 -0.014399 0.022449 -0.061237 -0.030002 0.997420
1642647816.414043 -0.037160 0.001896 -0.016300 0.024730 -0.066983 -0.034396 0.996854
1642647816.714043 -0.050236 0.004457 -0.022516 0.028076 -0.089459 -0.049203 0.994378
1642647817.014043 -0.064098 0.005499 -0.029798 0.031579 -0.104062 -0.062003 0.992134
1642647817.114043 -0.067794 0.006489 -0.031946 0.033181 -0.107429 -0.065961 0.991467
1642647817.314042 -0.070936 0.007680 -0.034210 0.033512 -0.115476 -0.071316 0.990180
1642647817.414045 -0.075111 0.010412 -0.034650 0.033781 -0.117530 -0.074203 0.989717
1642647817.514042 -0.076202 0.010794 -0.036610 0.032608 -0.121985 -0.076852 0.989015
1642647817.714042 -0.082760 0.013766 -0.040785 0.033469 -0.129749 -0.080620 0.987697
1642647817.814043 -0.087233 0.014942 -0.043680 0.034376 -0.132986 -0.082292 0.987097
1642647817.914042 -0.089153 0.014855 -0.045768 0.035331 -0.136612 -0.084105 0.986415
1642647818.114047 -0.094361 0.015744 -0.049784 0.038414 -0.143316 -0.087335 0.985067
1642647818.214049 -0.097826 0.016145 -0.053394 0.040123 -0.146858 -0.088666 0.984358
1642647818.314046 -0.098533 0.016522 -0.055903 0.041373 -0.152375 -0.090060 0.983341
1642647818.514041 -0.105990 0.021838 -0.060223 0.044312 -0.162771 -0.094508 0.981127
1642647818.614041 -0.107533 0.021762 -0.064120 0.044778 -0.169374 -0.096882 0.979756
1642647818.714041 -0.114826 0.023724 -0.068467 0.045352 -0.173571 -0.099286 0.978754
1642647818.914042 -0.121062 0.026943 -0.073808 0.047282 -0.184502 -0.104755 0.976089
1642647819.014050 -0.125527 0.028305 -0.077209 0.048317 -0.188469 -0.107339 0.974999
1642647819.114041 -0.129691 0.029948 -0.079827 0.048786 -0.192468 -0.111182 0.973763
1642647819.214040 -0.132069 0.031909 -0.081411 0.048761 -0.197597 -0.115084 0.972283
1642647819.314041 -0.134181 0.034251 -0.083704 0.049379 -0.204131 -0.119574 0.970358
1642647819.414041 -0.141312 0.034240 -0.088851 0.049688 -0.208101 -0.123230 0.969041
1642647819.614040 -0.150818 0.040189 -0.095905 0.053532 -0.215963 -0.132741 0.965854
1642647819.714040 -0.153312 0.038946 -0.098214 0.053679 -0.219917 -0.137413 0.964299
1642647819.814043 -0.155793 0.042956 -0.099376 0.055378 -0.223589 -0.141127 0.962821
1642647819.914040 -0.157007 0.044724 -0.099721 0.055025 -0.228283 -0.145560 0.961078
1642647820.014041 -0.159135 0.045878 -0.102026 0.053750 -0.232686 -0.150225 0.959375
1642647820.214045 -0.166443 0.049686 -0.108725 0.052615 -0.240400 -0.157899 0.956299
1642647820.314040 -0.168483 0.051505 -0.111400 0.052290 -0.244569 -0.161746 0.954615
1642647820.414044 -0.172843 0.053246 -0.115139 0.051040 -0.247598 -0.166291 0.953120
1642647820.514039 -0.174004 0.056097 -0.116601 0.050249 -0.251898 -0.170803 0.951235
1642647820.614039 -0.175163 0.061496 -0.117748 0.050217 -0.256801 -0.175237 0.949117
1642647820.814039 -0.172956 0.070240 -0.121145 0.050117 -0.265783 -0.184083 0.944966
1642647820.914040 -0.175176 0.072975 -0.123956 0.047608 -0.270005 -0.189169 0.942892
1642647821.014039 -0.179134 0.076506 -0.127932 0.045001 -0.274227 -0.194962 0.940619
1642647821.114039 -0.181574 0.080133 -0.131283 0.042877 -0.277646 -0.200784 0.938488
1642647821.214040 -0.187710 0.084091 -0.135644 0.041107 -0.279680 -0.205747 0.936887
1642647821.314038 -0.189828 0.084609 -0.139318 0.038242 -0.282251 -0.210564 0.935166
1642647821.514040 -0.198194 0.093193 -0.145837 0.034538 -0.282654 -0.218742 0.933309
1642647821.614038 -0.193392 0.093997 -0.146142 0.030753 -0.284440 -0.222587 0.931989
1642647821.714038 -0.198174 0.096250 -0.147411 0.026739 -0.282322 -0.223894 0.932443
1642647821.814038 -0.204328 0.096738 -0.147752 0.021935 -0.279139 -0.224975 0.933267
1642647821.914038 -0.203426 0.097225 -0.143557 0.017616 -0.278861 -0.226866 0.932984
1642647822.014038 -0.207290 0.101406 -0.141851 0.014809 -0.276327 -0.228151 0.933473
1642647822.214041 -0.199571 0.099450 -0.137527 0.009412 -0.275641 -0.229349 0.933452
1642647822.314044 -0.198707 0.101893 -0.133105 0.007412 -0.275072 -0.229280 0.933655
1642647822.414037 -0.200976 0.101036 -0.134071 0.003585 -0.273748 -0.229738 0.933954
1642647822.514041 -0.202448 0.100220 -0.134340 -0.000473 -0.272558 -0.230887 0.934025
1642647822.614039 -0.202537 0.101260 -0.132319 -0.004925 -0.271741 -0.232175 0.933931
1642647822.714037 -0.197126 0.111779 -0.125850 -0.005015 -0.272758 -0.233208 0.933377
1642647822.814041 -0.196062 0.115244 -0.122528 -0.007516 -0.270477 -0.234024 0.933819
1642647823.214037 -0.189999 0.110061 -0.108357 -0.017124 -0.258137 -0.231439 0.937821
1642647823.414036 -0.188581 0.108704 -0.104057 -0.020551 -0.248791 -0.227665 0.941196
1642647823.514044 -0.183766 0.107831 -0.098493 -0.022004 -0.247823 -0.225803 0.941866
1642647823.614040 -0.185454 0.103036 -0.099074 -0.025617 -0.244273 -0.225047 0.942883
1642647823.814036 -0.178854 0.101861 -0.092403 -0.023842 -0.236629 -0.219762 0.946120
1642647823.914037 -0.177650 0.099754 -0.088734 -0.022754 -0.230651 -0.217188 0.948215
1642647824.014036 -0.174699 0.096121 -0.083490 -0.022092 -0.226263 -0.213270 0.950175
1642647824.214037 -0.167033 0.092425 -0.076244 -0.020538 -0.219005 -0.207765 0.953126
1642647824.314036 -0.166312 0.091817 -0.074596 -0.020211 -0.215018 -0.205181 0.954599
1642647824.414036 -0.164972 0.085105 -0.074556 -0.022684 -0.211785 -0.203365 0.955654
1642647824.514035 -0.155445 0.086086 -0.070569 -0.020414 -0.211632 -0.198695 0.956721
1642647824.614037 -0.152379 0.081656 -0.070123 -0.021605 -0.209558 -0.193460 0.958223
1642647824.714036 -0.149523 0.077286 -0.067946 -0.021574 -0.207333 -0.188509 0.959693
1642647824.914035 -0.143464 0.072859 -0.065421 -0.018388 -0.203615 -0.178936 0.962385
1642647825.014035 -0.140577 0.068139 -0.064632 -0.018232 -0.201808 -0.175785 0.963349
1642647825.114035 -0.142430 0.064643 -0.065991 -0.017371 -0.195232 -0.172253 0.965356
1642647825.214035 -0.138822 0.064560 -0.064066 -0.013910 -0.189895 -0.168352 0.967163
1642647825.314036 -0.134395 0.065580 -0.059957 -0.011415 -0.190048 -0.165424 0.967671
1642647825.514036 -0.130174 0.058946 -0.052868 -0.011667 -0.177605 -0.155329 0.971696
1642647825.614034 -0.123443 0.056165 -0.045826 -0.010058 -0.161292 -0.149987 0.975391
1642647825.714034 -0.122412 0.054196 -0.044918 -0.009486 -0.158860 -0.145749 0.976438
1642647825.814039 -0.119700 0.051098 -0.043766 -0.011157 -0.161900 -0.141520 0.976543
1642647825.914036 -0.117425 0.048844 -0.043155 -0.011344 -0.164804 -0.137873 0.976577
1642647826.014037 -0.117467 0.049735 -0.044828 -0.010083 -0.163737 -0.134956 0.977177
1642647826.214045 -0.115539 0.044247 -0.039647 -0.014985 -0.160474 -0.131636 0.978108
1642647826.314034 -0.116349 0.046709 -0.031634 -0.016279 -0.142199 -0.127124 0.981506
1642647826.414034 -0.113160 0.041077 -0.024568 -0.024189 -0.131017 -0.121278 0.983637
1642647826.514034 -0.108722 0.039578 -0.019358 -0.029973 -0.127233 -0.114630 0.984771
1642647826.614035 -0.103821 0.037738 -0.015557 -0.031457 -0.133117 -0.111206 0.984339
1642647826.714033 -0.105303 0.035993 -0.018445 -0.029529 -0.133134 -0.107100 0.984852
1642647826.814033 -0.106260 0.030145 -0.023343 -0.028233 -0.132645 -0.105078 0.985173
1642647827.014035 -0.097416 0.026345 -0.022283 -0.020988 -0.131727 -0.101349 0.985868
1642647827.114033 -0.096140 0.024605 -0.021755 -0.019512 -0.126305 -0.098212 0.986925
1642647827.214033 -0.094162 0.021766 -0.020410 -0.019040 -0.122863 -0.093830 0.987795
1642647827.314033 -0.090011 0.020207 -0.018785 -0.017513 -0.119091 -0.089498 0.988686
1642647827.414040 -0.084043 0.018723 -0.015938 -0.016402 -0.116601 -0.085085 0.989392
1642647827.514033 -0.080615 0.015676 -0.014684 -0.015862 -0.113071 -0.080411 0.990201
1642647827.614032 -0.074968 0.012439 -0.013267 -0.014373 -0.110964 -0.076134 0.990800
1642647827.814032 -0.068640 0.009743 -0.014795 -0.007854 -0.103722 -0.070601 0.992066
1642647827.914032 -0.067162 0.005344 -0.016921 -0.003885 -0.094832 -0.067794 0.993175
1642647828.014033 -0.060094 0.002725 -0.018487 0.001198 -0.091081 -0.063558 0.993812
1642647828.114035 -0.054809 -0.001731 -0.022536 0.006097 -0.089394 -0.058538 0.994256
1642647828.214032 -0.050498 -0.004748 -0.024480 0.011153 -0.084530 -0.054227 0.994882
1642647828.314032 -0.046090 -0.006864 -0.025706 0.014006 -0.078727 -0.050367 0.995525
1642647828.514032 -0.034640 -0.008001 -0.023536 0.017091 -0.062713 -0.043228 0.996948
1642647828.614032 -0.026943 -0.008816 -0.021652 0.017290 -0.051955 -0.037626 0.997791
1642647828.714031 -0.021316 -0.015633 -0.023790 0.013013 -0.042198 -0.031991 0.998512
1642647828.814031 -0.013740 -0.018306 -0.023704 0.012306 -0.033693 -0.026722 0.998999
1642647828.914033 -0.007951 -0.017563 -0.022902 0.013407 -0.027812 -0.022065 0.999280
1642647829.014031 -0.003187 -0.018112 -0.023283 0.013508 -0.020931 -0.017389 0.999538
1642647829.214031 0.005905 -0.018383 -0.022790 0.013618 -0.007737 -0.008898 0.999838
1642647829.314031 0.008748 -0.018383 -0.024009 0.014821 -0.000256 -0.004541 0.999880
1642647829.414031 0.013740 -0.019245 -0.023748 0.015125 0.006323 0.000559 0.999865
1642647829.514031 0.017721 -0.020412 -0.023661 0.014874 0.014347 0.004825 0.999775
1642647829.614032 0.019436 -0.023043 -0.022740 0.014499 0.023484 0.008376 0.999584
1642647829.714031 0.029514 -0.021608 -0.021863 0.015109 0.027822 0.012174 0.999425
1642647829.814032 0.030670 -0.020937 -0.022334 0.014501 0.037156 0.015846 0.999079
1642647830.014030 0.042272 -0.022151 -0.018553 0.007877 0.051396 0.026125 0.998306
1642647830.114030 0.048267 -0.021308 -0.016520 0.005323 0.057992 0.031016 0.997821
1642647830.214030 0.054877 -0.019740 -0.013829 0.003705 0.064949 0.036127 0.997228
1642647830.314031 0.063621 -0.019776 -0.012220 0.001033 0.073082 0.041858 0.996447
1642647830.714030 0.089611 -0.013020 -0.002925 -0.007597 0.107664 0.059197 0.992394
1642647830.814029 0.090192 -0.014883 -0.003431 -0.013405 0.118198 0.064591 0.990796
1642647831.014029 0.103202 -0.012224 0.001013 -0.020768 0.132378 0.074281 0.988194
1642647831.114029 0.107004 -0.011078 0.003986 -0.024660 0.139530 0.078992 0.986754
1642647831.214032 0.112768 -0.011401 0.005607 -0.028911 0.145194 0.082660 0.985520
1642647831.314039 0.115864 -0.010745 0.007791 -0.032415 0.150897 0.086304 0.984241
1642647831.514034 0.125901 -0.007597 0.012128 -0.040059 0.159605 0.093276 0.981948
1642647831.614030 0.128824 -0.006807 0.017249 -0.044060 0.162184 0.095992 0.981092
1642647831.714030 0.131254 -0.004122 0.022803 -0.049568 0.165690 0.098156 0.980028
1642647831.814028 0.133564 -0.001504 0.030432 -0.058879 0.168885 0.098392 0.978943
1642647831.914029 0.136738 -0.000407 0.043564 -0.071570 0.170419 0.096487 0.978021
1642647832.014028 0.134870 0.002665 0.054473 -0.084905 0.173885 0.092612 0.976718
1642647832.114030 0.131744 0.001340 0.064717 -0.097030 0.175551 0.088681 0.975655
1642647832.314029 0.124604 0.005705 0.073035 -0.105425 0.166337 0.081053 0.977061
1642647832.414028 0.120554 0.004753 0.078592 -0.107278 0.161253 0.077761 0.977979
1642647832.514031 0.116097 0.001470 0.082030 -0.104902 0.158873 0.075863 0.978774
1642647832.614028 0.111835 0.002917 0.084019 -0.100293 0.154870 0.072311 0.980167
1642647832.714064 0.108749 0.002785 0.084169 -0.097242 0.153148 0.068814 0.980997
1642647832.814030 0.107803 0.006227 0.088043 -0.087590 0.145692 0.066603 0.983192
1642647832.914029 0.102890 0.007109 0.087374 -0.079535 0.141401 0.060470 0.984898
1642647833.014027 0.102991 0.009732 0.088115 -0.067907 0.137391 0.053573 0.986733
1642647833.214027 0.091654 0.017854 0.089638 -0.055167 0.132887 0.038084 0.988862
1642647833.314028 0.091538 0.018498 0.091873 -0.056044 0.134440 0.030672 0.988860
1642647833.414030 0.081957 0.026288 0.098925 -0.053641 0.136903 0.024993 0.988815
1642647833.514027 0.081206 0.029389 0.101816 -0.055105 0.129702 0.018339 0.989851
1642647833.614028 0.072574 0.029215 0.106263 -0.059305 0.124806 0.011031 0.990346
1642647833.714027 0.067491 0.023032 0.112839 -0.068086 0.123109 0.002565 0.990052
1642647833.814029 0.060416 0.023044 0.120813 -0.076256 0.122312 -0.005315 0.989544
1642647834.014026 0.047435 0.019497 0.130620 -0.090096 0.124294 -0.020426 0.987935
1642647834.114027 0.043212 0.014117 0.131197 -0.091394 0.120186 -0.027701 0.988147
1642647834.214028 0.034817 0.010247 0.129755 -0.089793 0.119344 -0.033324 0.988223
1642647834.314030 0.032225 0.007517 0.128839 -0.087573 0.114207 -0.040484 0.988761
1642647834.414026 0.024874 0.000566 0.126985 -0.087711 0.111269 -0.044489 0.988912
1642647834.514031 0.018688 -0.005228 0.124018 -0.084041 0.106333 -0.046232 0.989693
1642647834.614027 0.012801 -0.011625 0.121243 -0.077737 0.101710 -0.047337 0.990642
1642647834.714031 0.002467 -0.010846 0.119098 -0.072281 0.093689 -0.053733 0.991519
1642647834.914026 -0.012586 -0.024832 0.106976 -0.064157 0.078157 -0.062006 0.992940
1642647835.014025 -0.020955 -0.027881 0.102178 -0.054782 0.075091 -0.063440 0.993648
1642647835.114025 -0.028753 -0.031220 0.096785 -0.044851 0.064764 -0.064845 0.994781
1642647835.214025 -0.034133 -0.030405 0.093542 -0.031200 0.056536 -0.066773 0.995677
1642647835.314026 -0.039551 -0.027332 0.085822 -0.018224 0.050582 -0.067750 0.996253
1642647835.414025 -0.043089 -0.023617 0.082959 -0.006651 0.044855 -0.064987 0.996855
1642647835.514025 -0.039132 -0.018393 0.081782 0.001688 0.042387 -0.060496 0.997267
1642647835.614026 -0.036180 -0.016705 0.081869 0.004401 0.040388 -0.054795 0.997671
1642647835.814025 -0.030668 -0.008180 0.086200 0.008967 0.038404 -0.047019 0.998115
1642647835.914025 -0.025578 0.005040 0.087806 0.010404 0.034348 -0.045583 0.998316
1642647836.014024 -0.022220 0.012698 0.091868 0.007765 0.033336 -0.040298 0.998601
1642647836.114024 -0.016294 0.016322 0.094992 0.003906 0.036781 -0.035275 0.998693
1642647836.214025 -0.010346 0.025610 0.098682 -0.001315 0.040119 -0.033125 0.998645
1642647836.314024 -0.003523 0.032488 0.106658 -0.006995 0.043880 -0.028802 0.998597
1642647836.414024 0.003490 0.036926 0.108594 -0.010730 0.047312 -0.023154 0.998554
1642647836.514024 0.009254 0.044441 0.111129 -0.014293 0.050257 -0.017906 0.998474
1642647836.714025 0.022987 0.052802 0.118668 -0.022341 0.056626 -0.010975 0.998085
1642647836.814024 0.027725 0.056599 0.122904 -0.026972 0.057216 -0.007100 0.997972
1642647836.914024 0.034913 0.060962 0.125637 -0.031304 0.056098 -0.004239 0.997925
1642647837.014028 0.036213 0.068290 0.132596 -0.037004 0.061203 -0.002961 0.997435
1642647837.114024 0.043745 0.072963 0.139000 -0.046903 0.061345 -0.002495 0.997011
1642647837.514030 0.058090 0.095423 0.151760 -0.052021 0.050076 0.005064 0.997377
1642647837.614031 0.062543 0.103580 0.150564 -0.053384 0.048745 0.007458 0.997356
1642647837.714023 0.069039 0.105453 0.157188 -0.060850 0.051105 0.008739 0.996800
1642647837.914025 0.075369 0.113871 0.164323 -0.069336 0.053205 0.012478 0.996095
1642647838.014033 0.076455 0.116447 0.168091 -0.068036 0.050930 0.014578 0.996275
1642647838.114022 0.077002 0.117599 0.171070 -0.065055 0.043750 0.012667 0.996842
1642647838.214022 0.080213 0.120774 0.174068 -0.063660 0.036902 0.012036 0.997217
1642647838.314030 0.083312 0.124280 0.179236 -0.065609 0.038975 0.014317 0.996981
1642647838.414022 0.085994 0.130525 0.184424 -0.067771 0.042471 0.017135 0.996649
1642647838.614031 0.090699 0.141876 0.191415 -0.068757 0.043715 0.018931 0.996495
1642647838.714034 0.092704 0.146599 0.194837 -0.069286 0.045228 0.018799 0.996394
1642647838.814024 0.096299 0.154379 0.198102 -0.072174 0.047886 0.016648 0.996103
1642647838.914022 0.100589 0.163643 0.200771 -0.078739 0.048586 0.020282 0.995504
1642647839.014023 0.101038 0.168360 0.208428 -0.087281 0.052139 0.025017 0.994504
1642647839.114022 0.110775 0.173563 0.210780 -0.092733 0.046329 0.026333 0.994264
1642647839.214022 0.104662 0.178701 0.217985 -0.099621 0.051355 0.027747 0.993312
1642647839.314025 0.104879 0.189396 0.218645 -0.103532 0.053024 0.027440 0.992833
1642647839.414021 0.096145 0.194246 0.218707 -0.105103 0.053780 0.030067 0.992551
1642647839.614032 0.082499 0.207617 0.221861 -0.098456 0.054583 0.026542 0.993289
1642647839.714023 0.077640 0.214000 0.219474 -0.094557 0.043657 0.021477 0.994330
1642647839.814021 0.070982 0.211526 0.217967 -0.097533 0.035837 0.014051 0.994488
1642647839.914022 0.062214 0.220839 0.216600 -0.094231 0.031949 0.010028 0.994987
1642647840.014023 0.055711 0.227124 0.218736 -0.091499 0.029689 0.006553 0.995341
1642647840.114024 0.053900 0.225983 0.219307 -0.093042 0.022745 0.006793 0.995379
1642647840.214022 0.043250 0.224206 0.222930 -0.093817 0.019703 0.009314 0.995351
1642647840.414020 0.028689 0.232102 0.212158 -0.088927 0.003323 0.002197 0.996030
1642647840.514021 0.020300 0.233871 0.208491 -0.084739 -0.003434 -0.004595 0.996387
1642647840.614020 0.006908 0.234370 0.203888 -0.079611 -0.009636 -0.010499 0.996724
1642647840.714020 -0.000638 0.239184 0.199299 -0.074603 -0.018211 -0.015701 0.996923
1642647840.814020 -0.007615 0.239738 0.194670 -0.074364 -0.030518 -0.021645 0.996529
1642647840.914022 -0.017661 0.245414 0.189299 -0.071633 -0.040804 -0.029762 0.996152
1642647841.014020 -0.028296 0.244730 0.183860 -0.069670 -0.053698 -0.037686 0.995411
1642647841.214021 -0.051336 0.250463 0.169966 -0.061275 -0.076862 -0.051562 0.993820
1642647841.314019 -0.058807 0.250850 0.162721 -0.060137 -0.090904 -0.057805 0.992360
1642647841.414019 -0.072623 0.257739 0.155728 -0.056802 -0.100668 -0.063572 0.991261
1642647841.514019 -0.080023 0.257971 0.146432 -0.055517 -0.113262 -0.069139 0.989601
1642647841.614019 -0.083464 0.254807 0.139411 -0.053254 -0.125760 -0.072788 0.987953
1642647841.714019 -0.090416 0.253652 0.131467 -0.047774 -0.132858 -0.077070 0.986979
1642647841.814019 -0.097953 0.255353 0.123157 -0.039999 -0.141657 -0.082470 0.985663
1642647842.014019 -0.106037 0.249732 0.106441 -0.022920 -0.163226 -0.089457 0.982257
1642647842.114020 -0.112269 0.246508 0.097134 -0.013196 -0.172978 -0.093039 0.980433
1642647842.214019 -0.116389 0.247018 0.088814 -0.003553 -0.182465 -0.099296 0.978179
1642647842.314018 -0.117625 0.246299 0.081088 0.004634 -0.194133 -0.105125 0.975315
1642647842.414018 -0.121835 0.247186 0.073778 0.013277 -0.204375 -0.109923 0.972611
1642647842.514018 -0.129270 0.246539 0.064456 0.021867 -0.212908 -0.113443 0.970218
1642647842.614018 -0.130421 0.246040 0.058346 0.031478 -0.223067 -0.115715 0.967399
1642647842.814018 -0.148394 0.240653 0.037075 0.046454 -0.237616 -0.121625 0.962594
1642647842.914018 -0.154075 0.238509 0.031181 0.053408 -0.244980 -0.125098 0.959939
1642647843.014018 -0.150276 0.239053 0.027017 0.062885 -0.257746 -0.128320 0.955587
1642647843.114018 -0.155703 0.239052 0.018866 0.072031 -0.264782 -0.131511 0.952579
1642647843.214018 -0.161680 0.239341 0.011431 0.080244 -0.268976 -0.136221 0.950082
1642647843.314018 -0.165167 0.238459 0.004663 0.085829 -0.276050 -0.140237 0.946976
1642647843.414017 -0.171243 0.238235 -0.000114 0.089139 -0.282818 -0.141507 0.944481
1642647843.514017 -0.175508 0.238509 -0.005643 0.092022 -0.289805 -0.141651 0.942062
1642647843.714017 -0.194668 0.237754 -0.022026 0.101668 -0.301142 -0.144342 0.937093
1642647843.814017 -0.210832 0.237695 -0.033919 0.107990 -0.303698 -0.146441 0.935233
1642647843.914017 -0.193875 0.237812 -0.031495 0.113724 -0.315446 -0.153341 0.929542
1642647844.014017 -0.198531 0.238835 -0.037180 0.116383 -0.320248 -0.156305 0.927073
1642647844.114018 -0.204543 0.237876 -0.042596 0.117396 -0.325725 -0.157822 0.924778
1642647844.514016 -0.225921 0.242144 -0.065121 0.126377 -0.347129 -0.162967 0.914862
1642647844.614017 -0.231152 0.245320 -0.068585 0.130417 -0.350749 -0.164437 0.912648
1642647844.814017 -0.235652 0.250330 -0.077313 0.135586 -0.360431 -0.169122 0.907251
1642647844.914016 -0.247945 0.248003 -0.091111 0.134547 -0.363490 -0.169141 0.906181
1642647845.014018 -0.255709 0.241799 -0.100467 0.133154 -0.366480 -0.168992 0.905210
1642647845.114020 -0.257464 0.256807 -0.108479 0.139472 -0.367442 -0.168374 0.903983
1642647845.214026 -0.263276 0.258125 -0.114167 0.139473 -0.368077 -0.170294 0.903364
1642647845.314016 -0.267445 0.262581 -0.121984 0.139249 -0.372515 -0.171690 0.901313
1642647845.514016 -0.275539 0.267122 -0.134806 0.139411 -0.385197 -0.172777 0.895732
1642647845.614019 -0.280458 0.266059 -0.142348 0.136945 -0.391309 -0.173340 0.893351
1642647845.714015 -0.283172 0.271068 -0.144882 0.135071 -0.397628 -0.174340 0.890648
1642647845.814015 -0.290045 0.275199 -0.147939 0.132919 -0.399436 -0.175024 0.890028
1642647845.914015 -0.294634 0.276920 -0.151902 0.130559 -0.400744 -0.176574 0.889483
1642647846.014015 -0.300624 0.283460 -0.153224 0.129861 -0.402087 -0.177850 0.888725
1642647846.114017 -0.305591 0.284064 -0.157987 0.125889 -0.401465 -0.178480 0.889451
1642647846.314016 -0.322070 0.283249 -0.166889 0.118366 -0.398791 -0.179868 0.891405
1642647846.414016 -0.330371 0.291520 -0.171964 0.119142 -0.399041 -0.179017 0.891361
1642647846.514029 -0.338367 0.293910 -0.174549 0.119298 -0.398388 -0.180099 0.891414
1642647846.614016 -0.350795 0.294883 -0.182470 0.117362 -0.395265 -0.180602 0.892959
1642647846.714014 -0.357810 0.300737 -0.186928 0.116470 -0.393531 -0.182916 0.893370
1642647846.814014 -0.367759 0.304865 -0.192871 0.113396 -0.386377 -0.182210 0.897025
1642647846.914014 -0.379978 0.308994 -0.199795 0.112235 -0.374161 -0.179896 0.902798
1642647847.114014 -0.393110 0.314315 -0.208096 0.111966 -0.355685 -0.174255 0.911365
1642647847.214016 -0.397972 0.317513 -0.211393 0.112164 -0.349096 -0.170625 0.914570
1642647847.314014 -0.400774 0.314659 -0.212865 0.111134 -0.345299 -0.168090 0.916605
1642647847.414016 -0.402444 0.316745 -0.213930 0.113170 -0.343376 -0.166140 0.917433
1642647847.514015 -0.410912 0.313747 -0.211715 0.110482 -0.341281 -0.164364 0.918861
1642647847.614013 -0.419155 0.314769 -0.209547 0.106208 -0.339958 -0.165682 0.919618
1642647847.814017 -0.425849 0.304051 -0.200087 0.098744 -0.340784 -0.155826 0.921864
1642647847.914014 -0.435898 0.302564 -0.193004 0.089991 -0.336496 -0.151594 0.925036
1642647848.014013 -0.435504 0.305217 -0.184787 0.087637 -0.333996 -0.146258 0.927025
1642647848.114013 -0.444006 0.305790 -0.186542 0.084189 -0.332644 -0.149604 0.927296
1642647848.214019 -0.444779 0.307124 -0.185113 0.087497 -0.330183 -0.153918 0.927164
1642647848.314014 -0.444666 0.306275 -0.176991 0.090831 -0.331528 -0.149406 0.927101
1642647848.414015 -0.449233 0.304901 -0.169467 0.091664 -0.332473 -0.139689 0.928195
1642647848.614012 -0.456783 0.306507 -0.169480 0.084214 -0.333223 -0.133436 0.929551
1642647848.714012 -0.455634 0.300777 -0.169683 0.079709 -0.324846 -0.128635 0.933582
1642647848.814012 -0.468396 0.298168 -0.176871 0.077608 -0.309675 -0.120128 0.940026
1642647848.914012 -0.471939 0.302021 -0.175867 0.078890 -0.301534 -0.116196 0.943055
1642647849.014014 -0.477294 0.303877 -0.177048 0.079224 -0.295116 -0.116451 0.945024
1642647849.114024 -0.480233 0.300849 -0.177768 0.078757 -0.292022 -0.117999 0.945831
1642647849.214012 -0.486046 0.298858 -0.181118 0.080936 -0.287034 -0.117014 0.947295
1642647849.314012 -0.487211 0.296790 -0.182977 0.084141 -0.285412 -0.116160 0.947611
1642647849.514012 -0.496747 0.297602 -0.185754 0.093001 -0.279994 -0.109624 0.949177
1642647849.614012 -0.500832 0.295542 -0.186506 0.093537 -0.277376 -0.107186 0.950171
1642647849.714013 -0.509059 0.299587 -0.185017 0.093736 -0.270489 -0.103587 0.952533
1642647849.814011 -0.519215 0.301127 -0.185542 0.091624 -0.262000 -0.100866 0.955399
1642647849.914011 -0.516506 0.300956 -0.182139 0.089572 -0.257531 -0.099448 0.956956
1642647850.014011 -0.520693 0.302172 -0.183355 0.088325 -0.250142 -0.100269 0.958944
1642647850.114011 -0.520698 0.302635 -0.184060 0.087736 -0.243019 -0.102426 0.960600
1642647850.314020 -0.524820 0.303818 -0.185176 0.086646 -0.234785 -0.101276 0.962867
1642647850.414013 -0.527579 0.306103 -0.188287 0.086622 -0.229030 -0.099971 0.964390
1642647850.514011 -0.538580 0.311741 -0.187223 0.085747 -0.224195 -0.101412 0.965453
1642647850.614013 -0.538807 0.309854 -0.188910 0.081546 -0.223914 -0.104901 0.965510
1642647850.714011 -0.541867 0.307113 -0.192971 0.077918 -0.225190 -0.104834 0.965520
1642647850.814011 -0.540138 0.313243 -0.195662 0.081338 -0.228384 -0.104620 0.964510
1642647850.914010 -0.545135 0.310993 -0.198599 0.084645 -0.228320 -0.103766 0.964333
1642647851.314010 -0.570396 0.309251 -0.198613 0.091294 -0.209947 -0.095024 0.968792
1642647851.414015 -0.578749 0.309234 -0.198471 0.092999 -0.201102 -0.092604 0.970739
1642647851.614010 -0.589187 0.308132 -0.196607 0.096465 -0.184687 -0.088294 0.974058
1642647851.714012 -0.594063 0.306568 -0.197386 0.097299 -0.174960 -0.085698 0.976001
1642647851.814009 -0.600114 0.305447 -0.194756 0.099308 -0.164680 -0.080689 0.978012
1642647852.014009 -0.607950 0.299909 -0.195468 0.104095 -0.142630 -0.070259 0.981776
1642647852.114009 -0.612113 0.300038 -0.192829 0.108957 -0.131855 -0.062199 0.983298
1642647852.214009 -0.618532 0.297437 -0.196403 0.110990 -0.120352 -0.055998 0.984917
1642647852.314009 -0.617279 0.292123 -0.193814 0.113453 -0.112384 -0.053108 0.985737
1642647852.414009 -0.620848 0.289700 -0.194999 0.116616 -0.104290 -0.050465 0.986396
1642647852.514011 -0.623122 0.286970 -0.194273 0.117934 -0.097105 -0.046495 0.987168
1642647852.614010 -0.617625 0.286257 -0.192048 0.118751 -0.092728 -0.044152 0.987598
1642647852.714009 -0.615527 0.284340 -0.189042 0.119186 -0.085473 -0.040015 0.988376
1642647852.814008 -0.616546 0.282494 -0.184757 0.119312 -0.074644 -0.034202 0.989456
1642647853.014008 -0.607892 0.272915 -0.176106 0.123493 -0.060385 -0.021939 0.990264
1642647853.114008 -0.603748 0.267346 -0.171120 0.125265 -0.054369 -0.016243 0.990499
1642647853.214009 -0.602049 0.260689 -0.165605 0.125861 -0.046948 -0.011095 0.990874
1642647853.314008 -0.596462 0.259628 -0.160060 0.129744 -0.037636 -0.006288 0.990813
1642647853.414008 -0.588432 0.255125 -0.153773 0.131942 -0.029877 -0.000494 0.990807
1642647853.514008 -0.581955 0.248944 -0.149944 0.131245 -0.020067 0.006489 0.991126
1642647853.614008 -0.572742 0.243666 -0.146331 0.127850 -0.011635 0.008905 0.991685
1642647853.814008 -0.555696 0.239590 -0.134899 0.126213 0.005400 0.013663 0.991894
1642647853.914008 -0.548546 0.235493 -0.129625 0.120571 0.012965 0.016608 0.992481
1642647854.014008 -0.539249 0.233234 -0.124700 0.116955 0.017525 0.021489 0.992750
1642647854.114008 -0.527947 0.230614 -0.120454 0.113700 0.019005 0.025403 0.993009
1642647854.214009 -0.518488 0.231572 -0.120405 0.112731 0.018058 0.028736 0.993046
1642647854.314010 -0.510857 0.229360 -0.118745 0.112854 0.020548 0.032150 0.992879
1642647854.414009 -0.501092 0.229258 -0.117080 0.114967 0.021995 0.034733 0.992518
1642647854.514008 -0.495829 0.229029 -0.116373 0.115037 0.027049 0.037373 0.992289
1642647854.714007 -0.483190 0.229061 -0.113384 0.115226 0.034299 0.037618 0.992034
1642647854.814008 -0.468879 0.231907 -0.110940 0.118588 0.029901 0.037284 0.991793
1642647854.914006 -0.464260 0.227589 -0.113926 0.117289 0.031966 0.037563 0.991872
1642647855.014009 -0.454782 0.227345 -0.116587 0.116796 0.030547 0.039278 0.991909
1642647855.114009 -0.448843 0.224436 -0.116056 0.116015 0.031139 0.037892 0.992036
1642647855.314018 -0.439287 0.226477 -0.117631 0.116355 0.032694 0.036861 0.991985
1642647855.414006 -0.429394 0.226254 -0.117214 0.116042 0.033674 0.039527 0.991886
1642647855.514009 -0.419469 0.223570 -0.116039 0.114990 0.036674 0.042174 0.991793
1642647855.614006 -0.413311 0.223071 -0.117755 0.115280 0.039626 0.044748 0.991533
1642647855.714015 -0.404324 0.224803 -0.117034 0.116789 0.040591 0.046812 0.991222
1642647855.814007 -0.393768 0.224298 -0.118264 0.117560 0.040174 0.046394 0.991168
1642647855.914005 -0.388734 0.221110 -0.118916 0.118662 0.040781 0.044110 0.991116
1642647856.014006 -0.383658 0.224670 -0.118255 0.122046 0.042764 0.041799 0.990721
1642647856.214005 -0.366369 0.219824 -0.116517 0.115956 0.046196 0.046557 0.991087
1642647856.314005 -0.351709 0.221045 -0.111296 0.112739 0.046306 0.049884 0.991291
1642647856.414005 -0.347156 0.217723 -0.108744 0.107036 0.049273 0.053244 0.991605
1642647856.514006 -0.333475 0.222739 -0.104296 0.105213 0.046445 0.055276 0.991825
1642647856.614005 -0.327957 0.218481 -0.101541 0.099173 0.046825 0.058530 0.992243
1642647856.714005 -0.315466 0.219868 -0.095501 0.096396 0.045701 0.060838 0.992430
1642647856.814005 -0.303727 0.215522 -0.090425 0.091188 0.045432 0.064950 0.992674
1642647856.914006 -0.292200 0.215330 -0.084250 0.087722 0.046364 0.070072 0.992595
1642647857.014004 -0.287547 0.213622 -0.082311 0.083594 0.053363 0.075587 0.992195
1642647857.214004 -0.267278 0.210222 -0.069283 0.067399 0.059050 0.090244 0.991880
1642647857.314004 -0.252880 0.209550 -0.065990 0.060925 0.061926 0.099243 0.991264
1642647857.414005 -0.240984 0.210297 -0.063653 0.059915 0.065387 0.107093 0.990286
1642647857.514009 -0.233018 0.207042 -0.064839 0.061717 0.070102 0.114502 0.989023
1642647857.614004 -0.223783 0.203026 -0.068208 0.062667 0.071920 0.116298 0.988623
1642647857.714009 -0.216689 0.206590 -0.065495 0.065443 0.073101 0.116448 0.988339
1642647857.814005 -0.214539 0.200560 -0.067189 0.064660 0.077650 0.120137 0.987602
1642647858.214005 -0.187579 0.190376 -0.068587 0.069742 0.083413 0.128006 0.985796
1642647858.314004 -0.183031 0.187656 -0.067498 0.071868 0.087409 0.135957 0.984231
1642647858.514003 -0.163627 0.187381 -0.066125 0.072328 0.088866 0.148070 0.982317
1642647858.614005 -0.162936 0.185778 -0.064828 0.072756 0.092522 0.155551 0.980791
1642647858.714005 -0.147170 0.174228 -0.072613 0.067418 0.090698 0.160779 0.980499
1642647858.814004 -0.142162 0.171767 -0.073099 0.068984 0.092253 0.167113 0.979185
1642647858.914003 -0.135719 0.166824 -0.078141 0.072281 0.093486 0.175790 0.977310
1642647859.114002 -0.127190 0.152871 -0.083844 0.080967 0.094470 0.197235 0.972429
1642647859.214002 -0.122993 0.144445 -0.086490 0.084028 0.093211 0.203287 0.971043
1642647859.314002 -0.124416 0.139630 -0.090901 0.088580 0.093399 0.202896 0.970703
1642647859.414008 -0.126305 0.132939 -0.090372 0.091394 0.094203 0.200646 0.970832
1642647859.514003 -0.134806 0.134897 -0.092968 0.098100 0.094202 0.193027 0.971722
1642647859.614002 -0.142249 0.128752 -0.096507 0.101736 0.088881 0.188258 0.972784
1642647859.714003 -0.151416 0.122005 -0.099292 0.103222 0.084763 0.184416 0.973731
1642647859.814002 -0.152629 0.116929 -0.096660 0.103172 0.081045 0.178418 0.975169
1642647859.914002 -0.156373 0.119545 -0.095579 0.105995 0.073207 0.173080 0.976447
1642647860.114003 -0.180538 0.115698 -0.097646 0.111528 0.059304 0.157016 0.979485
1642647860.214001 -0.179532 0.112239 -0.103474 0.113115 0.047272 0.144897 0.981822
1642647860.314002 -0.197233 0.109493 -0.107566 0.116893 0.043143 0.135619 0.982895
1642647860.414001 -0.208236 0.107962 -0.110382 0.118241 0.036861 0.126956 0.984146
1642647860.514001 -0.214730 0.107744 -0.112344 0.120394 0.030423 0.119243 0.985069
1642647860.614003 -0.223653 0.107618 -0.114516 0.121941 0.025061 0.112975 0.985768
1642647860.714001 -0.229308 0.105160 -0.118404 0.122816 0.019387 0.106972 0.986457
1642647860.814002 -0.236031 0.102652 -0.119342 0.124302 0.016100 0.102185 0.986837
1642647861.014001 -0.250519 0.098559 -0.126448 0.121614 0.009141 0.092723 0.988195
1642647861.114001 -0.258014 0.098808 -0.126329 0.119454 0.005892 0.087354 0.988972
1642647861.214002 -0.262773 0.105270 -0.125894 0.118757 0.000164 0.082279 0.989509
1642647861.314001 -0.270733 0.106087 -0.125603 0.113934 -0.002046 0.077350 0.990471
1642647861.414000 -0.272925 0.109636 -0.125389 0.111034 -0.011925 0.072825 0.991073
1642647861.514001 -0.278931 0.107595 -0.128844 0.106780 -0.020363 0.069211 0.991662
1642647861.614000 -0.282581 0.111001 -0.128566 0.104495 -0.026498 0.063777 0.992125
1642647861.814000 -0.289368 0.113261 -0.133603 0.101336 -0.035947 0.058201 0.992498
1642647861.914001 -0.293741 0.115040 -0.134399 0.100840 -0.040454 0.057098 0.992439
1642647862.014002 -0.297887 0.114544 -0.137362 0.098171 -0.044940 0.056028 0.992574
1642647862.114008 -0.302964 0.117777 -0.137669 0.095808 -0.049386 0.055635 0.992616
1642647862.214000 -0.309316 0.118375 -0.138020 0.090800 -0.054618 0.053838 0.992912
1642647862.313999 -0.315380 0.119225 -0.136140 0.085809 -0.059694 0.055019 0.992999
1642647862.413999 -0.330095 0.118122 -0.136009 0.080100 -0.062405 0.056967 0.993199
1642647862.613999 -0.355827 0.118082 -0.139547 0.073859 -0.069270 0.060018 0.993048
1642647862.714000 -0.369894 0.118093 -0.143303 0.073795 -0.075620 0.064430 0.992313
1642647862.813999 -0.385456 0.123300 -0.146476 0.072718 -0.079563 0.062195 0.992227
1642647862.913999 -0.397637 0.126118 -0.149099 0.071983 -0.086263 0.054669 0.992164
1642647863.013999 -0.417562 0.129288 -0.152206 0.073533 -0.086331 0.048361 0.992372
1642647863.114003 -0.420930 0.133456 -0.156674 0.073974 -0.091208 0.042608 0.992166
1642647863.313998 -0.440416 0.133798 -0.159106 0.072430 -0.097847 0.037007 0.991872
1642647863.413999 -0.444340 0.134583 -0.162569 0.073554 -0.104660 0.034073 0.991199
1642647863.513998 -0.459498 0.137887 -0.160635 0.074818 -0.103004 0.032333 0.991336
1642647863.613998 -0.460657 0.137661 -0.160420 0.073306 -0.107221 0.028936 0.991107
1642647863.714000 -0.467581 0.141547 -0.162003 0.072550 -0.110651 0.025614 0.990877
1642647863.813999 -0.479320 0.143083 -0.163063 0.068792 -0.111137 0.022161 0.991174
1642647863.913998 -0.485519 0.154221 -0.159557 0.068078 -0.115682 0.017334 0.990799
1642647864.013998 -0.491188 0.147254 -0.164764 0.058337 -0.117722 0.011223 0.991268
1642647864.213998 -0.513333 0.158580 -0.170926 0.052783 -0.124319 -0.002115 0.990835
1642647864.313997 -0.526154 0.160834 -0.177412 0.049794 -0.129361 -0.012413 0.990269
1642647864.413997 -0.537631 0.167836 -0.180357 0.050752 -0.136582 -0.023258 0.989055
1642647864.513998 -0.548689 0.177784 -0.186333 0.054141 -0.145804 -0.030830 0.987350
1642647864.613997 -0.567112 0.184182 -0.190837 0.057287 -0.151274 -0.035615 0.986188
1642647864.813997 -0.591462 0.193500 -0.206609 0.061831 -0.169701 -0.051294 0.982216
1642647864.913997 -0.600306 0.198189 -0.214218 0.062550 -0.175425 -0.059186 0.980719
1642647865.213999 -0.624699 0.212727 -0.224606 0.059431 -0.187089 -0.073947 0.977751
1642647865.413996 -0.633628 0.222726 -0.232225 0.055985 -0.195699 -0.077474 0.975995
1642647865.513998 -0.645297 0.232064 -0.232029 0.056466 -0.191176 -0.074290 0.977110
1642647865.613996 -0.647282 0.242465 -0.230960 0.057400 -0.189417 -0.075556 0.977301
1642647865.814009 -0.658051 0.254632 -0.237176 0.061074 -0.188045 -0.075442 0.977352
1642647865.914001 -0.659888 0.262405 -0.241375 0.062004 -0.187202 -0.073745 0.977585
1642647866.014000 -0.671251 0.270223 -0.241635 0.060055 -0.183485 -0.073640 0.978419
1642647866.113996 -0.689730 0.277105 -0.238634 0.060006 -0.174365 -0.073346 0.980111
1642647866.213998 -0.698456 0.284455 -0.242492 0.057925 -0.170619 -0.072085 0.980988
1642647866.313997 -0.705555 0.293325 -0.239084 0.056777 -0.171379 -0.072353 0.980903
1642647866.413997 -0.708261 0.301294 -0.244002 0.054768 -0.171816 -0.075613 0.980695
1642647866.513998 -0.715931 0.309329 -0.247355 0.053525 -0.170541 -0.078789 0.980736
1642647866.613998 -0.719968 0.313625 -0.244536 0.053016 -0.167590 -0.081296 0.981068
1642647866.813996 -0.714772 0.320795 -0.240033 0.055028 -0.157262 -0.082720 0.982547
1642647866.913995 -0.712306 0.318847 -0.239378 0.052453 -0.148494 -0.080910 0.984201
1642647867.013995 -0.710350 0.314806 -0.236775 0.049819 -0.136248 -0.075983 0.986499
1642647867.113995 -0.711152 0.319574 -0.228315 0.053257 -0.122792 -0.069657 0.988551
1642647867.213995 -0.710308 0.316085 -0.226859 0.052604 -0.108450 -0.062804 0.990721
1642647867.413996 -0.705747 0.309067 -0.226519 0.053196 -0.091343 -0.054994 0.992876
1642647867.513995 -0.697478 0.313004 -0.225720 0.057970 -0.087528 -0.051673 0.993131
1642647867.613994 -0.695412 0.304867 -0.226531 0.057461 -0.078656 -0.048053 0.994084
1642647867.713994 -0.693289 0.304363 -0.221942 0.061024 -0.070226 -0.040965 0.994820
1642647867.813994 -0.684672 0.299153 -0.221024 0.062558 -0.061623 -0.034434 0.995542
1642647867.913994 -0.680481 0.296307 -0.217938 0.063650 -0.051761 -0.026925 0.996265
1642647868.013995 -0.675623 0.293640 -0.213642 0.064146 -0.042738 -0.020625 0.996812
1642647868.113994 -0.673744 0.291918 -0.211952 0.064146 -0.032039 -0.014344 0.997323
1642647868.213994 -0.669820 0.289502 -0.208320 0.063911 -0.023261 -0.008432 0.997649
1642647868.413996 -0.662953 0.285029 -0.204786 0.062118 -0.005924 0.001069 0.998051
1642647868.513994 -0.660406 0.283389 -0.199633 0.062886 0.003252 0.005022 0.998003
1642647868.613993 -0.658612 0.284587 -0.195983 0.065350 0.012427 0.008748 0.997747
1642647868.713994 -0.655595 0.279561 -0.195610 0.066249 0.022719 0.013559 0.997452
1642647868.813993 -0.651141 0.275740 -0.197023 0.068998 0.032166 0.018518 0.996926
1642647868.913993 -0.646854 0.274418 -0.194996 0.070587 0.043391 0.023813 0.996277
1642647869.013993 -0.643880 0.271619 -0.194639 0.070277 0.055657 0.031837 0.995465
1642647869.213993 -0.631270 0.266470 -0.191170 0.071539 0.079455 0.052050 0.992905
1642647869.313993 -0.625631 0.264379 -0.191525 0.074218 0.092962 0.062009 0.990962
1642647869.413993 -0.613464 0.262466 -0.191266 0.075655 0.101020 0.067461 0.989707
1642647869.513993 -0.606643 0.261633 -0.195023 0.075338 0.114487 0.072251 0.987925
1642647869.613993 -0.598805 0.261931 -0.194905 0.075588 0.126591 0.078087 0.985983
1642647869.713992 -0.594342 0.261634 -0.194564 0.074770 0.140641 0.084567 0.983605
1642647869.813992 -0.590369 0.261059 -0.192749 0.072074 0.153939 0.091878 0.981156
1642647869.913992 -0.583611 0.260384 -0.194319 0.066187 0.165275 0.099017 0.979030
1642647870.113992 -0.565459 0.267921 -0.193751 0.056467 0.184091 0.112402 0.974827
1642647870.213992 -0.560361 0.269464 -0.196164 0.050184 0.192560 0.116607 0.973039
1642647870.313992 -0.560500 0.270595 -0.196126 0.045586 0.199925 0.121437 0.971187
1642647870.413994 -0.551873 0.272274 -0.197247 0.043541 0.204824 0.124144 0.969917
1642647870.513994 -0.545354 0.270208 -0.201656 0.041869 0.211417 0.125971 0.968339
1642647870.613991 -0.535473 0.269140 -0.199484 0.047662 0.215187 0.127140 0.967087
1642647870.713991 -0.520493 0.265891 -0.204548 0.056492 0.215180 0.128387 0.966449
1642647870.813992 -0.489395 0.269183 -0.213190 0.063281 0.207825 0.125285 0.968043
1642647870.913991 -0.496954 0.251996 -0.223346 0.066843 0.211886 0.124275 0.967053
1642647871.013991 -0.473242 0.247276 -0.220483 0.071715 0.208035 0.125065 0.967438
1642647871.113991 -0.481761 0.234760 -0.212262 0.073486 0.212545 0.125389 0.966283
1642647871.313999 -0.469921 0.230267 -0.209939 0.076489 0.205150 0.121881 0.968095
1642647871.413992 -0.457926 0.221167 -0.209876 0.074676 0.199038 0.117546 0.970046
1642647871.513992 -0.447034 0.217386 -0.208230 0.077110 0.192112 0.113520 0.971731
1642647871.613992 -0.450949 0.212029 -0.210866 0.078147 0.185717 0.105482 0.973795
1642647871.713991 -0.437980 0.214855 -0.213749 0.078206 0.172931 0.099746 0.976744
1642647871.813990 -0.437968 0.208834 -0.214112 0.080234 0.164074 0.094955 0.978583
1642647871.913990 -0.446338 0.198845 -0.213206 0.081963 0.157919 0.085000 0.980367
1642647872.313990 -0.496915 0.191694 -0.211484 0.093803 0.152551 0.035213 0.983204
1642647872.413992 -0.503710 0.194492 -0.213101 0.094375 0.146866 0.021384 0.984412
1642647872.513990 -0.518926 0.197538 -0.210334 0.090990 0.141125 0.006317 0.985781
1642647872.713989 -0.548233 0.208613 -0.206844 0.083177 0.128586 -0.023880 0.987915
1642647872.813989 -0.567816 0.214995 -0.204955 0.081235 0.124652 -0.039630 0.988075
1642647872.913989 -0.579807 0.216952 -0.205183 0.078633 0.117636 -0.055416 0.988386
1642647873.113989 -0.607492 0.225777 -0.205307 0.077762 0.105567 -0.079103 0.988206
1642647873.213990 -0.619866 0.229305 -0.204845 0.077497 0.100421 -0.090835 0.987755
1642647873.313989 -0.631019 0.234771 -0.206052 0.078965 0.093045 -0.101632 0.987309
1642647873.413989 -0.644138 0.241710 -0.207117 0.079000 0.085676 -0.111749 0.986879
1642647873.513989 -0.654202 0.246631 -0.211956 0.076801 0.076314 -0.123578 0.986411
1642647873.613989 -0.669496 0.255627 -0.211161 0.077331 0.067881 -0.134264 0.985589
1642647873.713989 -0.678164 0.260457 -0.215468 0.076773 0.057069 -0.145034 0.984792
1642647873.813988 -0.694404 0.268252 -0.217310 0.077194 0.050172 -0.154550 0.983686
1642647873.913988 -0.707386 0.278320 -0.219536 0.078546 0.042611 -0.163744 0.982447
1642647874.013988 -0.719674 0.285332 -0.221770 0.078052 0.036109 -0.175433 0.980728
1642647874.213988 -0.740899 0.300415 -0.228180 0.080028 0.023322 -0.199977 0.976248
1642647874.313988 -0.752680 0.305836 -0.228484 0.081369 0.016146 -0.207302 0.974754
1642647874.413988 -0.762465 0.312944 -0.231442 0.084169 0.010970 -0.211235 0.973743
1642647874.513993 -0.766377 0.315815 -0.233814 0.083867 0.003029 -0.215265 0.972943
1642647874.613988 -0.778768 0.321010 -0.235281 0.082857 -0.001361 -0.217485 0.972540
1642647874.713988 -0.783697 0.322236 -0.238474 0.079171 -0.009038 -0.219448 0.972364
1642647874.813987 -0.791489 0.332265 -0.239754 0.078313 -0.015492 -0.220335 0.972152
1642647875.013987 -0.807170 0.344118 -0.240056 0.076749 -0.024046 -0.226170 0.970762
1642647875.113987 -0.810144 0.346401 -0.238828 0.074346 -0.030205 -0.229179 0.970071
1642647875.213988 -0.818767 0.353100 -0.234686 0.070332 -0.032045 -0.230353 0.970033
1642647875.313988 -0.826336 0.357755 -0.232983 0.064600 -0.035555 -0.228647 0.970713
1642647875.413987 -0.831517 0.362939 -0.230402 0.059460 -0.040741 -0.225463 0.971582
1642647875.513988 -0.839098 0.369468 -0.225008 0.055161 -0.043030 -0.216834 0.973699
1642647875.613987 -0.847710 0.372350 -0.220655 0.050838 -0.049903 -0.205630 0.976034
1642647875.713987 -0.849092 0.376672 -0.219152 0.050179 -0.059700 -0.189139 0.978849
1642647875.813987 -0.857677 0.373673 -0.218336 0.048907 -0.066934 -0.170585 0.981850
1642647875.913986 -0.858515 0.377058 -0.219687 0.046586 -0.076832 -0.151869 0.984308
1642647876.113986 -0.864419 0.372493 -0.213900 0.046479 -0.081776 -0.110795 0.989382
1642647876.213986 -0.869699 0.369041 -0.212975 0.050696 -0.086692 -0.098037 0.990103
1642647876.313986 -0.873533 0.364148 -0.209401 0.054851 -0.088117 -0.089650 0.990550
1642647876.413986 -0.884838 0.355070 -0.213718 0.055518 -0.088584 -0.077892 0.991465
1642647876.513987 -0.883237 0.344727 -0.213169 0.058387 -0.095376 -0.063601 0.991690
1642647876.613986 -0.884434 0.336471 -0.215984 0.061054 -0.098776 -0.048470 0.992052
1642647876.713986 -0.887199 0.325475 -0.217293 0.058438 -0.102307 -0.032146 0.992514
1642647876.813986 -0.886065 0.318354 -0.220590 0.056332 -0.108386 -0.012708 0.992430
1642647876.913985 -0.876470 0.309448 -0.223022 0.052372 -0.112787 0.004071 0.992230
1642647877.013986 -0.876502 0.298943 -0.222784 0.049465 -0.116505 0.019517 0.991766
1642647877.213985 -0.869418 0.288647 -0.225780 0.053471 -0.123631 0.042597 0.989971
1642647877.313985 -0.861758 0.282302 -0.228100 0.056525 -0.123711 0.056175 0.989113
1642647877.413987 -0.857186 0.275310 -0.230704 0.060336 -0.125664 0.067890 0.987906
1642647877.513985 -0.848014 0.266860 -0.227632 0.059785 -0.127054 0.075588 0.987203
1642647877.613985 -0.839703 0.263133 -0.226480 0.059683 -0.125775 0.082396 0.986828
1642647877.713987 -0.833574 0.260030 -0.223467 0.063470 -0.123531 0.094049 0.985833
1642647877.813988 -0.827893 0.253015 -0.219695 0.064062 -0.123177 0.102110 0.985037
1642647877.913985 -0.815421 0.248958 -0.219093 0.064036 -0.123708 0.110089 0.984112
1642647878.013984 -0.806578 0.234504 -0.220435 0.058260 -0.122232 0.116788 0.983883
1642647878.113984 -0.800219 0.234895 -0.215463 0.058898 -0.117777 0.129780 0.982760
1642647878.213984 -0.795574 0.231036 -0.212104 0.057395 -0.112728 0.139878 0.982055
1642647878.413984 -0.787839 0.221679 -0.206527 0.055268 -0.103828 0.154033 0.981040
1642647878.513984 -0.782957 0.216671 -0.203413 0.053773 -0.096891 0.161921 0.980562
1642647878.613984 -0.771652 0.214572 -0.200710 0.052490 -0.095982 0.167835 0.979726
1642647878.713985 -0.764884 0.211657 -0.194935 0.049520 -0.089352 0.175068 0.979242
1642647878.813987 -0.757178 0.210591 -0.191582 0.046319 -0.081776 0.184662 0.978298
1642647878.913984 -0.745377 0.210740 -0.187038 0.042763 -0.077237 0.191847 0.977446
1642647879.313983 -0.724077 0.221434 -0.158817 0.010167 -0.037690 0.170574 0.984571
1642647879.413983 -0.716301 0.223015 -0.152618 0.003513 -0.029172 0.159507 0.986759
1642647879.513983 -0.706528 0.223100 -0.147371 -0.003175 -0.020492 0.147227 0.988885
1642647879.713984 -0.690619 0.226218 -0.137182 -0.021496 -0.009923 0.120723 0.992404
1642647879.813983 -0.686700 0.222758 -0.134148 -0.029524 -0.002735 0.110231 0.993464
1642647879.913983 -0.678506 0.220704 -0.132059 -0.035072 0.002083 0.095511 0.994808
1642647880.013985 -0.674761 0.219334 -0.130284 -0.037068 0.012869 0.075440 0.996378
1642647880.113982 -0.664902 0.221649 -0.130774 -0.035453 0.019297 0.059395 0.997418
1642647880.313982 -0.646905 0.219655 -0.127043 -0.033208 0.034750 0.042222 0.997951
1642647880.413982 -0.634182 0.217833 -0.124261 -0.028082 0.039802 0.036780 0.998136
1642647880.513982 -0.623127 0.219131 -0.124060 -0.015802 0.046205 0.027938 0.998416
1642647880.613982 -0.616304 0.216957 -0.126137 -0.002417 0.053222 0.017302 0.998430
1642647880.713982 -0.604270 0.216633 -0.129293 0.012928 0.057413 0.006849 0.998243
1642647880.813982 -0.601065 0.213813 -0.127626 0.026510 0.067142 -0.003280 0.997386
1642647880.913982 -0.591113 0.211395 -0.129098 0.036713 0.072260 -0.010427 0.996655
1642647881.013982 -0.577096 0.208818 -0.131058 0.049649 0.069612 -0.009579 0.996292
1642647881.213981 -0.556973 0.198464 -0.134281 0.084321 0.078861 0.001749 0.993312
1642647881.313981 -0.543423 0.195258 -0.132253 0.091809 0.080901 0.007769 0.992454
1642647881.413982 -0.531126 0.190205 -0.133100 0.098882 0.084757 0.018054 0.991319
1642647881.513981 -0.525994 0.188501 -0.137182 0.109416 0.088652 0.029248 0.989603
1642647881.613981 -0.514477 0.187014 -0.140615 0.121231 0.086441 0.036751 0.988170
1642647881.713981 -0.503093 0.182120 -0.143982 0.133359 0.084271 0.041691 0.986598
1642647881.813981 -0.495113 0.181049 -0.152155 0.148461 0.081626 0.046985 0.984423
1642647881.913981 -0.481547 0.182557 -0.154974 0.164548 0.085383 0.050834 0.981351
1642647882.113981 -0.463811 0.181338 -0.157658 0.187822 0.102854 0.058693 0.975038
1642647882.213980 -0.440325 0.178967 -0.163777 0.194711 0.114977 0.065220 0.971913
1642647882.313980 -0.420437 0.179136 -0.166777 0.200949 0.125972 0.074389 0.968616
1642647882.413981 -0.407448 0.178073 -0.165569 0.197581 0.142210 0.083591 0.966308
1642647882.513980 -0.390671 0.183052 -0.162888 0.191450 0.156446 0.091297 0.964643
1642647882.613980 -0.371828 0.185371 -0.159775 0.180989 0.166758 0.097148 0.964363
1642647882.813980 -0.353896 0.178818 -0.162770 0.154739 0.183666 0.108441 0.964657
1642647882.913980 -0.345920 0.180102 -0.161500 0.140731 0.185338 0.111027 0.966187
1642647883.013980 -0.345088 0.179554 -0.158605 0.127652 0.185877 0.111186 0.967880
1642647883.113980 -0.338701 0.183909 -0.156554 0.115923 0.183328 0.112576 0.969680
1642647883.213979 -0.330305 0.184472 -0.155054 0.102530 0.182365 0.115408 0.971036
1642647883.313979 -0.324392 0.190174 -0.150498 0.088683 0.180814 0.119025 0.972252
1642647883.413979 -0.321478 0.193639 -0.146270 0.072575 0.182230 0.121911 0.972966
1642647883.513979 -0.307907 0.200409 -0.143159 0.059133 0.179964 0.124368 0.973986
1642647883.613979 -0.298130 0.208058 -0.142564 0.045474 0.179710 0.126113 0.974542
1642647883.813979 -0.290382 0.221057 -0.135881 0.023229 0.180718 0.126955 0.975030
1642647883.913979 -0.284965 0.226908 -0.132445 0.012718 0.180302 0.119399 0.976255
1642647884.013979 -0.286545 0.229733 -0.128465 0.003845 0.187561 0.110831 0.975973
1642647884.113979 -0.279721 0.237554 -0.126665 0.001120 0.195210 0.105426 0.975078
1642647884.213980 -0.276334 0.238582 -0.124199 0.000843 0.204384 0.101021 0.973664
1642647884.313981 -0.266488 0.236470 -0.128140 0.002408 0.208532 0.099601 0.972928
1642647884.413978 -0.265208 0.234987 -0.125949 0.009441 0.216798 0.097916 0.971248
1642647884.513979 -0.258981 0.231569 -0.126350 0.018424 0.220021 0.099817 0.970200
1642647884.713978 -0.262542 0.221066 -0.129880 0.044455 0.229009 0.100881 0.967162
1642647884.813978 -0.265198 0.217529 -0.131776 0.056388 0.230843 0.100494 0.966143
1642647884.913978 -0.268264 0.211648 -0.134751 0.066856 0.232696 0.099299 0.965154
1642647885.013978 -0.269490 0.211124 -0.138977 0.077532 0.232294 0.099907 0.964389
1642647885.113978 -0.270740 0.208617 -0.144209 0.087798 0.230736 0.100716 0.963799
1642647885.213980 -0.269873 0.200097 -0.150748 0.095577 0.227134 0.100039 0.963985
1642647885.313978 -0.275730 0.192284 -0.152852 0.107498 0.224762 0.097301 0.963566
1642647885.513977 -0.285735 0.186871 -0.163513 0.133451 0.215907 0.086705 0.963357
1642647885.613977 -0.290151 0.185694 -0.167451 0.142953 0.208830 0.081669 0.963994
1642647885.713978 -0.301527 0.184274 -0.169653 0.151390 0.203232 0.077011 0.964286
1642647885.813977 -0.306986 0.169273 -0.177410 0.155046 0.194797 0.072670 0.965782
1642647885.913977 -0.316520 0.165128 -0.181538 0.162354 0.186928 0.066917 0.966551
1642647886.213977 -0.342079 0.161942 -0.188674 0.176245 0.166946 0.049597 0.968817
1642647886.413977 -0.355983 0.166882 -0.187867 0.178915 0.153838 0.027472 0.971375
1642647886.513979 -0.372642 0.165636 -0.186991 0.176389 0.152158 0.017885 0.972324
1642647886.613979 -0.374444 0.169981 -0.187507 0.174029 0.143363 0.010042 0.974197
1642647886.713976 -0.387315 0.172261 -0.183367 0.168819 0.138144 0.000306 0.975918
1642647886.913977 -0.408641 0.181259 -0.177948 0.157281 0.128151 -0.017749 0.979043
1642647887.013976 -0.414765 0.185244 -0.178650 0.153188 0.121547 -0.022821 0.980428
1642647887.113976 -0.425047 0.186965 -0.177514 0.148801 0.116330 -0.029553 0.981556
1642647887.213976 -0.432721 0.190694 -0.177275 0.142762 0.110864 -0.038125 0.982789
1642647887.313976 -0.443448 0.194135 -0.175581 0.139628 0.105015 -0.045041 0.983589
1642647887.413976 -0.460014 0.196723 -0.174835 0.137816 0.101941 -0.054319 0.983699
1642647887.513976 -0.459523 0.203813 -0.175867 0.138731 0.093649 -0.066634 0.983638
1642647887.613975 -0.468026 0.207229 -0.176057 0.136924 0.088243 -0.077819 0.983570
1642647887.813975 -0.485317 0.216399 -0.174894 0.132424 0.075941 -0.095499 0.983655
1642647887.913975 -0.499087 0.219499 -0.176031 0.132666 0.071777 -0.103278 0.983149
1642647888.013976 -0.508172 0.225013 -0.176790 0.135020 0.067518 -0.111344 0.982249
1642647888.113975 -0.519771 0.227156 -0.179865 0.135534 0.062899 -0.119901 0.981478
1642647888.213978 -0.531049 0.229943 -0.182360 0.136423 0.057319 -0.126954 0.980809
1642647888.313975 -0.540842 0.235946 -0.185799 0.137649 0.047460 -0.134448 0.980165
1642647888.513979 -0.560492 0.243226 -0.193515 0.137258 0.027447 -0.147452 0.979114
1642647888.613974 -0.572675 0.245329 -0.196117 0.137379 0.019175 -0.149226 0.979026
1642647888.713980 -0.578928 0.248703 -0.202009 0.138612 0.008100 -0.148809 0.979070
1642647888.813974 -0.587882 0.253625 -0.203615 0.139911 0.000393 -0.147826 0.979067
1642647888.913974 -0.591074 0.252588 -0.209797 0.137608 -0.008498 -0.145471 0.979709
1642647889.013974 -0.596383 0.255679 -0.213361 0.135059 -0.018531 -0.142740 0.980327
1642647889.113974 -0.607772 0.252912 -0.215942 0.127338 -0.032428 -0.137579 0.981736
1642647889.213975 -0.616840 0.253424 -0.221951 0.118659 -0.048698 -0.131784 0.982945
1642647889.313974 -0.625550 0.255544 -0.226375 0.112773 -0.062558 -0.125767 0.983642
1642647889.413976 -0.632539 0.255221 -0.230761 0.107053 -0.077482 -0.124253 0.983411
1642647889.613973 -0.653036 0.261172 -0.241950 0.104617 -0.114056 -0.118741 0.980789
1642647889.713973 -0.658253 0.259301 -0.248400 0.107375 -0.125960 -0.111470 0.979887
1642647889.813973 -0.661484 0.256882 -0.258507 0.108954 -0.139756 -0.107155 0.978323
1642647889.913973 -0.665237 0.256378 -0.264310 0.110164 -0.152578 -0.101043 0.976921
1642647890.013973 -0.672244 0.254790 -0.269892 0.108995 -0.160879 -0.092931 0.976525
1642647890.113973 -0.669551 0.253217 -0.273147 0.108990 -0.175499 -0.081791 0.975003
1642647890.213973 -0.672149 0.252821 -0.277421 0.108857 -0.189757 -0.070224 0.973248
1642647890.313974 -0.676563 0.251436 -0.282819 0.110522 -0.196490 -0.061771 0.972297
1642647890.413976 -0.679799 0.249527 -0.287167 0.113334 -0.202943 -0.053670 0.971128
1642647890.513973 -0.681468 0.240754 -0.291828 0.110356 -0.208956 -0.042867 0.970733
1642647890.713975 -0.688476 0.236084 -0.289826 0.099673 -0.216856 -0.020820 0.970879
1642647890.813972 -0.691395 0.237256 -0.287375 0.093598 -0.218228 -0.013845 0.971300
1642647890.913972 -0.693727 0.233649 -0.289664 0.087762 -0.221109 -0.007569 0.971263
1642647891.013972 -0.694434 0.230411 -0.290484 0.081599 -0.227190 -0.003380 0.970420
1642647891.113972 -0.696864 0.229039 -0.292527 0.077734 -0.239471 -0.002623 0.967783
1642647891.213972 -0.700805 0.231613 -0.296263 0.076339 -0.258174 -0.007557 0.963048
1642647891.313972 -0.706032 0.234268 -0.301964 0.077530 -0.266808 -0.014665 0.960514
1642647891.413973 -0.710274 0.233277 -0.304417 0.078210 -0.275656 -0.022644 0.957802
1642647891.613973 -0.724731 0.234527 -0.314078 0.078304 -0.289639 -0.042642 0.952974
1642647891.713971 -0.729663 0.238342 -0.316488 0.080889 -0.294434 -0.055408 0.950629
1642647891.813972 -0.735471 0.243290 -0.317773 0.084939 -0.297956 -0.067566 0.948389
1642647891.913972 -0.744314 0.244840 -0.320462 0.087417 -0.298181 -0.076851 0.947386
1642647892.013971 -0.745335 0.246979 -0.323897 0.088557 -0.297225 -0.084119 0.946963
1642647892.113976 -0.759620 0.246567 -0.320134 0.087763 -0.292290 -0.089246 0.948103
1642647892.213974 -0.771667 0.248273 -0.320574 0.086877 -0.283168 -0.089757 0.950901
1642647892.313971 -0.786479 0.250623 -0.319147 0.086429 -0.275014 -0.091245 0.953190
1642647892.413986 -0.803413 0.250825 -0.318920 0.085511 -0.269960 -0.094667 0.954383
1642647892.513989 -0.814563 0.251280 -0.317914 0.086373 -0.268473 -0.098425 0.954345
1642647892.713973 -0.848547 0.255201 -0.316867 0.095520 -0.261638 -0.103093 0.954879
1642647892.813970 -0.862676 0.251229 -0.315235 0.099572 -0.255555 -0.104630 0.955944
1642647892.913970 -0.875637 0.250030 -0.312581 0.104923 -0.252513 -0.106613 0.955961
1642647893.013970 -0.892803 0.250011 -0.312611 0.111080 -0.246172 -0.111247 0.956392
1642647893.313972 -0.938202 0.260861 -0.301832 0.127402 -0.229443 -0.124257 0.956914
1642647893.513976 -0.960243 0.260294 -0.299146 0.125475 -0.223545 -0.133222 0.957359
1642647893.613971 -0.974284 0.261470 -0.293817 0.123881 -0.218251 -0.137385 0.958199
1642647893.713985 -0.978860 0.264601 -0.289485 0.127766 -0.207205 -0.141164 0.959591
1642647893.913969 -0.990236 0.254147 -0.277410 0.140121 -0.170734 -0.134268 0.966017
1642647894.013969 -0.988923 0.250584 -0.273155 0.145403 -0.156564 -0.132156 0.967926
1642647894.113969 -0.981896 0.245732 -0.268503 0.150522 -0.143096 -0.125665 0.970090
1642647894.213969 -0.977688 0.238971 -0.261019 0.151287 -0.126885 -0.117455 0.973251
1642647894.313969 -0.968005 0.231718 -0.253830 0.150015 -0.111604 -0.107761 0.976436
1642647894.413969 -0.957456 0.227174 -0.247274 0.148084 -0.097254 -0.096321 0.979456
1642647894.513969 -0.942646 0.225619 -0.241675 0.147479 -0.087127 -0.086758 0.981393
1642647894.613969 -0.932025 0.219600 -0.236598 0.148429 -0.067877 -0.077474 0.983544
1642647894.713968 -0.921513 0.219753 -0.233890 0.154123 -0.054459 -0.068177 0.984191
1642647894.913968 -0.899363 0.217066 -0.232739 0.175824 -0.022647 -0.048509 0.982965
1642647895.013968 -0.887372 0.213783 -0.232773 0.185473 -0.003141 -0.041503 0.981768
1642647895.113968 -0.875893 0.212001 -0.230769 0.193555 0.021499 -0.028205 0.980448
1642647895.213968 -0.861300 0.205785 -0.227395 0.191662 0.041862 -0.016513 0.980429
1642647895.313968 -0.850762 0.202326 -0.217328 0.190190 0.067126 0.000087 0.979450
1642647895.413968 -0.837173 0.198149 -0.212348 0.189659 0.090329 0.015889 0.977557
1642647895.513968 -0.815740 0.195426 -0.207320 0.192258 0.117761 0.032291 0.973718
1642647895.613968 -0.796200 0.189498 -0.207022 0.189143 0.139775 0.043699 0.970968
1642647895.813967 -0.758280 0.188819 -0.202523 0.184511 0.177646 0.058283 0.964884
1642647895.913968 -0.745629 0.186021 -0.196119 0.183423 0.195565 0.061373 0.961428
1642647896.013967 -0.721964 0.189435 -0.196378 0.183484 0.205106 0.063591 0.959282
1642647896.113967 -0.709659 0.187053 -0.190539 0.180423 0.223203 0.069381 0.955413
1642647896.213967 -0.687389 0.185107 -0.186673 0.175839 0.236268 0.076745 0.952559
1642647896.313967 -0.670934 0.185370 -0.179049 0.171214 0.249888 0.084665 0.949249
1642647896.413967 -0.649010 0.180351 -0.176879 0.164463 0.260405 0.091849 0.946945
1642647896.513967 -0.630577 0.188235 -0.171050 0.162384 0.268713 0.098532 0.944307
1642647896.613967 -0.618247 0.185856 -0.159123 0.156414 0.279488 0.105343 0.941448
1642647896.813966 -0.579153 0.190238 -0.151189 0.147109 0.279629 0.111667 0.942177
1642647896.913966 -0.573950 0.191377 -0.152225 0.143444 0.276494 0.110075 0.943853
1642647897.013966 -0.563214 0.191515 -0.147344 0.139659 0.273116 0.110011 0.945410
1642647897.113968 -0.543461 0.193280 -0.146714 0.139363 0.266123 0.111746 0.947243
1642647897.213975 -0.521404 0.191355 -0.154312 0.138984 0.256103 0.111829 0.950047
1642647897.313975 -0.510075 0.190889 -0.152005 0.141920 0.249409 0.108432 0.951786
1642647897.413966 -0.495304 0.191759 -0.153035 0.145193 0.231253 0.102086 0.956566
1642647897.513966 -0.480224 0.192327 -0.156763 0.145701 0.205621 0.095287 0.963022
1642647897.713968 -0.469321 0.196553 -0.160489 0.152121 0.161896 0.079955 0.971729
1642647897.813966 -0.464504 0.198219 -0.164952 0.155765 0.137951 0.070904 0.975541
1642647897.913965 -0.463897 0.198894 -0.169865 0.157129 0.113564 0.062629 0.979026
1642647898.013965 -0.467520 0.197591 -0.173149 0.158594 0.092185 0.056018 0.981434
1642647898.113967 -0.467214 0.198862 -0.179173 0.161409 0.070569 0.049264 0.983128
1642647898.213965 -0.469691 0.196590 -0.189195 0.164523 0.043789 0.041118 0.984543
1642647898.313965 -0.475823 0.199608 -0.196083 0.170681 0.014633 0.029935 0.984763
1642647898.513966 -0.491713 0.199139 -0.208932 0.174829 -0.036480 0.008062 0.983890
1642647898.613965 -0.506629 0.196731 -0.214744 0.171363 -0.065596 -0.004160 0.983013
1642647898.713965 -0.516466 0.198455 -0.216224 0.167120 -0.091781 -0.014655 0.981546
1642647898.813965 -0.518616 0.197199 -0.221084 0.160690 -0.118416 -0.023199 0.979601
1642647898.913964 -0.532133 0.199657 -0.226054 0.157837 -0.138569 -0.033663 0.977115
1642647899.013964 -0.547284 0.204346 -0.233794 0.159161 -0.154348 -0.047621 0.973949
1642647899.113964 -0.564926 0.209868 -0.244112 0.162323 -0.173778 -0.062786 0.969284
1642647899.213965 -0.577335 0.212314 -0.249954 0.162371 -0.190908 -0.077810 0.964954
1642647899.413964 -0.616360 0.216834 -0.262437 0.158550 -0.219447 -0.094938 0.957962
1642647899.513964 -0.635540 0.221275 -0.267042 0.156835 -0.238498 -0.105190 0.952605
1642647899.613966 -0.659625 0.226155 -0.276149 0.153874 -0.252386 -0.117379 0.948075
1642647899.713964 -0.683692 0.226534 -0.283015 0.152077 -0.263202 -0.123670 0.944618
1642647899.813964 -0.702184 0.230549 -0.285815 0.152310 -0.275223 -0.126036 0.940834
1642647899.913964 -0.720880 0.230934 -0.286882 0.147800 -0.287798 -0.130456 0.937181
1642647900.013963 -0.747165 0.233642 -0.288975 0.142555 -0.295089 -0.132633 0.935419
1642647900.113963 -0.771241 0.237361 -0.289284 0.138530 -0.298596 -0.131482 0.935073
1642647900.213963 -0.798732 0.240949 -0.287558 0.134492 -0.299908 -0.131701 0.935212
1642647900.413963 -0.850817 0.240313 -0.285900 0.122324 -0.312121 -0.139063 0.931815
1642647900.713963 -0.915894 0.241898 -0.279581 0.115010 -0.319945 -0.146105 0.929011
1642647900.913963 -0.943187 0.245211 -0.272382 0.120331 -0.320968 -0.153000 0.926872
1642647901.013962 -0.954018 0.243221 -0.262735 0.127692 -0.315202 -0.150341 0.928300
1642647901.113962 -0.956935 0.240590 -0.253115 0.132540 -0.310366 -0.148423 0.929557
1642647901.313962 -0.957059 0.237030 -0.231574 0.143426 -0.301170 -0.135906 0.932875
1642647901.413963 -0.956061 0.233057 -0.221916 0.141729 -0.293457 -0.131711 0.936188
1642647901.513962 -0.953939 0.228838 -0.212489 0.138676 -0.286680 -0.125533 0.939588
1642647901.613962 -0.949238 0.226511 -0.203160 0.142345 -0.279621 -0.115452 0.942455
1642647901.713963 -0.942717 0.218946 -0.192645 0.145520 -0.270126 -0.108239 0.945590
1642647901.813962 -0.939541 0.213354 -0.184744 0.146948 -0.260714 -0.102206 0.948677
1642647901.913962 -0.928765 0.207241 -0.178635 0.152186 -0.250665 -0.094843 0.951321
1642647902.013962 -0.918187 0.204057 -0.170879 0.161810 -0.238897 -0.088917 0.953331
1642647902.213961 -0.890583 0.192951 -0.155753 0.167369 -0.209000 -0.081556 0.960029
1642647902.313961 -0.872253 0.194688 -0.144669 0.162965 -0.192245 -0.075897 0.964740
1642647902.413961 -0.854101 0.193626 -0.136545 0.157805 -0.173366 -0.070121 0.969600
1642647902.513961 -0.831987 0.193250 -0.127675 0.155151 -0.152895 -0.066469 0.973721
1642647902.613961 -0.811885 0.193752 -0.121108 0.154652 -0.131314 -0.065319 0.977022
1642647902.713961 -0.792122 0.193067 -0.116649 0.153718 -0.111788 -0.057836 0.980066
1642647902.913961 -0.749140 0.189033 -0.109703 0.148155 -0.082664 -0.039358 0.984717
1642647903.013961 -0.729517 0.188471 -0.109588 0.145352 -0.070323 -0.031238 0.986383
1642647903.113961 -0.713643 0.188532 -0.109234 0.144482 -0.057008 -0.024951 0.987549
1642647903.213961 -0.698987 0.190206 -0.108567 0.144470 -0.045355 -0.021434 0.988237
1642647903.313960 -0.678242 0.192025 -0.111014 0.143576 -0.032348 -0.018132 0.988944
1642647903.413960 -0.663410 0.190737 -0.110754 0.141839 -0.018147 -0.012273 0.989647
1642647903.513960 -0.644109 0.192894 -0.112733 0.140259 -0.005132 -0.006772 0.990078
1642647903.613960 -0.626031 0.195171 -0.113029 0.140137 0.014691 0.001958 0.990021
1642647903.713960 -0.610830 0.198118 -0.115833 0.139227 0.028851 0.007696 0.989810
1642647903.813960 -0.603922 0.196185 -0.119356 0.134198 0.041481 0.009539 0.990040
1642647903.913961 -0.590611 0.199005 -0.126269 0.133651 0.051889 0.013479 0.989577
1642647904.013960 -0.582543 0.199451 -0.130890 0.132262 0.061499 0.017403 0.989152
1642647904.113961 -0.574284 0.202053 -0.134094 0.130634 0.067452 0.020532 0.988920
