1642689271.959088 -0.000000 -0.000000 -0.000000 -0.000000 -0.000000 -0.000000 1.000000
1642689272.059091 -0.000000 -0.000000 -0.000000 -0.000000 -0.000000 -0.000000 1.000000
1642689272.159091 0.001139 0.003937 0.002344 -0.001982 -0.004670 0.001266 0.999986
1642689272.459088 0.002682 0.008465 0.003418 -0.007580 -0.011336 -0.001119 0.999906
1642689272.659089 0.004884 0.014653 0.005173 -0.012080 -0.014065 -0.001820 0.999826
1642689272.759089 0.004884 0.014653 0.005173 -0.012080 -0.014065 -0.001820 0.999826
1642689272.859092 0.005029 0.019423 0.009698 -0.024237 -0.015830 -0.003189 0.999576
1642689272.959087 0.005029 0.019423 0.009698 -0.024237 -0.015830 -0.003189 0.999576
1642689273.059088 -0.000604 0.016855 0.012240 -0.036570 -0.014906 -0.004661 0.999209
1642689273.159087 -0.000604 0.016855 0.012240 -0.036570 -0.014906 -0.004661 0.999209
1642689273.359088 -0.003001 0.018836 0.017911 -0.045650 -0.013675 -0.002070 0.998862
1642689273.559088 0.004887 0.022369 0.021473 -0.051753 -0.013419 0.001946 0.998568
1642689273.659087 0.005520 0.020652 0.023871 -0.054990 -0.010506 0.004545 0.998421
1642689273.759087 0.008654 0.023128 0.025488 -0.056455 -0.008832 0.006484 0.998345
1642689274.059086 0.015800 0.023605 0.028729 -0.058814 -0.005801 0.017987 0.998090
1642689274.259089 0.018381 0.018931 0.028220 -0.060723 -0.003928 0.021776 0.997909
1642689274.359087 0.020850 0.020507 0.028294 -0.060985 -0.003679 0.022704 0.997874
1642689274.459086 0.019860 0.016495 0.028286 -0.062017 -0.002309 0.025386 0.997750
1642689274.659087 0.022813 0.019015 0.028349 -0.061536 -0.001546 0.028917 0.997685
1642689274.759089 0.021839 0.009773 0.027207 -0.064007 0.000286 0.029822 0.997504
1642689274.859087 0.022205 -0.000188 0.027287 -0.066305 0.001733 0.031861 0.997289
1642689275.059088 0.024214 0.009315 0.027941 -0.064433 0.003189 0.033585 0.997352
1642689275.159091 0.024645 0.009946 0.025644 -0.063510 0.004555 0.034579 0.997372
1642689275.259085 0.028938 0.008168 0.024038 -0.062890 0.004972 0.034553 0.997410
1642689275.359088 0.030337 -0.002041 0.023562 -0.065247 0.006615 0.035165 0.997227
1642689275.459085 0.030178 -0.008949 0.023547 -0.067232 0.008678 0.036662 0.997026
1642689275.559086 0.028959 -0.015333 0.021151 -0.069237 0.009833 0.038083 0.996825
1642689275.659086 0.031033 -0.016437 0.021961 -0.069801 0.010205 0.039063 0.996744
1642689275.859087 0.032353 -0.018439 0.020037 -0.067965 0.012082 0.041946 0.996732
1642689275.959085 0.031085 -0.023375 0.019246 -0.069259 0.013694 0.043766 0.996544
1642689276.059084 0.034723 -0.023052 0.018208 -0.069101 0.013682 0.044490 0.996523
1642689276.159087 0.033322 -0.025550 0.019205 -0.069374 0.015679 0.045770 0.996417
1642689276.259084 0.033825 -0.022742 0.016692 -0.067032 0.016307 0.046521 0.996532
1642689276.359084 0.033581 -0.026455 0.016891 -0.067241 0.017544 0.046660 0.996491
1642689276.459087 0.030277 -0.024979 0.018909 -0.065840 0.018833 0.046949 0.996547
1642689276.559088 0.030030 -0.031262 0.020039 -0.066924 0.020270 0.047617 0.996415
1642689276.659086 0.029274 -0.029081 0.020048 -0.065151 0.020339 0.048440 0.996492
1642689276.859093 0.030299 -0.035012 0.021125 -0.066143 0.019747 0.048311 0.996444
1642689276.959086 0.031955 -0.028619 0.016102 -0.062681 0.020038 0.048471 0.996655
1642689277.059083 0.039561 -0.029477 0.015546 -0.062599 0.017847 0.050638 0.996594
1642689277.159086 0.040926 -0.028038 0.017446 -0.061964 0.018021 0.052730 0.996522
1642689277.259084 0.041082 -0.023677 0.016536 -0.060066 0.018456 0.055135 0.996500
1642689277.359087 0.044482 -0.013966 0.019476 -0.056504 0.018710 0.056130 0.996648
1642689277.459083 0.045198 -0.011225 0.020002 -0.056291 0.019781 0.057086 0.996585
1642689277.559084 0.048881 -0.008382 0.021407 -0.056081 0.019638 0.058514 0.996517
1642689277.659086 0.051057 -0.009478 0.021656 -0.057016 0.019985 0.060433 0.996342
1642689277.859083 0.050141 -0.019456 0.022076 -0.059762 0.023627 0.063918 0.995884
1642689277.959083 0.055632 -0.024318 0.021428 -0.060831 0.024002 0.063349 0.995847
1642689278.059083 0.055836 -0.028249 0.022847 -0.061045 0.026132 0.064229 0.995723
1642689278.159082 0.057524 -0.028341 0.023203 -0.060653 0.027708 0.064700 0.995674
1642689278.259082 0.057245 -0.028061 0.022333 -0.059705 0.030331 0.065102 0.995629
1642689278.359082 0.061258 -0.028543 0.020964 -0.058743 0.032391 0.064391 0.995668
1642689278.459082 0.059804 -0.030240 0.019594 -0.056702 0.037511 0.064659 0.995589
1642689278.559083 0.060584 -0.031148 0.019004 -0.054177 0.043122 0.066139 0.995405
1642689278.659082 0.062533 -0.034279 0.018839 -0.053046 0.049110 0.067459 0.995100
1642689278.759082 0.065953 -0.033302 0.015971 -0.049734 0.052757 0.069418 0.994949
1642689278.859082 0.066818 -0.001257 0.016395 -0.033071 0.056860 0.071736 0.995252
1642689279.059083 0.070243 -0.003867 0.014789 -0.029074 0.066690 0.073727 0.994621
1642689279.159081 0.073247 -0.003217 0.013865 -0.027419 0.070510 0.074413 0.994354
1642689279.259081 0.074454 -0.007816 0.013726 -0.027626 0.073992 0.075510 0.994012
1642689279.359082 0.074349 -0.007858 0.013891 -0.025381 0.076890 0.075986 0.993816
1642689279.459081 0.076603 -0.008084 0.013977 -0.023752 0.078932 0.076149 0.993684
1642689279.559083 0.077529 -0.006018 0.014757 -0.022377 0.081598 0.077035 0.993432
1642689279.659081 0.079865 -0.005762 0.014814 -0.022775 0.082204 0.078462 0.993261
1642689279.759084 0.078526 -0.000053 0.017946 -0.021137 0.084585 0.079680 0.993000
1642689279.859082 0.080017 0.002956 0.019459 -0.021396 0.086096 0.080279 0.992817
1642689280.259081 0.085681 -0.013593 0.015900 -0.023305 0.092963 0.086257 0.991652
1642689280.459081 0.092640 -0.010930 0.014636 -0.021677 0.094647 0.089754 0.991220
1642689280.559080 0.093335 -0.008614 0.013750 -0.021175 0.097047 0.091076 0.990878
1642689280.659081 0.097989 -0.007696 0.010145 -0.020172 0.098714 0.092330 0.990618
1642689280.859080 0.104536 -0.011840 0.004881 -0.017566 0.104614 0.099022 0.989415
1642689280.959080 0.108265 -0.008508 0.002517 -0.014146 0.107665 0.103254 0.988710
1642689281.059080 0.111014 -0.009642 0.000085 -0.012355 0.110865 0.107092 0.987972
1642689281.159081 0.112694 -0.009114 -0.001511 -0.010036 0.114431 0.110838 0.987178
1642689281.259079 0.117035 -0.011741 -0.002686 -0.009889 0.117835 0.114163 0.986400
1642689281.359079 0.123695 -0.010217 -0.005454 -0.008763 0.119980 0.116272 0.985905
1642689281.459080 0.125836 -0.005149 -0.004791 -0.007464 0.122890 0.117488 0.985413
1642689281.559079 0.129045 -0.001766 -0.003480 -0.008147 0.124038 0.116618 0.985367
1642689281.659079 0.127925 0.003625 -0.003833 -0.007502 0.125380 0.116543 0.985211
1642689281.859082 0.128932 -0.000535 -0.003960 -0.008455 0.128454 0.115994 0.984872
1642689281.959080 0.118802 -0.005521 -0.006560 -0.009534 0.135163 0.117201 0.983821
1642689282.059079 0.120904 -0.004729 -0.006956 -0.009203 0.137151 0.117964 0.983458
1642689282.159081 0.122820 -0.005838 -0.006568 -0.009216 0.140105 0.119044 0.982911
1642689282.259079 0.122084 -0.006222 -0.005405 -0.008830 0.144417 0.120747 0.982082
1642689282.359078 0.125933 -0.009602 -0.005828 -0.010553 0.147019 0.122619 0.981447
1642689282.459078 0.128728 -0.011092 -0.006173 -0.011883 0.149353 0.124808 0.980803
1642689282.559079 0.130624 -0.012414 -0.005351 -0.013513 0.151806 0.127182 0.980101
1642689282.659078 0.134270 -0.008967 -0.004578 -0.013342 0.155405 0.128852 0.979320
1642689282.759079 0.138485 -0.007270 -0.005600 -0.013155 0.158565 0.130605 0.978584
1642689282.959078 0.144463 -0.009550 -0.006799 -0.013270 0.163290 0.133289 0.977443
1642689283.059078 0.147413 -0.006862 -0.006346 -0.011701 0.164603 0.134394 0.977091
1642689283.159079 0.149600 -0.011404 -0.006955 -0.013531 0.166284 0.136005 0.976560
1642689283.259079 0.149973 -0.014441 -0.005972 -0.014942 0.168384 0.137384 0.975986
1642689283.359079 0.154094 -0.016224 -0.006290 -0.015909 0.168633 0.138725 0.975738
1642689283.459077 0.157321 -0.015686 -0.006353 -0.016135 0.169993 0.139251 0.975424
1642689283.559078 0.160770 -0.013030 -0.006902 -0.015003 0.171337 0.140316 0.975054
1642689283.659078 0.162666 -0.011830 -0.006939 -0.015287 0.173479 0.140759 0.974607
1642689283.859079 0.168791 -0.009127 -0.010384 -0.012820 0.175704 0.140178 0.974327
1642689283.959085 0.175715 -0.009087 -0.012106 -0.012061 0.175227 0.139148 0.974571
1642689284.059078 0.174889 -0.010011 -0.011184 -0.011402 0.176123 0.136531 0.974787
1642689284.159079 0.183017 -0.010987 -0.013827 -0.010881 0.175264 0.135767 0.975055
1642689284.259077 0.185662 -0.011703 -0.014731 -0.009846 0.175889 0.135233 0.975027
1642689284.359076 0.191947 -0.012362 -0.015808 -0.010260 0.171925 0.136214 0.975593
1642689284.459083 0.202175 -0.015768 -0.018529 -0.012542 0.168037 0.135420 0.976354
1642689284.559080 0.208836 -0.020627 -0.017295 -0.015165 0.167461 0.136891 0.976211
1642689284.659087 0.213732 -0.011067 -0.016126 -0.011501 0.167160 0.137516 0.976225
1642689284.859076 0.225332 -0.004847 -0.014841 -0.012819 0.169228 0.135055 0.976196
1642689284.959076 0.226612 -0.006767 -0.013539 -0.015409 0.171877 0.133692 0.975883
1642689285.059078 0.232509 -0.005773 -0.012980 -0.016776 0.172289 0.133026 0.975879
1642689285.159076 0.236369 -0.006482 -0.013009 -0.017939 0.173818 0.132945 0.975598
1642689285.259076 0.239649 0.000993 -0.013670 -0.015156 0.177394 0.133771 0.974888
1642689285.359076 0.243193 -0.000894 -0.013324 -0.015853 0.179547 0.134161 0.974429
1642689285.459075 0.245304 -0.001745 -0.013563 -0.015668 0.181770 0.134414 0.973985
1642689285.559078 0.246696 -0.002535 -0.013140 -0.014755 0.184275 0.134503 0.973516
1642689285.759075 0.253200 -0.002516 -0.013970 -0.011535 0.188504 0.134532 0.972746
1642689285.859076 0.257605 -0.003427 -0.014488 -0.010532 0.190610 0.135170 0.972258
1642689285.959077 0.261837 -0.004886 -0.014839 -0.009662 0.192598 0.136092 0.971747
1642689286.059075 0.264360 -0.004125 -0.014870 -0.008523 0.195550 0.136581 0.971099
1642689286.159075 0.267564 -0.002659 -0.015398 -0.007090 0.199064 0.136358 0.970428
1642689286.259075 0.270514 -0.001847 -0.015665 -0.005230 0.202745 0.136832 0.969610
1642689286.359076 0.275532 -0.002385 -0.016387 -0.004407 0.206748 0.138152 0.968581
1642689286.459074 0.278627 -0.001811 -0.017813 -0.002835 0.212113 0.140283 0.967120
1642689286.659075 0.283247 -0.004238 -0.019374 -0.003016 0.223643 0.144612 0.963879
1642689286.759074 0.285538 -0.003304 -0.019598 -0.003276 0.228625 0.145950 0.962506
1642689286.859074 0.287650 -0.000632 -0.020784 -0.001771 0.233673 0.147537 0.961055
1642689286.959074 0.292318 -0.001423 -0.024438 -0.000983 0.235621 0.150019 0.960196
1642689287.059074 0.296849 -0.001501 -0.027667 0.001354 0.239065 0.153064 0.958863
1642689287.159075 0.302374 0.002862 -0.030343 0.005448 0.241086 0.156513 0.957785
1642689287.259074 0.304188 -0.001578 -0.033768 0.007253 0.245021 0.159478 0.956284
1642689287.359074 0.309464 -0.000723 -0.037061 0.011680 0.246767 0.162329 0.955311
1642689287.459074 0.302435 -0.008924 -0.038234 0.012851 0.252622 0.164863 0.953329
1642689287.659073 0.308086 -0.007056 -0.043124 0.019792 0.253387 0.170100 0.952087
1642689287.959074 0.313055 -0.005170 -0.051560 0.025957 0.253794 0.174136 0.951100
1642689288.159075 0.312321 -0.000446 -0.054444 0.030187 0.257292 0.172314 0.950367
1642689288.259074 0.315605 -0.001674 -0.060620 0.031745 0.254173 0.170494 0.951483
1642689288.359074 0.312281 -0.003705 -0.060529 0.034365 0.257210 0.171104 0.950466
1642689288.459074 0.311845 -0.003886 -0.064015 0.037982 0.259312 0.170905 0.949793
1642689288.559072 0.311065 -0.006389 -0.068259 0.042245 0.261005 0.169921 0.949325
1642689288.659072 0.309590 -0.002822 -0.071207 0.048980 0.262954 0.169301 0.948574
1642689288.759073 0.309201 0.001960 -0.073870 0.054487 0.263510 0.168953 0.948182
1642689288.959072 0.310515 -0.000399 -0.081253 0.055828 0.260515 0.166602 0.949346
1642689289.059072 0.313845 0.002113 -0.082478 0.054884 0.258728 0.165063 0.950159
1642689289.159072 0.313942 -0.006414 -0.083360 0.052277 0.258028 0.162660 0.950910
1642689289.259073 0.312055 -0.006363 -0.083757 0.053419 0.255754 0.161443 0.951668
1642689289.359072 0.311427 -0.003840 -0.084703 0.054122 0.252499 0.159437 0.952835
1642689289.459072 0.309620 -0.004454 -0.085380 0.054300 0.250571 0.157951 0.953581
1642689289.559073 0.308849 -0.001100 -0.086341 0.056775 0.248531 0.156974 0.954132
1642689289.659071 0.306678 -0.001083 -0.086252 0.059290 0.247973 0.156575 0.954190
1642689289.859071 0.304766 0.000391 -0.090717 0.064612 0.246355 0.154247 0.954642
1642689289.959074 0.304198 -0.001135 -0.091524 0.065700 0.245660 0.154901 0.954642
1642689290.059072 0.307141 -0.002590 -0.093524 0.066269 0.243345 0.155271 0.955135
1642689290.159071 0.309598 -0.000726 -0.094884 0.067926 0.241190 0.154431 0.955701
1642689290.259071 0.310540 -0.005094 -0.095680 0.068129 0.238587 0.153682 0.956460
1642689290.359071 0.308029 -0.004779 -0.096325 0.069646 0.235587 0.151569 0.957432
1642689290.459071 0.307283 -0.008133 -0.096306 0.069411 0.231751 0.149480 0.958712
1642689290.559072 0.302869 -0.008163 -0.096256 0.070079 0.228103 0.146928 0.959932
1642689290.759070 0.299205 -0.010099 -0.093937 0.070154 0.220591 0.141635 0.962475
1642689290.859071 0.296540 -0.009777 -0.092016 0.069548 0.216546 0.137580 0.964024
1642689290.959070 0.293441 -0.010842 -0.090915 0.068082 0.214200 0.133031 0.965291
1642689291.059070 0.291937 -0.010147 -0.089828 0.067251 0.210709 0.129188 0.966638
1642689291.159070 0.290569 -0.008746 -0.088376 0.066215 0.207229 0.126202 0.967856
1642689291.259070 0.284996 -0.010282 -0.085872 0.064650 0.204791 0.123960 0.968770
1642689291.359071 0.284448 -0.007117 -0.083656 0.064390 0.200139 0.122200 0.969982
1642689291.459070 0.284268 -0.006596 -0.081715 0.063208 0.195765 0.119977 0.971229
1642689291.659070 0.282047 -0.009388 -0.079479 0.058823 0.190167 0.113302 0.973416
1642689291.759069 0.281061 -0.009876 -0.078579 0.056607 0.187731 0.109702 0.974432
1642689291.859069 0.279076 -0.010494 -0.078341 0.054637 0.185265 0.108068 0.975199
1642689291.959069 0.279873 -0.008193 -0.077669 0.053952 0.181117 0.107485 0.976080
1642689292.059069 0.277122 -0.008264 -0.075056 0.052463 0.177996 0.107005 0.976788
1642689292.159070 0.276773 -0.009488 -0.074511 0.051032 0.174167 0.106698 0.977587
1642689292.359071 0.274605 -0.007864 -0.073456 0.048427 0.168042 0.103136 0.979173
1642689292.459069 0.271431 -0.008703 -0.071295 0.044610 0.165829 0.100033 0.980053
1642689292.559069 0.270561 -0.007262 -0.069471 0.042026 0.163232 0.097042 0.980904
1642689292.659070 0.268345 -0.007250 -0.068677 0.039747 0.160814 0.094551 0.981641
1642689292.759068 0.268922 -0.007267 -0.067150 0.036207 0.156909 0.092456 0.982609
1642689292.859068 0.264434 -0.004871 -0.063207 0.032651 0.153715 0.090512 0.983419
1642689292.959069 0.268022 0.006023 -0.056971 0.032058 0.146499 0.089558 0.984627
1642689293.159068 0.264828 0.007982 -0.050746 0.021487 0.138142 0.084590 0.986559
1642689293.259068 0.262077 0.006793 -0.046966 0.014410 0.132762 0.080621 0.987759
1642689293.359068 0.262264 0.007760 -0.043231 0.007049 0.129374 0.076854 0.988588
1642689293.459069 0.258923 0.009517 -0.037861 0.002065 0.126607 0.072462 0.989301
1642689293.559068 0.255051 0.009839 -0.033820 -0.002766 0.122602 0.067251 0.990171
1642689293.659068 0.251283 0.010217 -0.030471 -0.006521 0.117684 0.061775 0.991106
1642689293.759068 0.247614 0.012010 -0.028048 -0.009947 0.112106 0.056690 0.992028
1642689293.859067 0.246749 0.013809 -0.025352 -0.014130 0.107163 0.052539 0.992752
1642689294.059067 0.238309 0.016947 -0.021902 -0.020312 0.099589 0.042453 0.993915
1642689294.159067 0.234182 0.016013 -0.022881 -0.022692 0.096766 0.038508 0.994303
1642689294.259068 0.231931 0.016874 -0.023148 -0.023718 0.093213 0.035577 0.994728
1642689294.359067 0.226629 0.015632 -0.022842 -0.026684 0.090107 0.032104 0.995057
1642689294.459067 0.229214 0.021874 -0.021553 -0.027077 0.083441 0.028350 0.995741
1642689294.859066 0.225541 0.026875 -0.021837 -0.037732 0.067070 0.021155 0.996810
1642689294.959066 0.226121 0.024898 -0.020753 -0.042666 0.063012 0.019442 0.996911
1642689295.059067 0.225241 0.022534 -0.018933 -0.047611 0.061364 0.019874 0.996781
1642689295.259066 0.229484 0.024160 -0.019721 -0.051996 0.054960 0.022858 0.996872
1642689295.359066 0.234891 0.024923 -0.020002 -0.053398 0.051645 0.024185 0.996944
1642689295.459069 0.241587 0.029957 -0.021030 -0.052130 0.050384 0.026894 0.997006
1642689295.559067 0.246234 0.029195 -0.022255 -0.052357 0.050982 0.029417 0.996892
1642689295.659067 0.245873 0.030346 -0.022031 -0.052463 0.052676 0.031569 0.996733
1642689295.759068 0.248950 0.031249 -0.022274 -0.053037 0.053789 0.032254 0.996621
1642689295.959066 0.252954 0.032448 -0.024180 -0.053647 0.058733 0.031753 0.996325
1642689296.059065 0.258790 0.035206 -0.026360 -0.053039 0.062725 0.031950 0.996108
1642689296.159065 0.263754 0.035194 -0.027424 -0.052967 0.067263 0.034677 0.995725
1642689296.259065 0.267115 0.039379 -0.028494 -0.052570 0.070251 0.037616 0.995433
1642689296.359066 0.272105 0.039908 -0.030323 -0.051917 0.072924 0.040953 0.995143
1642689296.459065 0.276176 0.038804 -0.033277 -0.050468 0.076901 0.044354 0.994772
1642689296.659065 0.287724 0.038921 -0.042800 -0.042729 0.087375 0.053608 0.993814
1642689296.759065 0.291039 0.037623 -0.046694 -0.037800 0.092651 0.058108 0.993283
1642689296.859066 0.297607 0.038438 -0.054053 -0.033173 0.096311 0.063525 0.992768
1642689296.959064 0.305823 0.038825 -0.058381 -0.029242 0.100197 0.070186 0.992058
1642689297.059064 0.314206 0.040238 -0.060986 -0.025543 0.107176 0.079321 0.990742
1642689297.159065 0.318522 0.041148 -0.062948 -0.023067 0.115788 0.087166 0.989173
1642689297.259064 0.325017 0.043151 -0.065071 -0.020553 0.120232 0.093378 0.988131
1642689297.359064 0.322489 0.036977 -0.070409 -0.020593 0.130071 0.100070 0.986227
1642689297.459064 0.327660 0.037453 -0.071926 -0.017863 0.137005 0.104380 0.984894
1642689297.659065 0.334395 0.036813 -0.074789 -0.012540 0.148282 0.107821 0.982970
1642689297.759064 0.337189 0.036056 -0.074705 -0.011335 0.151373 0.109464 0.982332
1642689297.859064 0.338735 0.034729 -0.075942 -0.010073 0.153570 0.110280 0.981913
1642689297.959064 0.337547 0.032426 -0.074608 -0.009125 0.156462 0.110916 0.981394
1642689298.059063 0.339801 0.034648 -0.074170 -0.007449 0.158707 0.111926 0.980933
1642689298.159065 0.341776 0.031636 -0.076529 -0.006816 0.160793 0.113292 0.980441
1642689298.259063 0.343064 0.031035 -0.077191 -0.004662 0.165782 0.114940 0.979430
1642689298.459064 0.347294 0.027992 -0.081679 0.001029 0.176222 0.120033 0.977004
1642689298.559063 0.350196 0.026752 -0.083902 0.005276 0.181814 0.123901 0.975482
1642689298.659063 0.352841 0.028172 -0.086865 0.009116 0.186745 0.128222 0.973962
1642689298.759063 0.352981 0.023561 -0.090767 0.011057 0.190359 0.132022 0.972734
1642689298.859063 0.355836 0.027492 -0.093903 0.014862 0.193587 0.134504 0.971706
1642689298.959064 0.359097 0.033406 -0.095895 0.018442 0.196641 0.136736 0.970719
1642689299.059062 0.359974 0.031033 -0.097138 0.018017 0.199092 0.139665 0.969810
1642689299.159062 0.360509 0.032750 -0.098924 0.018621 0.202465 0.142451 0.968694
1642689299.259063 0.366718 0.033576 -0.100839 0.019455 0.203103 0.144808 0.968195
1642689299.459062 0.369221 0.027521 -0.105700 0.020058 0.207456 0.149377 0.966564
1642689299.559067 0.371071 0.026043 -0.109414 0.022340 0.208530 0.151068 0.966020
1642689299.659062 0.372248 0.026979 -0.113541 0.026419 0.207855 0.151436 0.966005
1642689299.759063 0.372077 0.028708 -0.115118 0.029888 0.208272 0.149577 0.966103
1642689299.859063 0.371440 0.029073 -0.115991 0.032797 0.208706 0.148734 0.966046
1642689299.959062 0.374219 0.028761 -0.113814 0.035379 0.210201 0.146059 0.966039
1642689300.159061 0.374650 0.027459 -0.119822 0.040209 0.210997 0.140604 0.966485
1642689300.259061 0.371224 0.023170 -0.120264 0.039411 0.208699 0.134443 0.967893
1642689300.359061 0.371294 0.026462 -0.119862 0.038786 0.203947 0.128859 0.969689
1642689300.459061 0.367358 0.024586 -0.120495 0.036089 0.199343 0.122079 0.971626
1642689300.559062 0.362576 0.026527 -0.120467 0.036089 0.194882 0.115393 0.973346
1642689300.659061 0.359563 0.026821 -0.122640 0.036267 0.189638 0.110560 0.974935
1642689300.759061 0.354741 0.028152 -0.124733 0.035958 0.183466 0.107785 0.976437
1642689300.959062 0.346704 0.028625 -0.125995 0.035684 0.176140 0.104949 0.978104
1642689301.059062 0.347401 0.027024 -0.128130 0.035101 0.174194 0.102093 0.978776
1642689301.159060 0.343828 0.028627 -0.128632 0.036606 0.172529 0.098949 0.979338
1642689301.259060 0.340814 0.036876 -0.123773 0.036845 0.173687 0.095972 0.979421
1642689301.659060 0.341397 0.026283 -0.117460 0.013820 0.180885 0.084249 0.979792
1642689301.759060 0.344421 0.028907 -0.117459 0.009392 0.179749 0.078491 0.980531
1642689301.959064 0.348447 0.024481 -0.116046 0.008231 0.172235 0.074565 0.982195
1642689302.059060 0.350218 0.026014 -0.113071 0.009942 0.168703 0.073094 0.982903
1642689302.159060 0.347820 0.023654 -0.110094 0.011338 0.167903 0.071481 0.983143
1642689302.259061 0.346514 0.026185 -0.104354 0.012307 0.163397 0.065911 0.984279
1642689302.459059 0.342636 0.025358 -0.095223 0.009554 0.152010 0.052003 0.986964
1642689302.559059 0.341672 0.022735 -0.091010 0.007355 0.147506 0.044216 0.988045
1642689302.659060 0.340011 0.024593 -0.087624 0.007259 0.141375 0.037353 0.989225
1642689302.759059 0.338230 0.023612 -0.084913 0.005480 0.135386 0.032878 0.990232
1642689302.859059 0.336545 0.020752 -0.081586 0.002937 0.129807 0.030600 0.991063
1642689302.959059 0.338030 0.028798 -0.073777 0.003793 0.122121 0.032111 0.991988
1642689303.059059 0.336484 0.029073 -0.071911 0.000995 0.114510 0.030119 0.992965
1642689303.159060 0.334352 0.030614 -0.070490 -0.002327 0.107626 0.025964 0.993850
1642689303.359059 0.330813 0.031177 -0.067511 -0.011845 0.098732 0.016504 0.994907
1642689303.459059 0.330065 0.034605 -0.065657 -0.016921 0.095104 0.011154 0.995261
1642689303.559058 0.330433 0.036549 -0.064864 -0.020802 0.092341 0.008642 0.995473
1642689303.659058 0.329776 0.037752 -0.063215 -0.023593 0.089711 0.006979 0.995664
1642689303.759058 0.326018 0.039768 -0.061688 -0.026276 0.089528 0.005302 0.995624
1642689303.859059 0.325368 0.037650 -0.059945 -0.029184 0.090879 0.007053 0.995409
1642689303.959060 0.325354 0.041042 -0.056815 -0.028554 0.091564 0.010138 0.995338
1642689304.059058 0.328441 0.039190 -0.057868 -0.028955 0.086872 0.011329 0.995734
1642689304.259058 0.326221 0.038183 -0.053362 -0.035585 0.079223 0.014854 0.996111
1642689304.359059 0.326567 0.038702 -0.050336 -0.039870 0.076984 0.015321 0.996117
1642689304.459057 0.326526 0.040712 -0.047287 -0.042140 0.075063 0.014492 0.996183
1642689304.559057 0.328168 0.040990 -0.045582 -0.044565 0.072130 0.014341 0.996296
1642689304.659058 0.327156 0.037628 -0.043457 -0.048590 0.070123 0.014645 0.996247
1642689304.759058 0.327986 0.040144 -0.041589 -0.050358 0.066481 0.014529 0.996410
1642689304.959057 0.332883 0.034830 -0.036365 -0.056913 0.059997 0.017466 0.996422
1642689305.059057 0.337398 0.032539 -0.033705 -0.060814 0.056899 0.020024 0.996325
1642689305.159058 0.340836 0.034752 -0.030433 -0.062268 0.054067 0.022936 0.996330
1642689305.259058 0.347403 0.036540 -0.028262 -0.063414 0.050221 0.024755 0.996415
1642689305.359057 0.353277 0.031527 -0.026722 -0.065417 0.046484 0.028306 0.996373
1642689305.559057 0.376165 0.035006 -0.018681 -0.062805 0.040120 0.035655 0.996582
1642689305.659056 0.385252 0.032844 -0.016273 -0.060977 0.040501 0.036998 0.996631
1642689305.759056 0.394725 0.026378 -0.015690 -0.059681 0.042463 0.039729 0.996522
1642689305.859056 0.406333 0.025451 -0.014813 -0.056437 0.042767 0.041538 0.996625
1642689305.959057 0.416727 0.028203 -0.013166 -0.053192 0.043377 0.042650 0.996730
1642689306.059057 0.428198 0.027758 -0.009141 -0.053189 0.048025 0.040670 0.996599
1642689306.259056 0.445147 0.021352 -0.011024 -0.050030 0.059243 0.039942 0.996189
1642689306.359056 0.451938 0.015021 -0.011946 -0.049332 0.064579 0.039359 0.995915
1642689306.459055 0.456924 0.009011 -0.015045 -0.044538 0.068964 0.037447 0.995921
1642689306.559055 0.464150 0.005584 -0.018862 -0.034882 0.073217 0.034268 0.996117
1642689306.659055 0.473478 0.000143 -0.022725 -0.024883 0.075738 0.029702 0.996375
1642689306.759056 0.479151 -0.005707 -0.026970 -0.014845 0.077991 0.025831 0.996509
1642689306.959055 0.492488 -0.017430 -0.031645 0.002916 0.085347 0.024078 0.996056
1642689307.059055 0.501250 -0.019554 -0.033627 0.009942 0.087070 0.023447 0.995877
1642689307.159055 0.506511 -0.023213 -0.034134 0.014957 0.090053 0.021778 0.995587
1642689307.259056 0.513954 -0.026300 -0.033932 0.019453 0.092990 0.019930 0.995278
1642689307.359059 0.521126 -0.032724 -0.034125 0.022522 0.093789 0.019386 0.995149
1642689307.459054 0.526633 -0.033894 -0.031931 0.025175 0.093882 0.016101 0.995135
1642689307.559055 0.540625 -0.042299 -0.032692 0.025635 0.095122 0.013824 0.995039
1642689307.659055 0.549372 -0.045876 -0.031147 0.026627 0.094702 0.013320 0.995060
1642689307.759063 0.564125 -0.055450 -0.027597 0.021955 0.091413 0.013876 0.995474
1642689307.959054 0.590668 -0.065243 -0.019737 0.015395 0.085584 0.029487 0.995776
1642689308.359054 0.620995 -0.061704 0.000599 0.000021 0.094743 0.042104 0.994611
1642689308.459054 0.622610 -0.057941 0.003653 -0.004912 0.092276 0.043138 0.994787
1642689308.559053 0.626148 -0.052913 0.009031 -0.008797 0.086860 0.042223 0.995287
1642689308.759053 0.635252 -0.059497 0.013696 -0.015868 0.081980 0.042304 0.995609
1642689308.859054 0.639707 -0.058839 0.015038 -0.017250 0.078741 0.043706 0.995787
1642689308.959054 0.643655 -0.054834 0.018093 -0.022177 0.077726 0.047426 0.995599
1642689309.059055 0.643986 -0.052716 0.021736 -0.028383 0.081022 0.052610 0.994918
1642689309.159053 0.650932 -0.052567 0.024723 -0.035326 0.085175 0.055086 0.994215
1642689309.359053 0.653811 -0.048919 0.028590 -0.045749 0.082625 0.059962 0.993723
1642689309.459054 0.656344 -0.046977 0.028435 -0.046313 0.079611 0.060276 0.993924
1642689309.559057 0.653464 -0.049329 0.026261 -0.044872 0.076220 0.056195 0.994494
1642689309.659052 0.655365 -0.044280 0.023259 -0.042381 0.070233 0.050128 0.995368
1642689309.759053 0.666350 -0.038239 0.019361 -0.041373 0.064536 0.046965 0.995951
1642689309.859052 0.665293 -0.037798 0.015781 -0.042962 0.059970 0.043028 0.996347
1642689310.059052 0.681038 -0.035488 0.003288 -0.043713 0.042476 0.029276 0.997711
1642689310.159052 0.690939 -0.032336 -0.006201 -0.039946 0.036680 0.020401 0.998320
1642689310.259053 0.704467 -0.028840 -0.016645 -0.033651 0.032156 0.017364 0.998765
1642689310.359052 0.712967 -0.030738 -0.026072 -0.029331 0.029800 0.015174 0.999010
1642689310.459052 0.718129 -0.029143 -0.034818 -0.023414 0.027908 0.012547 0.999258
1642689310.559052 0.724783 -0.032019 -0.042266 -0.019263 0.025168 0.012938 0.999414
1642689310.659051 0.730347 -0.034499 -0.048864 -0.015540 0.025246 0.015260 0.999444
1642689310.859051 0.747627 -0.029046 -0.064160 -0.003196 0.013380 0.024107 0.999615
1642689310.959051 0.755025 -0.028354 -0.069599 0.001836 0.011645 0.027320 0.999557
1642689311.059052 0.759599 -0.025135 -0.073628 0.007421 0.015240 0.030040 0.999405
1642689311.159051 0.766201 -0.026234 -0.080395 0.011672 0.015676 0.033246 0.999256
1642689311.259051 0.771318 -0.025778 -0.085726 0.015780 0.016058 0.033014 0.999201
1642689311.359051 0.775406 -0.022522 -0.089160 0.020744 0.018558 0.030258 0.999155
1642689311.559052 0.780961 -0.017115 -0.095010 0.027981 0.020308 0.024025 0.999113
1642689311.659051 0.786687 -0.018074 -0.097224 0.029747 0.023177 0.024760 0.998982
1642689311.759050 0.791276 -0.022794 -0.100845 0.031344 0.024845 0.026836 0.998839
1642689311.859051 0.795825 -0.021684 -0.104127 0.034403 0.022885 0.027671 0.998763
1642689311.959051 0.808555 -0.023997 -0.104275 0.033177 0.022428 0.029991 0.998748
1642689312.059050 0.814567 -0.021281 -0.104638 0.034577 0.023107 0.033266 0.998581
1642689312.259050 0.831536 -0.026905 -0.107118 0.035801 0.015747 0.044894 0.998226
1642689312.359053 0.834290 -0.024745 -0.108259 0.038165 0.012241 0.049107 0.997989
1642689312.459051 0.841254 -0.023546 -0.108618 0.042129 0.007104 0.054674 0.997590
1642689312.559050 0.845115 -0.027026 -0.110644 0.042583 -0.000091 0.060274 0.997273
1642689312.659050 0.851031 -0.026696 -0.110054 0.043452 -0.006196 0.069535 0.996614
1642689312.759049 0.854614 -0.023701 -0.108319 0.044082 -0.011309 0.076232 0.996051
1642689312.959049 0.853460 -0.027649 -0.105315 0.037342 -0.002792 0.082081 0.995922
1642689313.059049 0.854367 -0.027412 -0.104913 0.034712 0.001644 0.085405 0.995740
1642689313.159050 0.853872 -0.027253 -0.105778 0.033360 0.004224 0.088491 0.995509
1642689313.259049 0.857391 -0.024792 -0.103322 0.033064 0.007322 0.090976 0.995277
1642689313.359049 0.856303 -0.019881 -0.100802 0.033317 0.015960 0.094798 0.994811
1642689313.559049 0.856136 -0.025161 -0.095102 0.024397 0.030109 0.099560 0.994277
1642689313.659050 0.853360 -0.025909 -0.092392 0.020288 0.040260 0.099991 0.993967
1642689313.759048 0.850787 -0.026253 -0.089263 0.016164 0.052776 0.099426 0.993513
1642689313.859048 0.848707 -0.031705 -0.088045 0.010510 0.058956 0.096653 0.993515
1642689313.959049 0.847756 -0.029115 -0.084122 0.007569 0.067688 0.095213 0.993124
1642689314.159048 0.840976 -0.028746 -0.071509 -0.008962 0.085731 0.089057 0.992290
1642689314.259048 0.839974 -0.031302 -0.064580 -0.021023 0.094338 0.085102 0.991673
1642689314.359048 0.836054 -0.028373 -0.056089 -0.032283 0.101953 0.080012 0.991041
1642689314.459049 0.835253 -0.027670 -0.048596 -0.042030 0.106360 0.076311 0.990504
1642689314.559048 0.844091 -0.006987 -0.039870 -0.041617 0.102550 0.074765 0.991041
1642689314.659048 0.840745 -0.005712 -0.036466 -0.049750 0.105250 0.071458 0.990627
1642689315.059047 0.817860 0.001395 -0.022201 -0.076708 0.093806 0.056973 0.990995
1642689315.159047 0.810976 0.006846 -0.015605 -0.085092 0.093203 0.054167 0.990524
1642689315.359047 0.795790 0.013903 -0.008921 -0.098457 0.090504 0.049510 0.989780
1642689315.459047 0.786785 0.013793 -0.008081 -0.104293 0.085242 0.048121 0.989718
1642689315.659047 0.768498 0.012263 -0.004462 -0.113212 0.081515 0.044835 0.989206
1642689315.759048 0.757887 0.013222 -0.002634 -0.114442 0.079526 0.041240 0.989383
1642689315.959046 0.741367 0.011295 -0.002219 -0.117263 0.077982 0.035207 0.989408
1642689316.059047 0.735067 0.012627 -0.004861 -0.115007 0.075234 0.033913 0.989931
1642689316.159046 0.728380 0.009469 -0.007219 -0.113341 0.071184 0.033071 0.990451
1642689316.259046 0.718878 0.009496 -0.008541 -0.111729 0.067684 0.032750 0.990890
1642689316.359046 0.710253 0.009876 -0.009229 -0.110355 0.064824 0.033367 0.991215
1642689316.459046 0.701293 0.006243 -0.011260 -0.107848 0.061797 0.033585 0.991676
1642689316.659046 0.683781 0.003270 -0.017052 -0.096971 0.051104 0.034476 0.993376
1642689316.759046 0.671290 0.002519 -0.018145 -0.092869 0.050460 0.033358 0.993839
1642689316.859046 0.663696 0.001025 -0.019191 -0.088977 0.048067 0.030670 0.994400
1642689316.959045 0.655060 -0.001859 -0.022048 -0.084095 0.046078 0.029065 0.994967
1642689317.059045 0.643010 0.000619 -0.024477 -0.076144 0.045330 0.027765 0.995679
1642689317.159045 0.633737 -0.003431 -0.026358 -0.071116 0.042533 0.027539 0.996180
1642689317.359046 0.617450 -0.003491 -0.029590 -0.061245 0.037825 0.026850 0.997044
1642689317.459046 0.609924 -0.003740 -0.031058 -0.057789 0.033971 0.027578 0.997369
1642689317.559045 0.600827 -0.003665 -0.032575 -0.056188 0.030316 0.027098 0.997592
1642689317.659045 0.595381 -0.003107 -0.034338 -0.053985 0.027294 0.025343 0.997847
1642689317.759045 0.589620 -0.003740 -0.036353 -0.052839 0.023813 0.023466 0.998043
1642689317.959045 0.582547 -0.003377 -0.041485 -0.046834 0.015455 0.022816 0.998523
1642689318.059044 0.580266 -0.003885 -0.044374 -0.043488 0.010406 0.022563 0.998745
1642689318.159045 0.573126 -0.002965 -0.045647 -0.040542 0.005836 0.020806 0.998944
1642689318.259044 0.568899 -0.004376 -0.047037 -0.040461 -0.000951 0.018215 0.999015
1642689318.459044 0.559947 -0.002027 -0.049956 -0.040142 -0.019634 0.007016 0.998976
1642689318.559044 0.555175 0.000006 -0.052564 -0.037698 -0.029537 0.000979 0.998852
1642689318.659045 0.549094 -0.001353 -0.057047 -0.034378 -0.038989 -0.003325 0.998643
1642689318.759044 0.547974 0.002222 -0.061601 -0.027592 -0.051256 -0.006793 0.998281
1642689318.859044 0.546305 -0.002007 -0.066948 -0.022082 -0.061006 -0.006460 0.997872
1642689319.059043 0.545047 -0.003928 -0.075382 -0.009204 -0.084315 -0.002983 0.996392
1642689319.159043 0.548197 -0.004077 -0.080229 -0.002272 -0.101883 0.000187 0.994794
1642689319.259043 0.552290 -0.011075 -0.084144 0.003966 -0.112633 0.005014 0.993616
1642689319.359043 0.551163 -0.015437 -0.085792 0.011722 -0.112278 0.008128 0.993575
1642689319.459044 0.555254 -0.016214 -0.086249 0.019265 -0.111362 0.010538 0.993537
1642689319.659043 0.569903 -0.018212 -0.084474 0.035573 -0.114725 0.019157 0.992575
1642689319.759043 0.574040 -0.019644 -0.085350 0.043446 -0.113706 0.025229 0.992243
1642689319.859043 0.577677 -0.024565 -0.087788 0.048462 -0.110285 0.033046 0.992168
1642689319.959044 0.582959 -0.025814 -0.086171 0.052413 -0.104222 0.040197 0.992358
1642689320.159042 0.595939 -0.028495 -0.083806 0.055047 -0.084473 0.055712 0.993343
1642689320.259043 0.603615 -0.023415 -0.081204 0.056620 -0.075476 0.061358 0.993646
1642689320.359042 0.610341 -0.018707 -0.076579 0.057575 -0.064825 0.066392 0.994020
1642689320.459042 0.618268 -0.015291 -0.072577 0.057160 -0.054320 0.072835 0.994222
1642689320.659042 0.619744 -0.030757 -0.075026 0.049390 -0.034756 0.091239 0.993996
1642689320.759043 0.627855 -0.028332 -0.073250 0.049184 -0.027330 0.102009 0.993191
1642689320.859042 0.633532 -0.030106 -0.072379 0.047034 -0.017505 0.112041 0.992436
1642689320.959042 0.642145 -0.027257 -0.070773 0.045336 -0.008655 0.120867 0.991595
1642689321.159041 0.655489 -0.029255 -0.065414 0.037686 0.007379 0.138163 0.989665
1642689321.259042 0.663455 -0.029158 -0.064033 0.034519 0.016539 0.146501 0.988470
1642689321.359041 0.660935 -0.030452 -0.062961 0.031589 0.030526 0.154314 0.987045
1642689321.459041 0.679849 -0.028151 -0.061583 0.028560 0.035119 0.161066 0.985905
1642689321.959041 0.707565 -0.020510 -0.053496 -0.000766 0.090692 0.171438 0.981011
1642689322.059041 0.711296 -0.023243 -0.054654 -0.004079 0.097359 0.171275 0.980393
1642689322.259040 0.712660 -0.023013 -0.051832 -0.008429 0.115511 0.164181 0.979608
1642689322.359040 0.711886 -0.023510 -0.050247 -0.012159 0.126801 0.155138 0.979646
1642689322.559041 0.710009 -0.023178 -0.048722 -0.013508 0.142401 0.132595 0.980795
1642689322.659040 0.709892 -0.023193 -0.049789 -0.010002 0.147867 0.122666 0.981320
1642689322.759040 0.708936 -0.025003 -0.050606 -0.005237 0.152914 0.115841 0.981413
1642689322.959040 0.711987 -0.030162 -0.053911 0.004051 0.159042 0.103901 0.981781
1642689323.059042 0.711961 -0.032239 -0.052586 0.006557 0.161257 0.095576 0.982252
1642689323.159039 0.711595 -0.031845 -0.049934 0.008016 0.160554 0.085352 0.983297
1642689323.259039 0.709745 -0.031805 -0.049506 0.009908 0.160375 0.076505 0.984037
1642689323.459039 0.701813 -0.040459 -0.053309 0.014924 0.151564 0.059056 0.986569
1642689323.559039 0.698967 -0.035903 -0.052496 0.016881 0.144110 0.048689 0.988219
1642689323.659039 0.692135 -0.034505 -0.052955 0.017446 0.136848 0.041805 0.989556
1642689323.759039 0.688732 -0.036308 -0.053892 0.018032 0.125087 0.037950 0.991256
1642689323.859040 0.677854 -0.035140 -0.051406 0.018416 0.115058 0.029870 0.992739
1642689324.059039 0.668885 -0.030064 -0.045664 0.010526 0.102795 0.016652 0.994507
1642689324.159039 0.664036 -0.029403 -0.043302 0.006124 0.093312 0.009423 0.995574
1642689324.259038 0.659949 -0.027283 -0.041208 0.001354 0.084039 0.002952 0.996457
1642689324.359038 0.656505 -0.025728 -0.038186 -0.005027 0.074840 -0.000956 0.997182
1642689324.459038 0.651120 -0.018077 -0.030751 -0.009253 0.067524 -0.003889 0.997667
1642689324.659039 0.642513 -0.016901 -0.023255 -0.022745 0.049558 -0.007247 0.998486
1642689324.759038 0.637145 -0.014255 -0.019967 -0.028126 0.040553 -0.010053 0.998731
1642689324.859038 0.630585 -0.016772 -0.017170 -0.034464 0.031348 -0.013779 0.998819
1642689324.959038 0.624085 -0.015458 -0.014497 -0.037635 0.022756 -0.017791 0.998874
1642689325.059038 0.616855 -0.015654 -0.012596 -0.040154 0.016866 -0.021920 0.998811
1642689325.259037 0.608822 -0.013215 -0.007663 -0.044198 0.004909 -0.026155 0.998668
1642689325.359037 0.606057 -0.017594 -0.005094 -0.049353 0.000820 -0.024892 0.998471
1642689325.459038 0.600632 -0.016891 -0.003173 -0.052662 -0.003473 -0.024192 0.998313
1642689325.559037 0.598935 -0.018277 -0.001335 -0.057918 -0.011379 -0.024585 0.997954
1642689325.659037 0.593494 -0.019669 0.001688 -0.063884 -0.017167 -0.025719 0.997478
1642689325.759037 0.589270 -0.017682 0.003938 -0.068707 -0.023489 -0.027003 0.996995
1642689325.959038 0.579122 -0.017952 0.005269 -0.076134 -0.034725 -0.028061 0.996098
1642689326.059037 0.572854 -0.016309 0.005925 -0.077798 -0.040852 -0.026001 0.995792
1642689326.159037 0.569862 -0.018448 0.006531 -0.080934 -0.049031 -0.021605 0.995278
1642689326.259037 0.564509 -0.019733 0.004963 -0.082763 -0.056522 -0.018051 0.994801
1642689326.359036 0.558634 -0.021393 0.002553 -0.083157 -0.063816 -0.015945 0.994363
1642689326.459036 0.557577 -0.016728 -0.000057 -0.079644 -0.071539 -0.016093 0.994123
1642689326.659036 0.552498 -0.016868 -0.006662 -0.073037 -0.084353 -0.012150 0.993681
1642689326.759037 0.549225 -0.015973 -0.010001 -0.068887 -0.092201 -0.008768 0.993316
1642689326.859036 0.549108 -0.013185 -0.013553 -0.063700 -0.099517 -0.005623 0.992979
1642689326.959036 0.546054 -0.011885 -0.017503 -0.058814 -0.103742 -0.001426 0.992863
1642689327.059037 0.544497 -0.015188 -0.020145 -0.056548 -0.108217 0.005857 0.992500
1642689327.259037 0.550077 -0.016515 -0.020263 -0.050325 -0.113822 0.024469 0.991924
1642689327.359035 0.550659 -0.018983 -0.021418 -0.047436 -0.110095 0.033877 0.992210
1642689327.459035 0.555396 -0.022356 -0.022823 -0.042390 -0.107112 0.042436 0.992436
1642689327.559036 0.560576 -0.020962 -0.026786 -0.034777 -0.109967 0.052090 0.991960
1642689327.759035 0.575373 -0.024257 -0.028996 -0.022216 -0.118616 0.076324 0.989753
1642689327.859036 0.583058 -0.027249 -0.028869 -0.015731 -0.117462 0.088184 0.989029
1642689327.959035 0.592262 -0.024402 -0.027469 -0.009601 -0.110237 0.094433 0.989362
1642689328.059036 0.600496 -0.028540 -0.026656 -0.006431 -0.102851 0.101116 0.989523
1642689328.159035 0.612372 -0.028704 -0.023664 -0.001337 -0.099702 0.108907 0.989038
1642689328.259035 0.619575 -0.030107 -0.021267 0.002078 -0.093710 0.116106 0.988804
1642689328.359035 0.624912 -0.033771 -0.016792 0.004928 -0.081310 0.122980 0.989060
1642689328.459034 0.632438 -0.038722 -0.015811 0.007124 -0.070004 0.130375 0.988965
1642689328.559034 0.641227 -0.039508 -0.013589 0.009254 -0.058229 0.137493 0.988747
1642689328.659034 0.653626 -0.040107 -0.011545 0.010393 -0.047283 0.144935 0.988256
1642689328.759034 0.661518 -0.042582 -0.011997 0.010493 -0.035584 0.149516 0.988063
1642689328.859035 0.670059 -0.044626 -0.011842 0.011367 -0.021849 0.152464 0.988002
1642689328.959034 0.677382 -0.045145 -0.011945 0.013683 -0.009586 0.155186 0.987744
1642689329.059034 0.684834 -0.043650 -0.012681 0.015850 -0.001276 0.156826 0.987498
