1642661141.894282 -0.000000 -0.000000 -0.000000 -0.000000 -0.000000 -0.000000 1.000000
1642661141.994283 -0.003543 -0.006117 0.002319 -0.009672 0.009020 0.004870 0.999901
1642661142.094282 -0.001343 -0.013047 0.005571 -0.017000 0.015805 0.009213 0.999688
1642661142.394285 -0.013698 -0.030329 0.011329 -0.043850 0.028454 0.018183 0.998467
1642661142.494286 -0.019221 -0.032768 0.018011 -0.056164 0.036586 0.018845 0.997573
1642661142.694282 -0.022368 -0.033687 0.026859 -0.074790 0.035265 0.023784 0.996292
1642661142.794281 -0.024788 -0.033567 0.030172 -0.081213 0.031678 0.023314 0.995920
1642661142.894283 -0.028725 -0.031457 0.034511 -0.087717 0.029096 0.019030 0.995539
1642661142.994285 -0.033215 -0.025096 0.038502 -0.092732 0.025240 0.017856 0.995211
1642661143.094281 -0.034904 -0.022017 0.043644 -0.099581 0.026251 0.018351 0.994514
1642661143.494286 -0.033161 0.001401 0.075165 -0.125304 0.020902 0.013094 0.991812
1642661143.594283 -0.033095 0.005113 0.085100 -0.132265 0.017222 0.010103 0.991013
1642661143.794282 -0.036102 0.013253 0.089815 -0.135319 -0.000303 0.004969 0.990790
1642661143.894283 -0.036454 0.021021 0.089103 -0.133072 -0.004807 0.003460 0.991089
1642661143.994285 -0.038442 0.024865 0.089463 -0.134679 -0.014703 0.001467 0.990779
1642661144.094286 -0.037013 0.033562 0.087563 -0.132347 -0.022927 -0.004267 0.990929
1642661144.294280 -0.032141 0.045270 0.087698 -0.130545 -0.028364 -0.015693 0.990912
1642661144.394305 -0.028988 0.051243 0.089520 -0.130144 -0.028054 -0.017450 0.990945
1642661144.494280 -0.025202 0.055452 0.089246 -0.132142 -0.028352 -0.018486 0.990653
1642661144.594280 -0.021798 0.060750 0.093061 -0.135180 -0.030437 -0.019420 0.990163
1642661144.794287 -0.014480 0.076018 0.096035 -0.139425 -0.027018 -0.023208 0.989592
1642661144.894279 -0.013403 0.086139 0.099457 -0.142236 -0.023428 -0.028936 0.989132
1642661144.994281 -0.011620 0.095763 0.099630 -0.145854 -0.024078 -0.033359 0.988450
1642661145.194279 -0.009432 0.110690 0.102736 -0.154521 -0.031276 -0.035102 0.986870
1642661145.294279 -0.006290 0.120661 0.101855 -0.155675 -0.034982 -0.035370 0.986555
1642661145.394279 -0.003250 0.132962 0.101619 -0.155622 -0.037168 -0.038468 0.986367
1642661145.594279 -0.002577 0.146268 0.104564 -0.164357 -0.043901 -0.041117 0.984565
1642661145.694279 -0.001698 0.152018 0.105321 -0.166702 -0.048007 -0.040062 0.984023
1642661145.794289 -0.002853 0.159874 0.106367 -0.166996 -0.046956 -0.041546 0.983962
1642661145.894282 -0.003634 0.163780 0.109110 -0.169372 -0.047392 -0.044422 0.983409
1642661145.994279 -0.003779 0.170952 0.111116 -0.169109 -0.046147 -0.047422 0.983374
1642661146.094281 -0.003148 0.175020 0.113607 -0.171899 -0.051269 -0.047786 0.982618
1642661146.194280 -0.003682 0.182167 0.113864 -0.173565 -0.059653 -0.047457 0.981868
1642661146.294278 -0.004774 0.187982 0.114675 -0.176685 -0.064307 -0.047434 0.981018
1642661146.394278 -0.005374 0.194376 0.115486 -0.178062 -0.068335 -0.047770 0.980481
1642661146.494278 -0.007165 0.201349 0.115268 -0.178119 -0.068746 -0.047824 0.980439
1642661146.594291 -0.007251 0.207005 0.117911 -0.179735 -0.067651 -0.049345 0.980145
1642661146.794279 -0.007127 0.217834 0.121945 -0.185093 -0.073959 -0.049522 0.978682
1642661146.894279 -0.005233 0.224816 0.125472 -0.186033 -0.072872 -0.050691 0.978526
1642661146.994280 -0.004163 0.234053 0.128137 -0.185198 -0.070826 -0.055801 0.978556
1642661147.094283 -0.004104 0.237277 0.130999 -0.185766 -0.063270 -0.059647 0.978739
1642661147.194278 -0.005279 0.240511 0.128886 -0.184922 -0.063254 -0.060083 0.978873
1642661147.294279 -0.007598 0.238610 0.126230 -0.182410 -0.068792 -0.055827 0.979223
1642661147.394284 -0.007396 0.238026 0.120558 -0.177360 -0.069265 -0.053001 0.980274
1642661147.494280 -0.008438 0.236607 0.118049 -0.176402 -0.075003 -0.054089 0.979965
1642661147.594279 -0.009723 0.232787 0.113341 -0.172396 -0.081973 -0.053418 0.980156
1642661147.694279 -0.009506 0.232650 0.107376 -0.164294 -0.081873 -0.049750 0.981748
1642661147.794283 -0.011453 0.228269 0.104180 -0.159518 -0.082375 -0.047954 0.982583
1642661147.994278 -0.016735 0.219875 0.104013 -0.154738 -0.078429 -0.037416 0.984127
1642661148.094283 -0.020672 0.213665 0.105015 -0.156387 -0.073834 -0.032030 0.984411
1642661148.194277 -0.029160 0.211484 0.103755 -0.156042 -0.070464 -0.026122 0.984888
1642661148.294280 -0.036354 0.208511 0.101459 -0.156931 -0.075618 -0.019656 0.984514
1642661148.394276 -0.048868 0.204224 0.098840 -0.155974 -0.073831 -0.017784 0.984837
1642661148.494276 -0.056963 0.202023 0.097724 -0.154164 -0.072942 -0.020167 0.985143
1642661148.594278 -0.067306 0.201588 0.096609 -0.148416 -0.064837 -0.022255 0.986546
1642661148.694280 -0.076318 0.194674 0.094431 -0.143329 -0.062090 -0.023007 0.987458
1642661148.794276 -0.087380 0.188818 0.091529 -0.136724 -0.064005 -0.027008 0.988170
1642661148.894277 -0.098667 0.182306 0.089920 -0.129392 -0.051833 -0.030781 0.989759
1642661148.994276 -0.104989 0.177829 0.090019 -0.122233 -0.043902 -0.033471 0.990965
1642661149.094276 -0.113438 0.173772 0.088806 -0.117786 -0.042761 -0.036153 0.991459
1642661149.194278 -0.121341 0.169064 0.087055 -0.113903 -0.034739 -0.034853 0.992272
1642661149.294276 -0.129026 0.165357 0.088418 -0.110336 -0.025753 -0.035211 0.992937
1642661149.494275 -0.142199 0.152962 0.092380 -0.109145 -0.007775 -0.032323 0.993470
1642661149.594284 -0.146132 0.149854 0.094785 -0.108717 -0.001190 -0.030653 0.993599
1642661149.894276 -0.158412 0.141064 0.103012 -0.109745 0.029040 -0.019163 0.993351
1642661150.094280 -0.160914 0.128785 0.101776 -0.106714 0.032879 -0.006183 0.993727
1642661150.194274 -0.160102 0.122182 0.102731 -0.105531 0.044627 -0.003460 0.993408
1642661150.294275 -0.159652 0.117140 0.102652 -0.103102 0.053406 -0.000573 0.993236
1642661150.394277 -0.165603 0.110833 0.100252 -0.099197 0.060262 -0.003274 0.993236
1642661150.594274 -0.173811 0.101611 0.097018 -0.088489 0.081538 -0.012090 0.992661
1642661150.694276 -0.176731 0.097220 0.092459 -0.077916 0.088258 -0.016141 0.992914
1642661150.794275 -0.183850 0.093650 0.090862 -0.068355 0.098985 -0.020697 0.992523
1642661150.894276 -0.192045 0.093214 0.087858 -0.060361 0.106639 -0.025705 0.992131
1642661150.994276 -0.200398 0.092872 0.086214 -0.051355 0.117859 -0.029456 0.991264
1642661151.094274 -0.208377 0.096445 0.080740 -0.040633 0.124944 -0.032082 0.990812
1642661151.194273 -0.222145 0.099797 0.079074 -0.037128 0.124564 -0.038666 0.990763
1642661151.294283 -0.232693 0.105625 0.074670 -0.033526 0.126687 -0.046387 0.990290
1642661151.394273 -0.241646 0.113102 0.073670 -0.030764 0.129890 -0.053475 0.989607
1642661151.494283 -0.253466 0.122165 0.072906 -0.031643 0.128545 -0.058087 0.989495
1642661151.694279 -0.270229 0.141274 0.072283 -0.041529 0.129952 -0.063437 0.988617
1642661151.794273 -0.278166 0.153518 0.074852 -0.048354 0.127872 -0.067529 0.988307
1642661151.894274 -0.285861 0.164755 0.077474 -0.054953 0.122697 -0.075446 0.988045
1642661151.994275 -0.288883 0.179424 0.078216 -0.059436 0.118500 -0.086391 0.987402
1642661152.094274 -0.288994 0.193449 0.080852 -0.069417 0.106684 -0.094185 0.987385
1642661152.194272 -0.288527 0.205054 0.083161 -0.079283 0.092525 -0.099452 0.987554
1642661152.294273 -0.288066 0.215849 0.085210 -0.083471 0.084122 -0.106293 0.987248
1642661152.394274 -0.285015 0.225559 0.088269 -0.087580 0.079197 -0.112998 0.986554
1642661152.494272 -0.281377 0.235970 0.091858 -0.095349 0.069779 -0.117174 0.986058
1642661152.594274 -0.273208 0.245217 0.095767 -0.105135 0.060736 -0.121145 0.985181
1642661152.794272 -0.264632 0.265968 0.102581 -0.119381 0.044364 -0.133763 0.982796
1642661152.894273 -0.258734 0.275968 0.108675 -0.124725 0.048712 -0.142046 0.980762
1642661152.994274 -0.252848 0.284781 0.116142 -0.130066 0.056725 -0.153584 0.977894
1642661153.094272 -0.242904 0.293441 0.121952 -0.131760 0.062567 -0.159529 0.976358
1642661153.194276 -0.235813 0.300458 0.125150 -0.132321 0.060149 -0.164675 0.975580
1642661153.294274 -0.229064 0.305090 0.127010 -0.132383 0.057023 -0.171710 0.974545
1642661153.394281 -0.221758 0.308988 0.125965 -0.127604 0.050436 -0.178125 0.974395
1642661153.494275 -0.211965 0.313225 0.124462 -0.121353 0.033868 -0.186021 0.974435
1642661153.694272 -0.200244 0.319477 0.125253 -0.116281 0.014143 -0.209329 0.970804
1642661153.794274 -0.193288 0.322778 0.129380 -0.115166 0.010661 -0.219333 0.968770
1642661153.894271 -0.184647 0.321209 0.135358 -0.116104 0.009126 -0.224260 0.967545
1642661153.994272 -0.179360 0.320318 0.137863 -0.113912 0.005535 -0.230060 0.966471
1642661154.094273 -0.176131 0.316642 0.141161 -0.109311 -0.001510 -0.233569 0.966175
1642661154.194272 -0.176131 0.312478 0.143521 -0.098133 -0.005729 -0.233871 0.967286
1642661154.294270 -0.182746 0.306158 0.143776 -0.086990 -0.010937 -0.229726 0.969298
1642661154.394270 -0.191273 0.297442 0.142644 -0.077686 -0.016277 -0.220941 0.972052
1642661154.494270 -0.199856 0.293005 0.140058 -0.066147 -0.018498 -0.209259 0.975445
1642661154.594270 -0.208724 0.289327 0.135232 -0.058125 -0.023627 -0.193329 0.979126
1642661154.694274 -0.217360 0.286037 0.129894 -0.056037 -0.028144 -0.173445 0.982845
1642661154.894272 -0.239146 0.286089 0.114550 -0.052309 -0.045576 -0.135788 0.988306
1642661154.994270 -0.248456 0.284443 0.108374 -0.047058 -0.051396 -0.116528 0.990740
1642661155.094271 -0.255207 0.283194 0.102835 -0.040766 -0.052374 -0.103654 0.992397
1642661155.194271 -0.263369 0.284522 0.099516 -0.032025 -0.042016 -0.096122 0.993967
1642661155.294270 -0.272379 0.280382 0.093502 -0.026958 -0.028859 -0.087685 0.995365
1642661155.394269 -0.279900 0.275054 0.082794 -0.028123 -0.029804 -0.074800 0.996356
1642661155.494274 -0.286028 0.269839 0.073802 -0.029561 -0.024332 -0.063665 0.997237
1642661155.594270 -0.291706 0.263284 0.064751 -0.032025 -0.020102 -0.049178 0.998074
1642661155.694279 -0.297179 0.256228 0.059339 -0.033104 -0.019716 -0.034158 0.998673
1642661155.794271 -0.304682 0.252009 0.053820 -0.028773 -0.015188 -0.019042 0.999289
1642661155.894271 -0.314364 0.251409 0.050930 -0.024182 -0.007713 -0.008752 0.999640
1642661156.094270 -0.330879 0.247456 0.050288 -0.030788 0.004469 0.018990 0.999336
1642661156.194270 -0.339375 0.242121 0.053297 -0.038254 0.011118 0.038988 0.998445
1642661156.294273 -0.344516 0.235492 0.058693 -0.045594 0.019702 0.055927 0.997199
1642661156.394268 -0.351166 0.230924 0.065020 -0.050708 0.027833 0.069420 0.995909
1642661156.494268 -0.355099 0.225141 0.070425 -0.054788 0.037202 0.078338 0.994725
1642661156.594275 -0.361665 0.225442 0.075093 -0.052523 0.049412 0.083058 0.993932
1642661156.694272 -0.366415 0.218583 0.077110 -0.054031 0.057917 0.092211 0.992584
1642661156.794272 -0.367428 0.211428 0.079464 -0.056209 0.059724 0.102817 0.991313
1642661157.194270 -0.375154 0.185217 0.083191 -0.049380 0.073783 0.114227 0.989480
1642661157.294269 -0.373903 0.174963 0.081007 -0.048228 0.072979 0.117413 0.989223
1642661157.394269 -0.371028 0.161643 0.081694 -0.048103 0.073138 0.119217 0.989002
1642661157.494269 -0.366014 0.155312 0.083166 -0.045928 0.084656 0.116065 0.988561
1642661157.594270 -0.365962 0.146139 0.082105 -0.045226 0.087042 0.111157 0.988950
1642661157.794268 -0.360742 0.142570 0.079186 -0.033898 0.087091 0.092868 0.991283
1642661157.894268 -0.358511 0.138098 0.076773 -0.031407 0.079412 0.081788 0.992984
1642661157.994267 -0.356228 0.133240 0.076008 -0.031345 0.073665 0.074443 0.994007
1642661158.094272 -0.351532 0.140225 0.075724 -0.030418 0.073662 0.063914 0.994768
1642661158.194267 -0.343116 0.140989 0.079201 -0.035849 0.075792 0.056560 0.994873
1642661158.294268 -0.334516 0.146752 0.082725 -0.037663 0.073922 0.051528 0.995220
1642661158.394269 -0.325669 0.147588 0.085893 -0.041009 0.076099 0.043706 0.995297
1642661158.494266 -0.319440 0.148811 0.086184 -0.040862 0.076959 0.033250 0.995642
1642661158.594266 -0.312166 0.153332 0.086565 -0.040087 0.073123 0.023580 0.996238
1642661158.794266 -0.299467 0.166096 0.086138 -0.041777 0.060455 0.001628 0.997295
1642661158.894267 -0.292600 0.170382 0.083264 -0.041316 0.054887 -0.010803 0.997579
1642661158.994278 -0.287592 0.179092 0.079668 -0.038543 0.052922 -0.017082 0.997708
1642661159.094266 -0.276790 0.180911 0.078041 -0.042479 0.048900 -0.018613 0.997726
1642661159.194271 -0.268658 0.189717 0.079862 -0.045716 0.051502 -0.021255 0.997400
1642661159.294266 -0.260930 0.202059 0.081011 -0.050695 0.046019 -0.028497 0.997246
1642661159.394267 -0.254049 0.208948 0.080070 -0.056089 0.039012 -0.034660 0.997061
1642661159.494270 -0.246154 0.218826 0.080312 -0.056963 0.042204 -0.039040 0.996720
1642661159.594268 -0.240471 0.222912 0.076894 -0.059084 0.037764 -0.039381 0.996761
1642661159.694265 -0.235951 0.229599 0.071910 -0.055720 0.030125 -0.042394 0.997091
1642661159.894270 -0.223745 0.238042 0.063605 -0.053752 0.024161 -0.047314 0.997140
1642661159.994265 -0.219260 0.245901 0.059876 -0.059462 0.013300 -0.052160 0.996778
1642661160.094269 -0.215023 0.249852 0.060906 -0.067848 0.005783 -0.062293 0.995732
1642661160.194266 -0.211962 0.254787 0.063483 -0.072962 0.005353 -0.077747 0.994285
1642661160.294269 -0.204889 0.255292 0.064288 -0.076751 -0.002952 -0.085728 0.993354
1642661160.394266 -0.199114 0.252344 0.064272 -0.079943 -0.023131 -0.087641 0.992670
1642661160.494274 -0.196637 0.247320 0.063806 -0.076746 -0.030459 -0.082742 0.993145
1642661160.594265 -0.196432 0.245782 0.059753 -0.067778 -0.040715 -0.073036 0.994190
1642661160.694268 -0.193556 0.240570 0.052987 -0.060195 -0.061232 -0.063897 0.994256
1642661160.894264 -0.196546 0.242479 0.044783 -0.044464 -0.065436 -0.060422 0.995033
1642661160.994266 -0.200352 0.237669 0.039192 -0.041725 -0.073335 -0.050270 0.995165
1642661161.094264 -0.201652 0.235371 0.037499 -0.037306 -0.071637 -0.041228 0.995880
1642661161.194264 -0.207145 0.229788 0.035663 -0.034076 -0.063485 -0.030762 0.996926
1642661161.294266 -0.216857 0.226380 0.033829 -0.033047 -0.055861 -0.023247 0.997621
1642661161.394278 -0.223254 0.220269 0.037572 -0.033436 -0.047824 -0.014143 0.998196
1642661161.494267 -0.231516 0.218676 0.039294 -0.033324 -0.042408 -0.004749 0.998533
1642661161.594265 -0.236141 0.211106 0.042589 -0.041659 -0.039968 0.008765 0.998294
1642661161.694265 -0.242707 0.207030 0.047490 -0.042879 -0.018183 0.019130 0.998732
1642661161.794264 -0.252149 0.199254 0.050971 -0.044299 -0.002989 0.028047 0.998620
1642661161.894274 -0.260129 0.196625 0.053030 -0.044651 0.006486 0.033765 0.998411
1642661161.994263 -0.265865 0.185547 0.058871 -0.048647 0.024692 0.045424 0.997477
1642661162.194270 -0.275044 0.172872 0.064817 -0.050918 0.045174 0.070249 0.995204
1642661162.294268 -0.277716 0.163988 0.068672 -0.052753 0.056134 0.080881 0.993743
1642661162.394267 -0.277434 0.154414 0.070336 -0.054266 0.061396 0.091836 0.992397
1642661162.494270 -0.276928 0.143892 0.069906 -0.056800 0.064649 0.102477 0.991006
1642661162.594264 -0.276967 0.128842 0.068895 -0.057261 0.065428 0.106560 0.990498
1642661162.694264 -0.272679 0.116748 0.066515 -0.051710 0.068065 0.106312 0.990652
1642661162.794262 -0.269413 0.102847 0.065084 -0.053653 0.076015 0.104769 0.990135
1642661162.894266 -0.266029 0.097415 0.063941 -0.056494 0.073047 0.099599 0.990733
1642661162.994273 -0.262178 0.088092 0.063963 -0.059986 0.075429 0.091603 0.991121
1642661163.094264 -0.259140 0.086179 0.062583 -0.057262 0.069984 0.078738 0.992786
1642661163.194262 -0.256193 0.089258 0.059620 -0.052766 0.056273 0.067147 0.994757
1642661163.394264 -0.247122 0.092904 0.062926 -0.057135 0.043361 0.047223 0.996306
1642661163.494265 -0.242958 0.097255 0.063031 -0.057692 0.030605 0.035179 0.997245
1642661163.594270 -0.240117 0.105717 0.068015 -0.054306 0.037613 0.027472 0.997437
1642661163.894261 -0.230789 0.119940 0.075463 -0.060297 0.012404 -0.002613 0.998100
1642661163.994270 -0.228106 0.128798 0.078458 -0.058142 0.004985 -0.018667 0.998121
1642661164.194261 -0.219244 0.143380 0.085607 -0.056387 -0.005097 -0.044974 0.997383
1642661164.294263 -0.217930 0.148344 0.088112 -0.056746 -0.006847 -0.058238 0.996665
1642661164.394264 -0.217712 0.155034 0.089116 -0.048409 -0.003438 -0.068883 0.996444
1642661164.494265 -0.218127 0.159617 0.084384 -0.042858 -0.007864 -0.078225 0.995983
1642661164.594261 -0.217331 0.168384 0.081054 -0.036179 -0.009533 -0.085706 0.995618
1642661164.694263 -0.216483 0.176582 0.075865 -0.029618 -0.010595 -0.090937 0.995360
1642661164.794263 -0.217440 0.184991 0.071080 -0.026831 -0.020291 -0.093695 0.995033
1642661164.894260 -0.217368 0.194567 0.065982 -0.025114 -0.029947 -0.098294 0.994390
1642661164.994261 -0.219747 0.211042 0.061774 -0.023622 -0.041262 -0.104029 0.993437
1642661165.094260 -0.221173 0.221415 0.059399 -0.028815 -0.048365 -0.103105 0.993076
1642661165.194263 -0.221821 0.233887 0.055350 -0.029234 -0.059670 -0.099569 0.992810
1642661165.294262 -0.223382 0.247656 0.054195 -0.026363 -0.061330 -0.096596 0.993083
1642661165.394262 -0.220436 0.260441 0.054180 -0.025488 -0.066238 -0.094971 0.992947
1642661165.594260 -0.221248 0.283059 0.059935 -0.025707 -0.063426 -0.089385 0.993643
1642661165.694262 -0.220227 0.293996 0.065564 -0.026393 -0.061376 -0.082991 0.994308
1642661165.794262 -0.217273 0.299702 0.068184 -0.029587 -0.059799 -0.072979 0.995099
1642661165.894260 -0.213275 0.302720 0.069599 -0.033672 -0.059091 -0.060470 0.995850
1642661165.994262 -0.209373 0.306707 0.073226 -0.036020 -0.057467 -0.052797 0.996300
1642661166.094262 -0.203757 0.308139 0.076943 -0.037595 -0.045597 -0.042782 0.997335
1642661166.194259 -0.197522 0.308173 0.078854 -0.040301 -0.035057 -0.034885 0.997963
1642661166.294259 -0.189702 0.304956 0.079021 -0.042338 -0.019467 -0.026752 0.998555
1642661166.394259 -0.184261 0.298127 0.079120 -0.044462 0.002124 -0.015581 0.998887
1642661166.494262 -0.181680 0.284124 0.078189 -0.047545 0.020527 -0.004309 0.998649
1642661166.594260 -0.181763 0.264195 0.077516 -0.049967 0.042429 0.008644 0.997812
1642661166.694259 -0.189351 0.243919 0.076301 -0.048115 0.064624 0.021386 0.996520
1642661166.794259 -0.196555 0.222503 0.075999 -0.048611 0.082816 0.030339 0.994916
1642661166.894258 -0.205461 0.203626 0.077196 -0.051066 0.098332 0.040102 0.993033
1642661166.994262 -0.214489 0.193755 0.080489 -0.054258 0.115709 0.050124 0.990533
1642661167.194263 -0.232810 0.168196 0.087596 -0.065800 0.137420 0.064561 0.986214
1642661167.294259 -0.244208 0.157817 0.092470 -0.068617 0.142391 0.069126 0.985007
1642661167.394260 -0.257475 0.150875 0.097010 -0.071802 0.140612 0.074839 0.984618
1642661167.494259 -0.270165 0.146087 0.100146 -0.072251 0.141139 0.079343 0.984157
1642661167.594258 -0.286875 0.141601 0.101192 -0.071991 0.135100 0.081876 0.984816
1642661167.694259 -0.304070 0.133570 0.104198 -0.072302 0.119090 0.084720 0.986617
1642661167.794259 -0.317915 0.122553 0.107329 -0.069176 0.120339 0.091286 0.986103
1642661167.894260 -0.335142 0.112592 0.111426 -0.064005 0.117154 0.098041 0.986188
1642661167.994257 -0.351448 0.109514 0.117493 -0.063535 0.124559 0.100170 0.985096
1642661168.094260 -0.366309 0.103116 0.126914 -0.065740 0.133776 0.096654 0.984094
1642661168.194259 -0.385307 0.108634 0.136865 -0.063939 0.145578 0.088382 0.983315
1642661168.294259 -0.398905 0.113769 0.144434 -0.067850 0.150150 0.083755 0.982770
1642661168.394261 -0.415243 0.118530 0.153201 -0.073822 0.144339 0.081573 0.983393
1642661168.494259 -0.427655 0.126413 0.156202 -0.076193 0.148468 0.079295 0.982784
1642661168.594258 -0.436809 0.133633 0.159112 -0.079295 0.146024 0.074198 0.983303
1642661168.694261 -0.446916 0.136139 0.159097 -0.082414 0.141277 0.070426 0.984017
1642661168.794277 -0.459302 0.135974 0.163246 -0.088053 0.139167 0.068864 0.983940
1642661168.894257 -0.468716 0.136420 0.167811 -0.092690 0.134048 0.064209 0.984539
1642661168.994259 -0.475687 0.138538 0.177273 -0.092670 0.149362 0.057172 0.982769
1642661169.094262 -0.482012 0.142102 0.183433 -0.095322 0.159572 0.049735 0.981314
1642661169.294257 -0.498923 0.150251 0.197218 -0.099622 0.176384 0.019780 0.979067
1642661169.394260 -0.508787 0.158813 0.202101 -0.096195 0.182935 -0.000139 0.978408
1642661169.494263 -0.514087 0.169512 0.206758 -0.096457 0.185126 -0.019851 0.977768
1642661169.594261 -0.517109 0.174087 0.212693 -0.100641 0.192292 -0.031476 0.975656
1642661169.694268 -0.516152 0.178485 0.216803 -0.102825 0.197119 -0.035951 0.974309
1642661169.794256 -0.513725 0.179975 0.222255 -0.106509 0.213911 -0.042128 0.970115
1642661169.894256 -0.510432 0.188362 0.226329 -0.108632 0.223783 -0.045564 0.967494
1642661169.994258 -0.507845 0.196939 0.228755 -0.113132 0.231755 -0.045733 0.965090
1642661170.094255 -0.504322 0.206251 0.228902 -0.120941 0.237369 -0.048742 0.962628
1642661170.194255 -0.502396 0.214887 0.227167 -0.131205 0.237172 -0.050251 0.961254
1642661170.294255 -0.503337 0.222475 0.225080 -0.134419 0.237768 -0.046227 0.960865
1642661170.394261 -0.497337 0.220531 0.217768 -0.135997 0.235380 -0.041324 0.961454
1642661170.494265 -0.496005 0.223023 0.212539 -0.134978 0.236801 -0.036358 0.961449
1642661170.594256 -0.493714 0.222774 0.210979 -0.137480 0.240943 -0.029839 0.960289
1642661170.694256 -0.490961 0.223933 0.212330 -0.142739 0.247303 -0.020422 0.958149
1642661170.794257 -0.484612 0.221911 0.213196 -0.152352 0.250468 -0.006047 0.956043
1642661171.094254 -0.449889 0.212051 0.223697 -0.180567 0.269518 0.052296 0.944469
1642661171.194254 -0.435268 0.210723 0.225761 -0.184535 0.281671 0.073482 0.938727
1642661171.394254 -0.407327 0.201048 0.226753 -0.188848 0.301759 0.116882 0.927155
1642661171.494254 -0.396141 0.194239 0.226058 -0.187508 0.310031 0.139112 0.921613
1642661171.594254 -0.386293 0.186806 0.225845 -0.185779 0.318850 0.157875 0.915913
1642661171.694254 -0.378864 0.178269 0.225831 -0.181230 0.324214 0.172174 0.912358
1642661171.794256 -0.378448 0.168870 0.222163 -0.171576 0.332913 0.183854 0.908806
1642661171.894254 -0.379485 0.159381 0.218326 -0.160774 0.338285 0.193963 0.906693
1642661171.994255 -0.382622 0.149215 0.215559 -0.149554 0.346176 0.202824 0.903692
1642661172.094254 -0.389364 0.141030 0.211119 -0.136109 0.351853 0.208190 0.902403
1642661172.194254 -0.396588 0.132045 0.206649 -0.122920 0.357115 0.208385 0.902184
1642661172.294253 -0.409386 0.119247 0.205264 -0.107994 0.363873 0.201307 0.903000
1642661172.394253 -0.420850 0.109419 0.201984 -0.095409 0.366499 0.193228 0.905118
1642661172.494253 -0.435791 0.101947 0.203062 -0.086547 0.369264 0.180548 0.907500
1642661172.594255 -0.449062 0.095064 0.206043 -0.083204 0.373511 0.167259 0.908620
1642661172.794254 -0.471148 0.087359 0.218156 -0.076603 0.381397 0.140953 0.910385
1642661172.894253 -0.481613 0.086584 0.227210 -0.076093 0.383676 0.127875 0.911400
1642661172.994257 -0.492835 0.087587 0.236623 -0.077982 0.387041 0.111889 0.911920
1642661173.094254 -0.501253 0.086348 0.245860 -0.077968 0.390634 0.099575 0.911817
1642661173.194252 -0.511975 0.085222 0.253655 -0.076076 0.389454 0.087190 0.913748
1642661173.294257 -0.521234 0.089131 0.257174 -0.072595 0.386341 0.074372 0.916482
1642661173.394252 -0.529162 0.093016 0.264411 -0.076733 0.382047 0.060778 0.918944
1642661173.494252 -0.531998 0.101037 0.275016 -0.090756 0.371362 0.049752 0.922702
1642661173.594252 -0.536814 0.112643 0.286902 -0.110546 0.363035 0.041194 0.924277
1642661173.694252 -0.536963 0.127996 0.295055 -0.128440 0.357350 0.038688 0.924287
1642661173.794252 -0.533624 0.142931 0.302893 -0.148032 0.349151 0.045007 0.924205
1642661173.894253 -0.526815 0.156366 0.305696 -0.167184 0.338782 0.056806 0.924148
1642661173.994252 -0.520296 0.165914 0.310005 -0.184022 0.332312 0.069221 0.922450
1642661174.094252 -0.512766 0.173425 0.309356 -0.193877 0.322683 0.086290 0.922411
1642661174.194252 -0.504473 0.180919 0.306500 -0.195753 0.318270 0.101322 0.922019
1642661174.294251 -0.494940 0.186704 0.302575 -0.193287 0.325055 0.112695 0.918847
1642661174.394251 -0.483340 0.187398 0.296069 -0.191243 0.324168 0.128437 0.917521
1642661174.494251 -0.469824 0.185669 0.286060 -0.189041 0.321524 0.146605 0.916184
1642661174.594251 -0.456276 0.183381 0.280568 -0.192216 0.328489 0.157836 0.911173
1642661174.694251 -0.444447 0.181788 0.273259 -0.194378 0.333284 0.160646 0.908478
1642661174.794251 -0.433053 0.177463 0.271110 -0.190860 0.354355 0.161986 0.900980
1642661174.894251 -0.424788 0.169705 0.269897 -0.189122 0.355964 0.166902 0.899815
1642661174.994252 -0.416310 0.159021 0.270880 -0.185870 0.360291 0.161154 0.899818
1642661175.094251 -0.412367 0.149086 0.271826 -0.175509 0.369439 0.149317 0.900231
1642661175.194251 -0.414204 0.140133 0.272445 -0.162150 0.371882 0.138723 0.903419
1642661175.294250 -0.419081 0.130547 0.270567 -0.148345 0.365078 0.129138 0.909964
1642661175.394250 -0.426105 0.119941 0.270559 -0.130000 0.364506 0.115721 0.914792
1642661175.494250 -0.437735 0.110564 0.267616 -0.106453 0.353912 0.106983 0.923021
1642661175.594250 -0.451038 0.104806 0.266935 -0.094697 0.341888 0.095880 0.930028
1642661175.694250 -0.464967 0.102454 0.266947 -0.084569 0.329850 0.081827 0.936670
1642661175.894250 -0.482808 0.098030 0.270817 -0.064597 0.319126 0.067535 0.943093
1642661175.994250 -0.487853 0.096391 0.274146 -0.056349 0.324899 0.060274 0.942143
1642661176.094250 -0.493811 0.092242 0.280718 -0.056962 0.329238 0.058730 0.940696
1642661176.194250 -0.495327 0.097723 0.288843 -0.059999 0.335876 0.062627 0.937905
1642661176.294252 -0.494139 0.101721 0.303831 -0.073104 0.341322 0.063612 0.934938
1642661176.394250 -0.489491 0.107249 0.316897 -0.088291 0.346164 0.063113 0.931876
1642661176.494250 -0.485229 0.117851 0.330788 -0.103509 0.358150 0.060712 0.925920
1642661176.594249 -0.478694 0.130592 0.339104 -0.118535 0.365934 0.065156 0.920759
1642661176.694249 -0.475677 0.141298 0.342870 -0.130381 0.364294 0.070565 0.919408
1642661176.794249 -0.471548 0.153585 0.341768 -0.137245 0.377642 0.068468 0.913161
1642661176.894249 -0.467990 0.166219 0.334131 -0.140886 0.378196 0.069837 0.912273
1642661176.994249 -0.462982 0.175935 0.323272 -0.143964 0.374399 0.075466 0.912910
1642661177.094250 -0.455630 0.182285 0.310022 -0.148772 0.369439 0.079002 0.913860
1642661177.194249 -0.444714 0.191602 0.295306 -0.148548 0.368760 0.080678 0.914025
1642661177.294249 -0.434124 0.197174 0.280464 -0.149870 0.362374 0.084589 0.916007
1642661177.394249 -0.423636 0.200309 0.263337 -0.148525 0.340205 0.087929 0.924375
1642661177.494249 -0.415561 0.201688 0.250113 -0.146373 0.322219 0.086830 0.931242
1642661177.594255 -0.403408 0.200287 0.238338 -0.145271 0.318426 0.086170 0.932779
1642661177.694249 -0.391857 0.198978 0.226008 -0.140173 0.313164 0.088312 0.935137
1642661177.794249 -0.384720 0.201574 0.219754 -0.140905 0.306207 0.082093 0.937893
1642661177.894250 -0.374261 0.199115 0.211167 -0.139270 0.309377 0.074115 0.937762
1642661177.994248 -0.365870 0.194854 0.203722 -0.135469 0.306632 0.072083 0.939377
1642661178.094249 -0.360019 0.191001 0.199067 -0.128537 0.294153 0.071940 0.944340
1642661178.194249 -0.353936 0.182469 0.195223 -0.122892 0.284021 0.066101 0.948610
1642661178.294248 -0.347408 0.174661 0.193600 -0.118726 0.278902 0.059135 0.951116
1642661178.394250 -0.343877 0.168678 0.190588 -0.110587 0.267693 0.052089 0.955719
1642661178.494247 -0.340410 0.159139 0.186678 -0.101839 0.256587 0.046901 0.959996
1642661178.594248 -0.338779 0.151440 0.179160 -0.091710 0.243044 0.042228 0.964747
1642661178.694247 -0.338952 0.145141 0.173050 -0.084542 0.231719 0.035686 0.968445
1642661178.794247 -0.340748 0.142255 0.168801 -0.080251 0.224077 0.029129 0.970825
1642661178.894248 -0.342125 0.141382 0.164217 -0.076013 0.215049 0.025046 0.973318
