1642515321.875593 -0.000000 -0.000000 -0.000000 -0.000000 -0.000000 -0.000000 1.000000
1642515321.975607 0.000301 -0.005565 0.000152 0.003588 0.000436 0.003018 0.999989
1642515322.075599 -0.000125 -0.011637 0.000477 0.007065 0.001424 0.005992 0.999956
1642515322.375595 -0.003702 -0.032070 0.003022 0.013877 0.007353 0.016260 0.999744
1642515322.475593 -0.002631 -0.039883 0.005115 0.019136 0.014946 0.019486 0.999515
1642515322.575594 -0.001369 -0.045754 0.004521 0.022733 0.020273 0.021832 0.999298
1642515322.675594 -0.001943 -0.050060 0.001834 0.024164 0.022806 0.021825 0.999210
1642515322.775602 0.004395 -0.050249 -0.004366 0.025687 0.025094 0.018826 0.999178
1642515322.875595 0.014185 -0.052221 -0.011893 0.028450 0.026432 0.015230 0.999130
1642515323.075593 0.050390 -0.048636 -0.031731 0.033252 0.026214 0.012719 0.999022
1642515323.375598 0.135481 -0.031714 -0.068344 0.041768 0.030644 0.007292 0.998631
1642515323.575593 0.199149 -0.016303 -0.094352 0.045291 0.030005 0.006624 0.998501
1642515323.675601 0.230393 -0.005923 -0.105091 0.046226 0.027871 0.005747 0.998526
1642515323.775593 0.257746 -0.002489 -0.115586 0.045287 0.031615 0.007520 0.998445
1642515323.975591 0.312238 0.007596 -0.131233 0.046335 0.038698 0.018019 0.998013
1642515324.075591 0.335162 0.009045 -0.132640 0.044828 0.045657 0.028260 0.997551
1642515324.175591 0.365147 0.015372 -0.134888 0.045061 0.046894 0.033244 0.997329
1642515324.375593 0.427286 0.017720 -0.140653 0.048702 0.058936 0.035083 0.996456
1642515324.475591 0.462629 0.026386 -0.140299 0.049383 0.060028 0.032084 0.996458
1642515324.675591 0.521038 0.023713 -0.151753 0.049294 0.064993 0.032658 0.996132
1642515324.775594 0.543608 0.029573 -0.158010 0.046200 0.056208 0.037831 0.996632
1642515324.875591 0.574188 0.032269 -0.164023 0.043204 0.058202 0.037907 0.996649
1642515325.075592 0.619205 0.037477 -0.166442 0.039204 0.061947 0.039099 0.996542
1642515325.175592 0.650640 0.040547 -0.165758 0.038112 0.059808 0.042392 0.996581
1642515325.275590 0.684405 0.042977 -0.171167 0.037157 0.057711 0.042185 0.996749
1642515325.475591 0.746241 0.061835 -0.180341 0.032307 0.053626 0.042464 0.997135
1642515325.575590 0.789343 0.077226 -0.188297 0.033010 0.052642 0.037706 0.997355
1642515325.675592 0.828779 0.087279 -0.198205 0.031146 0.052624 0.031643 0.997627
1642515325.775590 0.868743 0.098661 -0.208380 0.029124 0.050288 0.028551 0.997902
1642515325.875592 0.903677 0.108214 -0.218143 0.027673 0.053849 0.027295 0.997792
1642515325.975590 0.941303 0.116145 -0.227304 0.027763 0.054537 0.030260 0.997667
1642515326.075592 0.981553 0.125245 -0.234081 0.029597 0.056647 0.038109 0.997228
1642515326.275589 1.050665 0.137123 -0.238580 0.028435 0.070543 0.053456 0.995669
1642515326.375589 1.084858 0.141518 -0.237830 0.026982 0.078577 0.057230 0.994898
1642515326.475589 1.121144 0.145893 -0.236356 0.026396 0.087760 0.061698 0.993879
1642515326.575590 1.156187 0.150083 -0.234812 0.026473 0.098003 0.062369 0.992877
1642515326.675589 1.189420 0.154806 -0.233461 0.025920 0.103433 0.060464 0.992459
1642515326.775589 1.220652 0.156394 -0.234581 0.020897 0.099396 0.062501 0.992863
1642515326.875589 1.255668 0.158138 -0.239018 0.019597 0.099639 0.064732 0.992722
1642515327.075589 1.320197 0.166036 -0.244496 0.021687 0.109948 0.072096 0.991082
1642515327.175589 1.346972 0.167292 -0.250832 0.023058 0.115296 0.076745 0.990094
1642515327.275589 1.377473 0.169788 -0.261670 0.023672 0.113295 0.080588 0.990005
1642515327.375588 1.407499 0.178308 -0.266278 0.025649 0.122404 0.082424 0.988719
1642515327.475588 1.439876 0.185506 -0.270026 0.024214 0.122581 0.082990 0.988686
1642515327.575589 1.476249 0.195510 -0.275198 0.020545 0.124734 0.083286 0.988475
1642515327.675588 1.514532 0.202709 -0.284724 0.017440 0.123450 0.078048 0.989123
1642515327.775588 1.548380 0.217407 -0.291380 0.019183 0.126710 0.070194 0.989267
1642515327.975588 1.613284 0.231850 -0.311710 0.018853 0.135741 0.064437 0.988467
1642515328.075588 1.643133 0.239715 -0.324983 0.022638 0.142067 0.066943 0.987331
1642515328.175587 1.667281 0.246169 -0.334731 0.025683 0.150790 0.073222 0.985516
1642515328.275592 1.690328 0.252088 -0.343897 0.026633 0.159109 0.079771 0.983673
1642515328.375587 1.707421 0.260385 -0.350382 0.026119 0.175123 0.086456 0.980395
1642515328.475587 1.720474 0.266057 -0.357518 0.023919 0.185274 0.094587 0.977832
1642515328.575589 1.731054 0.272648 -0.361180 0.019875 0.197934 0.101614 0.974732
1642515328.675588 1.726045 0.286588 -0.362940 0.018099 0.212619 0.103847 0.971433
1642515328.775588 1.723209 0.294724 -0.366945 0.008988 0.219556 0.109523 0.969391
1642515328.975587 1.702425 0.326522 -0.370582 -0.009554 0.241880 0.123842 0.962323
1642515329.075587 1.679820 0.337651 -0.376787 -0.019048 0.249728 0.124956 0.960031
1642515329.175589 1.659338 0.355474 -0.381978 -0.022085 0.254579 0.125619 0.958604
1642515329.275588 1.631408 0.365766 -0.389853 -0.027173 0.257761 0.126914 0.957452
1642515329.375586 1.601591 0.377900 -0.397750 -0.032604 0.258127 0.126733 0.957207
1642515329.475589 1.569208 0.389550 -0.406242 -0.037482 0.262563 0.125846 0.955939
1642515329.675587 1.509190 0.412131 -0.422303 -0.042148 0.265099 0.122988 0.955416
1642515330.075587 1.413422 0.429511 -0.442026 -0.050583 0.234416 0.106952 0.964910
1642515330.175586 1.389096 0.432906 -0.441341 -0.049668 0.228277 0.103952 0.966756
1642515330.275586 1.364114 0.432464 -0.440852 -0.050582 0.215465 0.102335 0.969816
1642515330.475585 1.307596 0.420806 -0.432153 -0.048694 0.207852 0.099126 0.971906
1642515330.575588 1.277205 0.408739 -0.424235 -0.046804 0.209573 0.099420 0.971599
1642515330.675586 1.246000 0.396405 -0.416667 -0.042854 0.204331 0.100941 0.972740
1642515330.775585 1.213726 0.382744 -0.408992 -0.043922 0.196321 0.099108 0.974529
1642515330.875589 1.181274 0.371956 -0.400506 -0.047414 0.190519 0.095376 0.975888
1642515331.075585 1.117405 0.352064 -0.383534 -0.049378 0.174229 0.090094 0.979331
1642515331.175585 1.086936 0.344896 -0.375452 -0.049133 0.163322 0.089785 0.981249
1642515331.275585 1.058735 0.336880 -0.364458 -0.051315 0.161991 0.090827 0.981263
1642515331.375586 1.028691 0.329326 -0.357688 -0.054328 0.157570 0.092145 0.981697
1642515331.475586 0.993912 0.323244 -0.349484 -0.053301 0.160340 0.095156 0.981018
1642515331.575585 0.959031 0.316179 -0.341831 -0.052500 0.165873 0.099004 0.979759
1642515331.675584 0.922368 0.310002 -0.335198 -0.057994 0.165199 0.104874 0.978952
1642515331.875585 0.848794 0.297300 -0.324218 -0.059287 0.163755 0.109313 0.978632
1642515331.975585 0.814497 0.292787 -0.320761 -0.057142 0.159180 0.106775 0.979794
1642515332.075584 0.785388 0.286360 -0.318227 -0.055358 0.154075 0.099879 0.981438
1642515332.175584 0.758873 0.279109 -0.314114 -0.052219 0.151011 0.093635 0.982701
1642515332.275585 0.734660 0.275463 -0.304217 -0.047002 0.145122 0.089965 0.984193
1642515332.375584 0.713363 0.265662 -0.296210 -0.045430 0.138880 0.087330 0.985404
1642515332.475583 0.696551 0.258662 -0.286452 -0.041866 0.135619 0.087226 0.986026
1642515332.575583 0.677034 0.251999 -0.273413 -0.037184 0.133613 0.089691 0.986266
1642515332.775586 0.639179 0.234348 -0.250887 -0.038332 0.130643 0.098079 0.985821
1642515332.875585 0.620744 0.224253 -0.240022 -0.042698 0.126747 0.102215 0.985730
1642515332.975583 0.603536 0.215666 -0.229852 -0.046904 0.122089 0.102164 0.986132
1642515333.075584 0.588500 0.209972 -0.222867 -0.048856 0.116699 0.095992 0.987309
1642515333.175583 0.571744 0.199403 -0.216631 -0.047429 0.110246 0.090090 0.988676
1642515333.275584 0.559456 0.189655 -0.212973 -0.044776 0.097961 0.087145 0.990356
1642515333.475582 0.534227 0.163142 -0.195273 -0.035270 0.084203 0.077744 0.992785
1642515333.575586 0.521468 0.144680 -0.183081 -0.035560 0.077266 0.072443 0.993739
1642515333.675582 0.511566 0.126901 -0.168665 -0.031149 0.071711 0.069243 0.994531
1642515333.775583 0.501222 0.105913 -0.152678 -0.026566 0.069211 0.067762 0.994943
1642515333.875582 0.493451 0.084160 -0.136686 -0.022602 0.066519 0.066791 0.995291
1642515333.975582 0.484274 0.057390 -0.112371 -0.023290 0.070076 0.067037 0.995014
1642515334.175585 0.470070 -0.000603 -0.055171 -0.024788 0.075641 0.071870 0.994233
1642515334.275582 0.462723 -0.032731 -0.025293 -0.027007 0.077033 0.071166 0.994119
1642515334.375582 0.455186 -0.065853 0.003567 -0.031180 0.077006 0.069050 0.994148
1642515334.475582 0.449895 -0.100772 0.034803 -0.030973 0.077542 0.067589 0.994213
1642515334.575581 0.443033 -0.128069 0.057914 -0.015693 0.084724 0.065939 0.994096
1642515334.675581 0.438535 -0.157717 0.079538 -0.000517 0.091977 0.067213 0.993490
1642515334.875582 0.449504 -0.200949 0.104011 0.037130 0.101533 0.068787 0.991756
1642515334.975581 0.450636 -0.217267 0.112374 0.054733 0.104977 0.067989 0.990637
1642515335.075582 0.459488 -0.232990 0.116650 0.071933 0.107121 0.068968 0.989239
1642515335.175581 0.466698 -0.240505 0.120700 0.082236 0.113513 0.075814 0.987221
1642515335.275583 0.486198 -0.248583 0.128395 0.073890 0.118759 0.091343 0.985948
1642515335.375582 0.502621 -0.235325 0.137517 0.059675 0.123855 0.107220 0.984684
1642515335.475581 0.536834 -0.204612 0.142935 0.038178 0.125396 0.119411 0.984154
1642515335.575580 0.557721 -0.181338 0.160439 0.007791 0.142155 0.123450 0.982085
1642515335.775580 0.606477 -0.132571 0.165949 -0.056148 0.150828 0.124674 0.979058
1642515335.875580 0.629099 -0.106204 0.166471 -0.087330 0.152531 0.127339 0.976162
1642515335.975580 0.644407 -0.075336 0.168746 -0.116606 0.153843 0.128502 0.972740
1642515336.075580 0.662725 -0.041375 0.166450 -0.141023 0.157212 0.128032 0.969023
1642515336.175580 0.679209 -0.009722 0.161776 -0.161561 0.159500 0.125606 0.965754
1642515336.275580 0.696288 0.022538 0.152851 -0.175034 0.164006 0.121391 0.963187
1642515336.375580 0.717139 0.052301 0.141092 -0.188346 0.172535 0.116802 0.959747
1642515336.475580 0.736934 0.083689 0.128757 -0.202952 0.180160 0.111603 0.955980
1642515336.675579 0.781204 0.129461 0.097059 -0.222373 0.203454 0.098312 0.948415
1642515336.775579 0.807700 0.142395 0.074262 -0.217514 0.223271 0.087966 0.946097
1642515336.875579 0.832217 0.148586 0.050033 -0.208946 0.235652 0.079363 0.945786
1642515336.975579 0.858526 0.148441 0.029104 -0.196704 0.247906 0.073971 0.945716
1642515337.075579 0.883499 0.143406 0.012360 -0.180187 0.264175 0.072309 0.944730
1642515337.175579 0.906187 0.134747 -0.000728 -0.162495 0.278163 0.070801 0.944038
1642515337.275579 0.925604 0.123941 -0.006245 -0.147164 0.292773 0.065739 0.942499
1642515337.475581 0.951737 0.098198 0.010610 -0.124109 0.309684 0.055990 0.941041
1642515337.575579 0.962857 0.080015 0.028443 -0.119646 0.321938 0.046905 0.937998
1642515337.675578 0.966517 0.056485 0.048450 -0.112852 0.324991 0.032915 0.938383
1642515337.775578 0.961175 0.039883 0.067457 -0.098745 0.322347 0.013212 0.941365
1642515337.875578 0.952497 0.021119 0.084105 -0.087980 0.314753 -0.005837 0.945069
1642515337.975578 0.936560 0.000302 0.103018 -0.081264 0.304864 -0.028717 0.948488
1642515338.075578 0.918563 -0.013945 0.115912 -0.070136 0.290135 -0.052881 0.952946
1642515338.275578 0.863536 -0.025321 0.148702 -0.045358 0.259775 -0.096235 0.959791
1642515338.675577 0.751583 -0.006523 0.167099 -0.046068 0.165226 -0.034945 0.984559
1642515338.775577 0.725031 -0.001862 0.166502 -0.053477 0.137266 0.002575 0.989086
1642515338.975577 0.676962 0.004666 0.159311 -0.070964 0.080616 0.094546 0.989710
1642515339.075577 0.656055 0.000850 0.154322 -0.077790 0.060234 0.141887 0.984982
1642515339.175577 0.643124 -0.010042 0.148280 -0.084312 0.050391 0.178462 0.979032
1642515339.275577 0.640370 -0.020465 0.137880 -0.082837 0.044237 0.209196 0.973354
1642515339.375578 0.661751 -0.038400 0.121609 -0.077605 0.032605 0.243876 0.966146
1642515339.575577 0.706329 -0.063899 0.091861 -0.056455 0.017978 0.320319 0.945455
1642515339.675577 0.739922 -0.070490 0.081535 -0.054556 0.014814 0.351331 0.934543
1642515339.775576 0.765269 -0.069369 0.076757 -0.052231 0.016799 0.377082 0.924554
1642515339.875576 0.794936 -0.056828 0.076994 -0.048948 0.022886 0.395691 0.916793
1642515339.975576 0.834565 -0.041042 0.072634 -0.051132 0.032243 0.413230 0.908618
1642515340.075576 0.874121 -0.022366 0.067609 -0.056199 0.044740 0.428944 0.900471
1642515340.275576 0.959673 0.024125 0.054499 -0.068179 0.070133 0.440282 0.892516
1642515340.375576 0.997773 0.048868 0.046489 -0.070698 0.085500 0.436100 0.893034
1642515340.475576 1.036160 0.074981 0.038282 -0.074652 0.100609 0.429109 0.894522
1642515340.575576 1.074366 0.099899 0.031784 -0.079075 0.121151 0.417264 0.897196
1642515340.675577 1.113151 0.120011 0.023282 -0.086114 0.146169 0.401931 0.899817
1642515340.775575 1.151197 0.141347 0.015223 -0.090673 0.172410 0.384265 0.902438
1642515340.875575 1.183176 0.159153 0.007716 -0.092458 0.197188 0.366720 0.904480
1642515341.075575 1.245042 0.195484 -0.013300 -0.095725 0.246341 0.337867 0.903326
1642515341.175575 1.275950 0.213942 -0.027829 -0.101333 0.266847 0.326186 0.901181
1642515341.275575 1.305249 0.230791 -0.043648 -0.107082 0.289618 0.310946 0.898870
1642515341.375575 1.331672 0.248172 -0.058864 -0.112129 0.314950 0.289112 0.897022
1642515341.475575 1.355195 0.255660 -0.074822 -0.117862 0.341364 0.269978 0.892576
1642515341.575575 1.378668 0.262009 -0.092829 -0.116700 0.364401 0.253480 0.888449
1642515341.675575 1.396625 0.259330 -0.110367 -0.114177 0.390039 0.235844 0.882729
1642515341.775577 1.409490 0.254667 -0.125982 -0.109824 0.412971 0.215717 0.877986
1642515341.875574 1.409325 0.241331 -0.132088 -0.104627 0.438184 0.192792 0.871710
1642515342.075574 1.398905 0.213749 -0.154947 -0.078705 0.454699 0.154305 0.873638
1642515342.175574 1.382819 0.197737 -0.156816 -0.063105 0.454995 0.138590 0.877377
1642515342.275574 1.362476 0.181985 -0.158273 -0.049936 0.447021 0.121072 0.884884
1642515342.375574 1.334173 0.170097 -0.154548 -0.038280 0.437629 0.102017 0.892529
1642515342.475574 1.310687 0.162744 -0.150451 -0.029198 0.420939 0.086784 0.902456
1642515342.575574 1.280734 0.159320 -0.141286 -0.023798 0.402302 0.074591 0.912153
1642515342.675574 1.255227 0.155591 -0.132008 -0.023143 0.379718 0.064496 0.922561
1642515342.775577 1.223055 0.155159 -0.123372 -0.023750 0.359817 0.054148 0.931148
1642515342.975573 1.159333 0.158089 -0.099694 -0.030178 0.320292 0.044397 0.945796
1642515343.075573 1.126870 0.159141 -0.088729 -0.035212 0.300176 0.046354 0.952106
1642515343.175573 1.089487 0.160655 -0.073797 -0.040673 0.282514 0.050889 0.957048
1642515343.275573 1.052899 0.158864 -0.061122 -0.049044 0.261791 0.059236 0.962056
1642515343.375573 1.012050 0.159877 -0.048622 -0.059744 0.243865 0.062500 0.965947
1642515343.475573 0.969219 0.162899 -0.032426 -0.070592 0.226921 0.062944 0.969310
1642515343.575573 0.923908 0.169759 -0.019706 -0.080926 0.212529 0.063179 0.971746
1642515343.675573 0.879793 0.176340 -0.009869 -0.090727 0.195542 0.065768 0.974272
1642515343.875573 0.795946 0.185692 0.004964 -0.112267 0.162513 0.080390 0.976997
1642515343.975572 0.753696 0.187504 0.010901 -0.120565 0.144850 0.087411 0.978183
1642515344.075572 0.712328 0.188320 0.018115 -0.126646 0.129450 0.094593 0.978905
1642515344.175572 0.668369 0.185530 0.023224 -0.131018 0.115231 0.096881 0.979883
1642515344.275572 0.628180 0.185388 0.026889 -0.133849 0.102843 0.095011 0.981061
1642515344.375572 0.585715 0.185324 0.029745 -0.138276 0.080935 0.090771 0.982899
1642515344.475572 0.547113 0.180644 0.029727 -0.142271 0.061565 0.083462 0.984379
1642515344.575572 0.512400 0.173629 0.028763 -0.140641 0.038339 0.078451 0.986203
1642515344.775572 0.448309 0.149023 0.028954 -0.136025 -0.002859 0.076938 0.987709
1642515344.875572 0.413558 0.134326 0.032478 -0.134318 -0.017069 0.073838 0.988036
1642515344.975571 0.378178 0.116627 0.040616 -0.135219 -0.034443 0.071286 0.987648
1642515345.075571 0.342410 0.099887 0.049177 -0.134189 -0.055871 0.069422 0.986941
1642515345.175571 0.312545 0.077228 0.057090 -0.135613 -0.072348 0.065037 0.985974
1642515345.275571 0.276055 0.056450 0.066358 -0.137026 -0.087230 0.061973 0.984771
1642515345.375571 0.243603 0.042953 0.072031 -0.132896 -0.099750 0.055758 0.984520
1642515345.475571 0.219985 0.026961 0.080147 -0.126065 -0.108511 0.047556 0.984922
1642515345.675572 0.167372 -0.006407 0.085602 -0.101397 -0.114253 0.040833 0.987420
1642515345.775571 0.153949 -0.023290 0.091418 -0.081952 -0.113587 0.045605 0.989091
1642515345.875572 0.132716 -0.045097 0.097269 -0.065659 -0.106792 0.052680 0.990712
1642515345.975571 0.112652 -0.073156 0.106685 -0.050796 -0.088404 0.063049 0.992789
1642515346.075570 0.099623 -0.102501 0.112233 -0.035122 -0.070564 0.077613 0.993863
1642515346.175570 0.085526 -0.123230 0.116606 -0.017609 -0.054992 0.093697 0.993925
1642515346.375573 0.071878 -0.150253 0.131053 0.004124 -0.009493 0.122989 0.992354
1642515346.475570 0.079504 -0.159746 0.136978 0.008340 0.015488 0.137433 0.990355
1642515346.575570 0.092858 -0.156901 0.140847 0.009953 0.038755 0.151499 0.987647
1642515346.675570 0.112573 -0.143243 0.147797 0.006613 0.063362 0.166891 0.983915
1642515346.775570 0.140941 -0.131141 0.149414 -0.005149 0.087027 0.180816 0.979645
1642515346.875571 0.166930 -0.113359 0.152024 -0.020017 0.112000 0.194371 0.974308
1642515347.075569 0.232456 -0.059333 0.148914 -0.051804 0.153734 0.218365 0.962288
1642515347.475569 0.351808 0.053011 0.116253 -0.114080 0.221947 0.231545 0.940273
1642515347.575570 0.383615 0.080202 0.103086 -0.124802 0.237857 0.228832 0.935673
1642515347.675569 0.415594 0.102352 0.087011 -0.133144 0.255709 0.227852 0.930037
1642515347.875569 0.481901 0.137189 0.057883 -0.144615 0.289227 0.235713 0.916446
1642515347.975569 0.514031 0.151436 0.043574 -0.147423 0.307671 0.242144 0.908279
1642515348.075569 0.544242 0.159189 0.029709 -0.146619 0.324729 0.246720 0.901212
1642515348.175569 0.574175 0.161465 0.017777 -0.143634 0.341898 0.249353 0.894594
1642515348.375568 0.619709 0.150141 0.003362 -0.131731 0.377407 0.241439 0.884261
1642515348.475568 0.641592 0.140518 0.002017 -0.127963 0.394540 0.231317 0.880032
1642515348.575568 0.656896 0.132670 0.007494 -0.122458 0.403441 0.218930 0.879949
1642515348.675568 0.672687 0.115752 0.016924 -0.119502 0.408439 0.202628 0.881952
1642515348.775568 0.683102 0.097241 0.027982 -0.113651 0.413109 0.181075 0.885232
1642515348.875568 0.687384 0.085726 0.045678 -0.107274 0.402402 0.162705 0.894479
1642515348.975568 0.693611 0.067824 0.061306 -0.105994 0.389564 0.150402 0.902433
1642515349.075568 0.694647 0.054349 0.079167 -0.101621 0.372809 0.137526 0.912016
1642515349.275567 0.683778 0.033014 0.117579 -0.096728 0.334397 0.110246 0.930950
1642515349.375567 0.671275 0.030030 0.136015 -0.099060 0.311892 0.096457 0.940003
1642515349.475569 0.657081 0.031798 0.150063 -0.103569 0.286227 0.084105 0.948828
1642515349.575568 0.644169 0.036995 0.157366 -0.109497 0.255170 0.076457 0.957629
1642515349.675567 0.629337 0.041646 0.163858 -0.116896 0.227094 0.066474 0.964544
1642515349.775567 0.614659 0.054288 0.170273 -0.128043 0.199947 0.057188 0.969720
1642515349.975567 0.592489 0.079915 0.166514 -0.155862 0.132014 0.047428 0.977768
1642515350.075568 0.580519 0.089915 0.155945 -0.164406 0.096535 0.045862 0.980586
1642515350.175567 0.570814 0.092550 0.139883 -0.166182 0.057531 0.042612 0.983493
1642515350.275566 0.558694 0.089482 0.120596 -0.163670 0.025050 0.036050 0.985538
1642515350.375566 0.551024 0.081637 0.097722 -0.155758 -0.013778 0.030008 0.987243
1642515350.475566 0.542571 0.069874 0.075797 -0.142693 -0.047304 0.023492 0.988357
1642515350.575567 0.528227 0.051806 0.058260 -0.126895 -0.071767 0.014125 0.989216
1642515350.675566 0.515672 0.029714 0.042623 -0.114801 -0.093438 0.011148 0.988922
1642515350.875566 0.479995 -0.021711 0.042206 -0.090911 -0.114776 0.019341 0.989034
1642515350.975566 0.459313 -0.053849 0.047275 -0.084014 -0.110040 0.025865 0.990032
1642515351.075568 0.447699 -0.078779 0.067544 -0.076372 -0.107314 0.033922 0.990707
1642515351.175566 0.440801 -0.102130 0.082471 -0.069031 -0.092404 0.040204 0.992512
1642515351.275565 0.444225 -0.119300 0.096164 -0.058623 -0.078435 0.047947 0.994038
1642515351.375565 0.459474 -0.126460 0.109543 -0.047869 -0.063200 0.055712 0.995294
1642515351.575565 0.507747 -0.153000 0.128595 -0.038266 -0.012773 0.074136 0.996432
1642515351.675565 0.539166 -0.155171 0.137365 -0.036409 0.013973 0.090111 0.995168
1642515351.775565 0.582674 -0.149386 0.142457 -0.036147 0.037445 0.109707 0.992601
1642515351.875566 0.624987 -0.138276 0.145483 -0.038341 0.063274 0.130645 0.988665
1642515351.975565 0.665715 -0.117492 0.148793 -0.042433 0.090376 0.148803 0.983814
1642515352.075565 0.702526 -0.097554 0.150832 -0.054650 0.118688 0.162456 0.978026
1642515352.175565 0.744666 -0.065131 0.147283 -0.068267 0.142145 0.172969 0.972222
1642515352.275565 0.789179 -0.038065 0.140047 -0.084507 0.165082 0.180259 0.965978
1642515352.475564 0.879633 0.017859 0.112028 -0.109670 0.209629 0.177333 0.955291
1642515352.575564 0.923382 0.043109 0.093422 -0.116431 0.227410 0.167511 0.952191
1642515352.675565 0.966500 0.059258 0.071058 -0.121399 0.245810 0.150199 0.949884
1642515352.775564 1.005857 0.077051 0.053659 -0.121467 0.265570 0.125585 0.948128
1642515352.875564 1.040870 0.090489 0.039555 -0.120566 0.288253 0.098268 0.944837
1642515352.975564 1.065987 0.099511 0.030665 -0.118473 0.306619 0.069282 0.941886
1642515353.075564 1.081623 0.098829 0.026756 -0.118880 0.319617 0.036124 0.939366
1642515353.275564 1.077152 0.087612 0.031814 -0.114361 0.333409 -0.032990 0.935239
1642515353.375563 1.065767 0.080106 0.034391 -0.111545 0.321855 -0.067387 0.937777
1642515353.475566 1.043714 0.070210 0.036064 -0.105729 0.316346 -0.104516 0.936922
1642515353.575564 1.015233 0.064214 0.044096 -0.098727 0.311244 -0.131763 0.935959
1642515353.675563 0.985205 0.052402 0.049702 -0.094795 0.297921 -0.155037 0.937134
1642515353.875563 0.898480 0.050690 0.068945 -0.089787 0.266565 -0.200547 0.938436
1642515353.975563 0.844508 0.054105 0.078929 -0.092595 0.243076 -0.221125 0.939917
1642515354.075563 0.786572 0.066482 0.089530 -0.094593 0.219213 -0.238667 0.941295
1642515354.175563 0.726759 0.075819 0.097875 -0.101176 0.193430 -0.250757 0.943117
1642515354.275563 0.666639 0.089178 0.103543 -0.102998 0.170173 -0.261754 0.944414
1642515354.375562 0.608239 0.099714 0.103210 -0.103358 0.145968 -0.268285 0.946591
1642515354.475562 0.556100 0.106741 0.100666 -0.105156 0.123401 -0.272965 0.948264
1642515354.575562 0.501444 0.115134 0.097267 -0.107735 0.102081 -0.274411 0.950090
1642515354.675562 0.450913 0.122673 0.093918 -0.110894 0.083117 -0.272749 0.952052
1642515354.875562 0.356269 0.131375 0.083772 -0.120331 0.043132 -0.260653 0.956933
1642515354.975563 0.312074 0.133986 0.079253 -0.117600 0.029742 -0.252842 0.959873
1642515355.075562 0.273233 0.128247 0.071686 -0.116997 0.011615 -0.238652 0.963962
1642515355.175562 0.237539 0.117239 0.064052 -0.117982 -0.015076 -0.218008 0.968672
1642515355.275563 0.198189 0.102056 0.062822 -0.116053 -0.038360 -0.188966 0.974347
1642515355.375562 0.165896 0.077223 0.060095 -0.113654 -0.057384 -0.154768 0.979713
1642515355.575561 0.114812 0.025626 0.079652 -0.119433 -0.080141 -0.064296 0.987512
1642515355.975563 0.039077 -0.072522 0.137919 -0.142928 -0.095644 0.094408 0.980567
1642515356.075561 0.033864 -0.091342 0.148069 -0.135710 -0.092012 0.128525 0.978058
1642515356.175561 0.022434 -0.112020 0.156376 -0.128149 -0.083176 0.159639 0.975282
1642515356.375561 0.002574 -0.155374 0.180027 -0.112476 -0.047817 0.218980 0.968045
1642515356.475560 -0.008958 -0.173160 0.190915 -0.102733 -0.030098 0.247795 0.962880
1642515356.575560 -0.016141 -0.186615 0.195983 -0.087697 -0.017466 0.276678 0.956793
1642515356.675560 -0.022991 -0.202915 0.197649 -0.070976 -0.006915 0.298698 0.951680
1642515356.775561 -0.029618 -0.226297 0.199756 -0.059769 0.010212 0.312745 0.947900
1642515356.975560 -0.024068 -0.245103 0.193524 -0.029236 0.055986 0.320448 0.945158
1642515357.075560 -0.009363 -0.253446 0.198242 -0.022232 0.083494 0.315863 0.944862
1642515357.175560 0.004587 -0.255747 0.201518 -0.015718 0.120679 0.310608 0.942715
1642515357.275561 0.028818 -0.242013 0.203699 -0.010233 0.158637 0.307897 0.938046
1642515357.375560 0.052392 -0.231586 0.203780 -0.011430 0.195392 0.311035 0.930026
1642515357.475560 0.093810 -0.209023 0.199818 -0.013320 0.228618 0.316284 0.920609
1642515357.575560 0.128056 -0.188195 0.198231 -0.018119 0.262178 0.321404 0.909744
1642515357.775559 0.194266 -0.144874 0.185402 -0.033047 0.318418 0.324827 0.889947
1642515357.875559 0.228718 -0.122213 0.175560 -0.044516 0.344003 0.322207 0.880831
1642515357.975559 0.264348 -0.095957 0.162572 -0.057615 0.366339 0.318550 0.872354
1642515358.075560 0.299142 -0.069535 0.148417 -0.071218 0.386115 0.313067 0.864773
1642515358.175559 0.334674 -0.043468 0.132269 -0.084295 0.403858 0.304328 0.858590
1642515358.275559 0.372250 -0.015745 0.113026 -0.094548 0.419013 0.296748 0.852895
1642515358.375559 0.412022 0.005855 0.089402 -0.102273 0.429516 0.287233 0.850031
1642515358.475560 0.449655 0.029975 0.069893 -0.108699 0.438277 0.277050 0.848140
1642515358.675558 0.520260 0.066294 0.033127 -0.122206 0.450764 0.261954 0.844546
1642515358.775558 0.550695 0.076946 0.021871 -0.126499 0.457810 0.251340 0.843348
1642515358.875559 0.577336 0.077940 0.009295 -0.126562 0.459881 0.243080 0.844632
1642515358.975558 0.597491 0.070928 -0.000117 -0.120491 0.451934 0.232296 0.852804
1642515359.075558 0.612947 0.063403 -0.004934 -0.109789 0.443028 0.215947 0.863157
1642515359.175558 0.629303 0.056910 -0.007448 -0.101036 0.430319 0.195056 0.875540
1642515359.275558 0.639646 0.054649 -0.006207 -0.089706 0.412006 0.171744 0.890341
1642515359.475558 0.647820 0.031763 0.006942 -0.079868 0.351368 0.135109 0.922988
1642515359.575558 0.643269 0.020974 0.015519 -0.079278 0.316374 0.117006 0.938047
1642515359.675558 0.631294 0.016847 0.028520 -0.078766 0.281022 0.097842 0.951446
1642515359.775557 0.613470 0.013721 0.035943 -0.076967 0.235006 0.083183 0.965365
1642515359.875557 0.593648 0.012327 0.042643 -0.078969 0.187580 0.070964 0.976495
1642515359.975557 0.573266 0.021848 0.049581 -0.083541 0.135964 0.055532 0.985622
1642515360.175558 0.528488 0.044190 0.058158 -0.099627 0.037148 0.019383 0.994142
1642515360.275557 0.507252 0.054395 0.051837 -0.107540 -0.013048 -0.002083 0.994113
1642515360.375557 0.489818 0.058210 0.040671 -0.117535 -0.058226 -0.014277 0.991258
1642515360.475557 0.478558 0.055697 0.023233 -0.124823 -0.113350 -0.017772 0.985523
1642515360.575557 0.472083 0.060659 0.003216 -0.121745 -0.160544 -0.017095 0.979342
1642515360.675556 0.459147 0.054571 -0.022529 -0.118269 -0.205917 -0.013390 0.971304
1642515360.775556 0.446036 0.042772 -0.044621 -0.106775 -0.225189 -0.012745 0.968363
1642515360.875556 0.451135 0.015914 -0.067905 -0.084564 -0.238644 -0.005163 0.967404
1642515361.075556 0.461398 -0.019636 -0.101889 -0.027416 -0.209522 0.020219 0.977211
1642515361.175556 0.473941 -0.026036 -0.108658 -0.004665 -0.184107 0.037126 0.982194
1642515361.275556 0.491125 -0.031478 -0.115843 0.006290 -0.146894 0.053590 0.987679
1642515361.375556 0.514283 -0.028653 -0.114370 0.015365 -0.104595 0.070693 0.991880
1642515361.475556 0.536747 -0.025962 -0.118737 0.025523 -0.061738 0.084485 0.994183
1642515361.575556 0.563745 -0.017334 -0.126947 0.028301 -0.015998 0.097617 0.994693
1642515361.775555 0.623826 0.024444 -0.128006 0.018099 0.060817 0.123970 0.990255
1642515361.875555 0.656255 0.047051 -0.131042 0.005141 0.096142 0.136028 0.986016
1642515361.975555 0.692227 0.071974 -0.136361 -0.010244 0.130465 0.148140 0.980270
1642515362.075555 0.727530 0.098031 -0.139974 -0.026581 0.165746 0.158332 0.973012
1642515362.175555 0.765625 0.122840 -0.143792 -0.047943 0.199852 0.166972 0.964303
1642515362.275555 0.809122 0.147794 -0.149673 -0.066131 0.229344 0.174575 0.955276
1642515362.375555 0.846415 0.168908 -0.154075 -0.082085 0.262593 0.177865 0.944813
1642515362.475555 0.889848 0.189251 -0.158683 -0.101386 0.293242 0.178622 0.933715
1642515362.675555 0.965571 0.235478 -0.164174 -0.140533 0.352814 0.167910 0.909714
1642515362.775554 1.007551 0.258880 -0.170752 -0.156534 0.374409 0.158701 0.900072
1642515362.875554 1.046374 0.279821 -0.175020 -0.168699 0.395915 0.152055 0.889759
1642515362.975555 1.092056 0.297209 -0.187383 -0.177403 0.405645 0.145366 0.884788
1642515363.075554 1.131811 0.308269 -0.197442 -0.185557 0.414731 0.133203 0.880808
1642515363.175554 1.158197 0.313984 -0.207915 -0.188124 0.416541 0.117788 0.881606
1642515363.275555 1.182755 0.322593 -0.214738 -0.185256 0.425193 0.091314 0.881223
1642515363.375556 1.199976 0.326069 -0.221765 -0.178030 0.425317 0.068533 0.884711
1642515363.575555 1.210047 0.314476 -0.240921 -0.153107 0.404401 0.038314 0.900861
1642515363.675554 1.201258 0.303410 -0.246570 -0.137663 0.387193 0.029650 0.911181
1642515363.775554 1.179268 0.283800 -0.252821 -0.122589 0.364400 0.019905 0.922924
1642515363.875553 1.148302 0.275774 -0.252932 -0.106073 0.335798 0.010735 0.935881
1642515363.975553 1.113404 0.265558 -0.254619 -0.095702 0.301373 0.006326 0.948670
1642515364.075553 1.072429 0.259564 -0.254588 -0.088649 0.261128 0.008710 0.961186
1642515364.275553 0.981805 0.246211 -0.260816 -0.083171 0.177660 0.023681 0.980285
1642515364.675553 0.763566 0.247819 -0.264242 -0.108422 0.043006 0.033428 0.992612
1642515364.775553 0.703456 0.244140 -0.269164 -0.116085 0.017007 0.048396 0.991914
1642515364.875552 0.657277 0.234297 -0.275086 -0.120291 -0.015531 0.071233 0.990058
1642515365.075552 0.569447 0.215727 -0.287607 -0.120757 -0.057092 0.113000 0.984576
1642515365.175552 0.528357 0.207814 -0.291850 -0.123044 -0.080298 0.123805 0.981369
1642515365.275552 0.489928 0.195787 -0.295376 -0.125533 -0.099775 0.125215 0.979085
1642515365.375552 0.452408 0.185814 -0.295150 -0.125776 -0.117601 0.123225 0.977326
1642515365.475552 0.421676 0.175593 -0.293474 -0.127720 -0.135314 0.122849 0.974826
1642515365.675552 0.353143 0.142152 -0.280432 -0.135470 -0.162965 0.134798 0.967946
1642515365.775554 0.324400 0.123955 -0.266870 -0.133624 -0.180599 0.147033 0.963281
1642515365.875552 0.296844 0.103752 -0.261089 -0.128598 -0.197746 0.163757 0.957884
1642515365.975551 0.276624 0.083752 -0.255994 -0.119556 -0.206559 0.175430 0.955125
1642515366.075552 0.250671 0.059113 -0.251619 -0.116060 -0.188515 0.173624 0.959608
1642515366.175551 0.235601 0.042070 -0.240684 -0.113286 -0.163450 0.169198 0.965310
1642515366.275551 0.237325 0.035360 -0.222180 -0.104270 -0.137025 0.170303 0.970231
1642515366.475552 0.222080 0.008325 -0.197274 -0.085807 -0.058826 0.167618 0.980347
1642515366.575551 0.213946 -0.001850 -0.181713 -0.078035 -0.010504 0.164570 0.983218
1642515366.675551 0.206910 -0.004298 -0.164328 -0.071062 0.039251 0.163549 0.983189
1642515366.775551 0.200022 -0.005680 -0.147425 -0.070564 0.085701 0.163350 0.980303
1642515366.875551 0.195781 -0.001939 -0.127636 -0.078424 0.129204 0.162572 0.975052
1642515366.975550 0.195110 0.009648 -0.107132 -0.096103 0.164986 0.159395 0.968575
1642515367.075551 0.193312 0.030065 -0.087459 -0.115610 0.192541 0.156029 0.961882
1642515367.275550 0.205472 0.068607 -0.060210 -0.158285 0.237563 0.149137 0.946715
1642515367.375550 0.222759 0.088961 -0.048438 -0.180349 0.256880 0.142278 0.938746
1642515367.475550 0.241423 0.109014 -0.041120 -0.199683 0.277394 0.133449 0.930253
1642515367.575550 0.264157 0.130795 -0.039232 -0.214914 0.294307 0.128539 0.922319
1642515367.675550 0.293642 0.153660 -0.042559 -0.229756 0.309947 0.130062 0.913361
1642515367.775550 0.327398 0.178485 -0.052953 -0.240346 0.321436 0.133059 0.906205
1642515367.875550 0.367776 0.199892 -0.072438 -0.244795 0.332290 0.137202 0.900463
1642515367.975550 0.413925 0.216778 -0.101092 -0.244074 0.342618 0.139182 0.896476
1642515368.175549 0.514172 0.244656 -0.171594 -0.221386 0.360108 0.136400 0.895938
1642515368.275550 0.566677 0.252050 -0.207598 -0.205610 0.373754 0.131306 0.894869
1642515368.375549 0.613102 0.250020 -0.243137 -0.186049 0.373281 0.130017 0.899523
1642515368.475549 0.649883 0.241505 -0.277330 -0.167963 0.373347 0.130790 0.902937
1642515368.575550 0.671332 0.232551 -0.298649 -0.144040 0.370590 0.134652 0.907626
1642515368.675549 0.681125 0.212104 -0.318936 -0.119768 0.363639 0.138446 0.913376
1642515368.775549 0.687451 0.194830 -0.333448 -0.099769 0.351199 0.140489 0.920309
1642515368.975549 0.659941 0.160978 -0.340134 -0.064976 0.309079 0.134992 0.939162
1642515369.075548 0.631302 0.137961 -0.345307 -0.048576 0.277533 0.125564 0.951236
1642515369.175548 0.589753 0.121873 -0.343375 -0.033024 0.244338 0.108691 0.963013
1642515369.275548 0.542577 0.111023 -0.340645 -0.019179 0.202969 0.089155 0.974929
1642515369.375548 0.491931 0.098364 -0.337485 -0.010870 0.169667 0.070641 0.982906
1642515369.475548 0.451584 0.105119 -0.335668 -0.002722 0.132104 0.052647 0.989833
1642515369.575548 0.407646 0.111016 -0.334527 0.000274 0.104987 0.037437 0.993769
1642515369.775548 0.329112 0.129684 -0.342983 -0.000439 0.031636 0.020564 0.999288
1642515369.875548 0.288662 0.142188 -0.358171 0.001683 -0.002718 0.014411 0.999891
1642515369.975548 0.259532 0.152619 -0.381033 0.007602 -0.029861 0.011235 0.999462
1642515370.075548 0.242386 0.159685 -0.407566 0.009185 -0.046997 0.006091 0.998834
1642515370.175547 0.232501 0.170096 -0.431978 0.012531 -0.050590 0.003049 0.998636
1642515370.275548 0.234752 0.175654 -0.463362 0.012714 -0.048269 0.000482 0.998753
1642515370.375548 0.250614 0.190970 -0.490655 0.014282 -0.046334 0.003656 0.998817
1642515370.475547 0.265673 0.196619 -0.516588 0.014300 -0.030739 0.009226 0.999383
1642515370.675548 0.326841 0.231512 -0.541593 0.027428 0.004189 0.024393 0.999317
1642515370.775547 0.357876 0.238953 -0.553329 0.027809 0.027942 0.038254 0.998490
1642515370.875547 0.395043 0.242952 -0.561706 0.026613 0.049341 0.053067 0.997016
1642515370.975547 0.426797 0.244932 -0.562808 0.026015 0.078128 0.070977 0.994073
1642515371.075547 0.462038 0.248152 -0.563234 0.023473 0.105843 0.089129 0.990102
1642515371.175546 0.496560 0.252386 -0.555119 0.017698 0.128213 0.106430 0.985860
1642515371.275546 0.531414 0.254636 -0.548185 0.010375 0.153963 0.122896 0.980349
1642515371.475547 0.589496 0.256149 -0.523991 -0.011167 0.204095 0.151512 0.967091
1642515371.575546 0.617831 0.257051 -0.511676 -0.020506 0.226328 0.163592 0.959996
1642515371.675546 0.642838 0.260984 -0.496790 -0.027355 0.248112 0.170393 0.953236
1642515371.775549 0.665575 0.255467 -0.480014 -0.035572 0.265449 0.174210 0.947588
1642515371.875546 0.687491 0.250200 -0.461592 -0.041367 0.276116 0.176237 0.943922
1642515371.975546 0.706681 0.243786 -0.444518 -0.043699 0.284435 0.176703 0.941256
1642515372.075547 0.725156 0.226740 -0.427699 -0.045442 0.288078 0.175805 0.940233
1642515372.175546 0.741180 0.214103 -0.407145 -0.043610 0.284313 0.172107 0.942148
1642515372.375545 0.757382 0.176833 -0.358609 -0.043404 0.273642 0.153306 0.948543
1642515372.475545 0.756351 0.154514 -0.335885 -0.037718 0.261671 0.139932 0.954214
1642515372.575545 0.748550 0.138281 -0.318132 -0.030240 0.240399 0.123618 0.962295
1642515372.675545 0.732252 0.122415 -0.295228 -0.028436 0.219090 0.105788 0.969536
1642515373.075545 0.653349 0.107168 -0.246897 -0.033286 0.141378 0.047247 0.988267
1642515373.175545 0.627498 0.112910 -0.240072 -0.040329 0.117377 0.038739 0.991512
1642515373.375544 0.571241 0.124211 -0.237990 -0.049700 0.061932 0.018400 0.996672
1642515373.475544 0.542584 0.124158 -0.237878 -0.055632 0.030355 0.006350 0.997970
1642515373.575544 0.520531 0.119869 -0.240100 -0.057682 -0.001969 -0.005889 0.998316
1642515373.675544 0.506216 0.112480 -0.240852 -0.052747 -0.024766 -0.018901 0.998122
1642515373.875545 0.490086 0.084834 -0.242013 -0.038295 -0.061597 -0.038405 0.996626
1642515373.975545 0.488721 0.072106 -0.236564 -0.030287 -0.068857 -0.044249 0.996184
1642515374.075544 0.499481 0.055279 -0.230370 -0.026181 -0.069767 -0.045897 0.996163
1642515374.175544 0.511668 0.039507 -0.219235 -0.024747 -0.064640 -0.043163 0.996668
1642515374.275544 0.525698 0.035146 -0.202445 -0.021430 -0.051005 -0.039299 0.997695
1642515374.375543 0.544776 0.023715 -0.186752 -0.022750 -0.037532 -0.031662 0.998535
1642515374.575543 0.600279 0.021738 -0.145007 -0.030581 -0.012725 -0.009659 0.999405
1642515374.675543 0.632498 0.019645 -0.122189 -0.044390 0.001868 0.003296 0.999007
1642515374.775543 0.667242 0.021752 -0.096893 -0.062372 0.016280 0.015152 0.997805
1642515374.875543 0.705582 0.031185 -0.073708 -0.077108 0.035919 0.025113 0.996059
1642515374.975543 0.747404 0.036564 -0.051217 -0.093256 0.063378 0.034440 0.993026
1642515375.075546 0.788497 0.046686 -0.030363 -0.109377 0.096489 0.045025 0.988281
1642515375.175543 0.837261 0.059069 -0.013409 -0.124704 0.128469 0.061873 0.981894
1642515375.375542 0.934707 0.065379 0.000864 -0.151832 0.199735 0.103773 0.962437
1642515375.475542 0.978694 0.062042 0.001385 -0.156570 0.233481 0.123907 0.951641
1642515375.575542 1.012419 0.053153 0.002485 -0.155327 0.262426 0.137919 0.942329
1642515375.675542 1.037755 0.040735 0.002631 -0.148318 0.285427 0.146949 0.935382
1642515375.775542 1.054135 0.016792 0.007196 -0.140828 0.306427 0.149571 0.929461
1642515375.875543 1.055684 -0.002008 0.019328 -0.128847 0.324551 0.150216 0.924933
1642515376.075542 1.049815 -0.045459 0.058017 -0.118573 0.328897 0.147119 0.925269
1642515376.175543 1.037552 -0.064562 0.083116 -0.113819 0.327354 0.136885 0.927980
1642515376.275543 1.023994 -0.087242 0.109621 -0.114162 0.321897 0.124717 0.931555
1642515376.375542 1.006261 -0.098146 0.133882 -0.109795 0.311537 0.113736 0.936992
1642515376.475541 0.984506 -0.105288 0.161356 -0.107537 0.296832 0.100220 0.943548
1642515376.575541 0.954363 -0.112548 0.194969 -0.111958 0.275972 0.087959 0.950562
1642515376.675541 0.926960 -0.115956 0.219454 -0.118767 0.244588 0.075495 0.959360
1642515376.875541 0.845743 -0.116600 0.274131 -0.140742 0.165960 0.048705 0.974822
1642515376.975541 0.807164 -0.114594 0.294371 -0.148748 0.127534 0.032528 0.980077
1642515377.075541 0.771077 -0.117824 0.308943 -0.154346 0.084117 0.015152 0.984313
1642515377.175541 0.739121 -0.118379 0.321258 -0.158381 0.045267 -0.001925 0.986338
1642515377.275541 0.705890 -0.120434 0.333856 -0.163073 0.003473 -0.016533 0.986469
1642515377.375541 0.675279 -0.124549 0.343609 -0.167562 -0.041997 -0.028159 0.984564
1642515377.475540 0.647077 -0.129281 0.351240 -0.172115 -0.083512 -0.043161 0.980581
1642515377.675540 0.601281 -0.152528 0.370524 -0.173282 -0.146243 -0.053483 0.972484
1642515377.775540 0.576560 -0.165230 0.379507 -0.172807 -0.157984 -0.054164 0.970693
1642515377.875540 0.558738 -0.170359 0.392118 -0.163918 -0.144209 -0.055252 0.974311
1642515377.975540 0.547958 -0.187625 0.412529 -0.158947 -0.132608 -0.057426 0.976654
1642515378.075543 0.533699 -0.208628 0.434659 -0.159953 -0.122471 -0.053207 0.978052
1642515378.175541 0.534782 -0.219523 0.460591 -0.145884 -0.098074 -0.045999 0.983353
1642515378.375540 0.549661 -0.220152 0.505407 -0.125367 -0.034865 -0.039465 0.990712
1642515378.475540 0.547136 -0.213789 0.531091 -0.134915 0.002067 -0.033628 0.990284
1642515378.575539 0.561236 -0.203658 0.555711 -0.152292 0.025484 -0.023713 0.987722
1642515378.675539 0.584709 -0.187023 0.578924 -0.169392 0.058600 -0.012119 0.983730
1642515378.775539 0.613471 -0.171258 0.598814 -0.186826 0.085603 -0.000065 0.978656
1642515378.875539 0.650506 -0.155022 0.619193 -0.205005 0.123837 0.010372 0.970840
1642515379.075541 0.735299 -0.117047 0.650285 -0.236895 0.197608 0.019403 0.951029
1642515379.175539 0.784738 -0.096800 0.659038 -0.250387 0.233750 0.025872 0.939147
1642515379.275539 0.835094 -0.078725 0.664560 -0.269297 0.263451 0.034420 0.925683
1642515379.375539 0.885252 -0.059228 0.666882 -0.285165 0.291322 0.044310 0.912058
1642515379.475539 0.930405 -0.042249 0.663364 -0.294355 0.319046 0.048484 0.899563
1642515379.575538 0.973974 -0.032327 0.652662 -0.297938 0.338918 0.049235 0.891035
1642515379.675538 1.013572 -0.026817 0.632239 -0.294056 0.352058 0.052619 0.887027
1642515379.875540 1.076392 -0.042776 0.595403 -0.271054 0.338809 0.063725 0.898709
1642515379.975538 1.096909 -0.063337 0.586256 -0.250148 0.307580 0.084364 0.914168
1642515380.075538 1.101424 -0.086627 0.574748 -0.224861 0.268072 0.107038 0.930655
1642515380.175539 1.096441 -0.111147 0.562884 -0.198559 0.222667 0.129344 0.945655
1642515380.275538 1.082266 -0.133719 0.551224 -0.172702 0.178677 0.144285 0.957826
1642515380.375538 1.055389 -0.156490 0.540739 -0.151933 0.131501 0.152055 0.967731
1642515380.575538 0.982213 -0.187953 0.521920 -0.122154 0.024723 0.153088 0.980322
1642515380.675538 0.934052 -0.196876 0.512193 -0.113457 -0.025986 0.148459 0.982045
1642515380.775537 0.885103 -0.203966 0.503258 -0.111905 -0.069404 0.143403 0.980865
1642515380.875537 0.835248 -0.207079 0.495988 -0.114500 -0.112345 0.137367 0.977445
1642515380.975537 0.782175 -0.206087 0.487609 -0.120703 -0.151183 0.128049 0.972717
1642515381.075537 0.726455 -0.200682 0.480543 -0.129387 -0.179850 0.115297 0.968308
1642515381.175537 0.670916 -0.188177 0.473437 -0.140181 -0.201248 0.096460 0.964647
1642515381.275537 0.614876 -0.176218 0.468308 -0.157361 -0.220364 0.073219 0.959852
1642515381.475537 0.507060 -0.142100 0.457395 -0.188667 -0.243567 0.025342 0.951019
1642515381.875536 0.327901 -0.112570 0.396458 -0.180217 -0.254312 -0.093860 0.945536
1642515381.975541 0.296710 -0.108804 0.364488 -0.152020 -0.252695 -0.128542 0.946843
1642515382.175536 0.264388 -0.158863 0.330095 -0.100116 -0.240485 -0.189774 0.946641
1642515382.275536 0.261895 -0.182147 0.312536 -0.077494 -0.227623 -0.212061 0.947213
1642515382.375536 0.275943 -0.204688 0.295336 -0.051047 -0.208724 -0.219128 0.951741
1642515382.475536 0.300647 -0.220979 0.279301 -0.019176 -0.177345 -0.220889 0.958848
1642515382.675536 0.369472 -0.251043 0.249840 0.011180 -0.123799 -0.195719 0.972750
1642515382.775535 0.413794 -0.255675 0.241253 0.012849 -0.096489 -0.174349 0.979861
1642515382.875536 0.451685 -0.255887 0.225428 0.004374 -0.072796 -0.152540 0.985603
1642515382.975535 0.493881 -0.243549 0.216125 -0.008133 -0.053560 -0.127691 0.990333
1642515383.075536 0.537484 -0.219972 0.202447 -0.025001 -0.037548 -0.104335 0.993519
1642515383.175535 0.585324 -0.189532 0.196503 -0.048575 -0.023768 -0.084213 0.994979
1642515383.375535 0.663218 -0.111908 0.197071 -0.108394 0.001507 -0.058108 0.992407
1642515383.475535 0.695553 -0.067015 0.200993 -0.138861 0.019576 -0.047805 0.988964
1642515383.575535 0.730419 -0.021879 0.201843 -0.173340 0.041559 -0.036288 0.983316
1642515383.675535 0.767509 0.012298 0.192861 -0.205232 0.063691 -0.021629 0.976399
1642515383.775534 0.811050 0.035268 0.173560 -0.225700 0.088058 0.001013 0.970208
1642515383.875534 0.852399 0.043552 0.144057 -0.231370 0.113473 0.029452 0.965777
1642515384.075534 0.907857 0.032080 0.063838 -0.208723 0.166760 0.083605 0.960019
1642515384.175534 0.919618 0.021271 0.022134 -0.188495 0.189659 0.101144 0.958264
1642515384.275534 0.910217 0.003229 -0.013114 -0.168477 0.207302 0.109331 0.957438
1642515384.375534 0.892022 -0.002885 -0.053612 -0.145467 0.207850 0.114778 0.960450
1642515384.475534 0.863626 -0.010062 -0.084129 -0.126697 0.198650 0.112963 0.965259
1642515384.575534 0.828282 -0.019342 -0.122113 -0.106105 0.181083 0.105033 0.972069
1642515384.675534 0.792424 -0.021737 -0.160874 -0.080646 0.167336 0.094131 0.978077
1642515384.775534 0.758544 -0.021854 -0.202395 -0.057520 0.152851 0.082624 0.983108
1642515384.975533 0.695242 -0.021477 -0.285015 -0.019714 0.131159 0.063724 0.989115
1642515385.075534 0.667471 -0.017481 -0.322247 -0.003821 0.120781 0.057462 0.991007
1642515385.175533 0.645003 -0.016258 -0.353483 0.010088 0.112947 0.054220 0.992069
1642515385.275533 0.620859 -0.009767 -0.384468 0.026427 0.102208 0.050574 0.993125
1642515385.375533 0.598544 -0.004916 -0.412261 0.042942 0.089985 0.042884 0.994092
1642515385.475533 0.578647 -0.000287 -0.430598 0.058502 0.072288 0.035013 0.995051
1642515385.575533 0.556487 -0.006657 -0.442765 0.067074 0.052903 0.030260 0.995885
1642515385.775534 0.530569 -0.007923 -0.440389 0.085703 0.028671 0.027735 0.995522
1642515385.875534 0.524472 -0.012581 -0.421308 0.088573 0.028886 0.026746 0.995291
1642515385.975534 0.517760 -0.024810 -0.392267 0.083060 0.033567 0.024983 0.995666
1642515386.075545 0.518456 -0.027330 -0.358951 0.073542 0.031267 0.017287 0.996652
1642515386.175533 0.513877 -0.022175 -0.313931 0.060034 0.031436 0.010929 0.997641
1642515386.275536 0.516767 -0.025691 -0.273636 0.044778 0.036392 0.009604 0.998288
1642515386.375532 0.524949 -0.028675 -0.225495 0.027203 0.039375 0.008734 0.998816
1642515386.575534 0.542507 -0.023203 -0.141488 0.004479 0.057239 0.004979 0.998338
1642515386.675532 0.560916 -0.026826 -0.104057 -0.007279 0.068665 0.007948 0.997582
1642515386.775532 0.580438 -0.022909 -0.068736 -0.022028 0.074542 0.012825 0.996892
1642515386.875532 0.605327 -0.021049 -0.038629 -0.040317 0.078765 0.018794 0.995900
1642515386.975531 0.627569 -0.015328 -0.010189 -0.057159 0.090109 0.021745 0.994053
1642515387.075531 0.657854 -0.008372 0.011252 -0.077812 0.105403 0.029367 0.990946
1642515387.175531 0.690809 -0.001073 0.023573 -0.094974 0.117895 0.043688 0.987508
1642515387.375531 0.767215 0.005648 0.018901 -0.108308 0.159138 0.082096 0.977857
1642515387.475531 0.802146 0.006696 0.002041 -0.104762 0.177412 0.099673 0.973455
1642515387.575531 0.831973 0.001097 -0.023159 -0.096216 0.193561 0.113296 0.969763
1642515387.675531 0.859890 -0.000734 -0.052471 -0.084073 0.208937 0.126773 0.966026
1642515387.775531 0.881879 -0.002958 -0.088073 -0.062774 0.224251 0.136770 0.962842
1642515387.875531 0.906074 0.024665 -0.128680 -0.029007 0.233222 0.138931 0.962011
1642515388.075530 0.920233 0.031266 -0.213507 0.001410 0.244435 0.136015 0.960078
1642515388.175530 0.926118 0.040768 -0.257613 0.013620 0.247753 0.133470 0.959489
1642515388.275532 0.933521 0.062021 -0.292133 0.036114 0.251877 0.132501 0.957965
1642515388.375530 0.942749 0.071290 -0.335962 0.053849 0.261115 0.135548 0.954225
1642515388.475530 0.954471 0.084866 -0.374629 0.066498 0.276124 0.140889 0.948411
1642515388.575531 0.958366 0.098822 -0.406620 0.078642 0.296999 0.148674 0.939948
1642515388.675531 0.974356 0.118433 -0.438685 0.086522 0.311581 0.156760 0.933197
1642515388.875531 1.014489 0.173196 -0.492097 0.088293 0.333140 0.167373 0.923693
1642515388.975530 1.043976 0.216660 -0.511037 0.081324 0.334166 0.170888 0.923318
1642515389.075529 1.069233 0.247999 -0.522722 0.063505 0.342008 0.176960 0.920697
1642515389.175529 1.089397 0.278117 -0.533942 0.047253 0.342212 0.181662 0.920683
1642515389.275529 1.107686 0.306134 -0.543142 0.031519 0.336960 0.187536 0.922114
1642515389.375529 1.118882 0.334726 -0.539139 0.015887 0.341573 0.195964 0.919061
1642515389.475529 1.122869 0.358629 -0.531408 -0.003082 0.343912 0.196001 0.918313
1642515389.575530 1.120178 0.370797 -0.519939 -0.028323 0.333223 0.192603 0.922531
1642515389.775529 1.097327 0.391152 -0.479886 -0.084044 0.297819 0.170709 0.935467
1642515389.875529 1.074534 0.398230 -0.463718 -0.108263 0.266529 0.153255 0.945386
1642515390.275528 1.003561 0.442066 -0.432023 -0.173120 0.223881 0.056985 0.957423
1642515390.375528 0.950609 0.446206 -0.435732 -0.170384 0.192375 0.035541 0.965763
1642515390.475528 0.881998 0.438487 -0.416838 -0.166032 0.173900 0.023820 0.970373
1642515390.675528 0.770212 0.428622 -0.419929 -0.144948 0.125682 0.005188 0.981411
1642515390.775529 0.717992 0.420000 -0.426504 -0.133616 0.107221 -0.005615 0.985200
1642515390.975528 0.620873 0.400568 -0.441474 -0.106505 0.081229 -0.033245 0.990431
1642515391.075527 0.593923 0.394244 -0.449390 -0.086806 0.068549 -0.042464 0.992957
1642515391.175527 0.563342 0.379493 -0.458377 -0.069044 0.056103 -0.046476 0.994950
1642515391.275527 0.550505 0.369200 -0.467083 -0.049255 0.049933 -0.047193 0.996420
1642515391.375527 0.540366 0.353205 -0.484480 -0.032668 0.049814 -0.045124 0.997204
1642515391.475527 0.524664 0.331446 -0.505711 -0.016451 0.049495 -0.040631 0.997812
1642515391.575527 0.538722 0.318959 -0.531729 0.002223 0.058267 -0.036478 0.997632
1642515391.675527 0.545386 0.316406 -0.551968 0.020928 0.069907 -0.032998 0.996788
1642515391.875527 0.575281 0.313953 -0.597976 0.045609 0.089186 -0.017699 0.994813
1642515391.975527 0.593428 0.322043 -0.614666 0.056927 0.111683 -0.013621 0.992019
1642515392.075527 0.610827 0.328184 -0.622237 0.058153 0.125173 -0.010960 0.990369
1642515392.175527 0.635219 0.341752 -0.622588 0.048617 0.129146 -0.003481 0.990427
1642515392.275527 0.666871 0.358962 -0.618360 0.030206 0.137578 0.007947 0.989998
1642515392.375526 0.706571 0.380296 -0.613993 0.008365 0.150748 0.020960 0.988315
1642515392.475526 0.750803 0.400975 -0.616542 -0.014002 0.162799 0.035108 0.985935
1642515392.675527 0.851000 0.432320 -0.629720 -0.041561 0.222525 0.071482 0.971414
1642515392.775526 0.900132 0.444791 -0.642763 -0.043535 0.258018 0.089901 0.960963
1642515392.875526 0.948197 0.446726 -0.664648 -0.042202 0.295713 0.108715 0.948132
1642515392.975526 0.988936 0.444859 -0.683716 -0.035436 0.327226 0.124948 0.935978
1642515393.075526 1.020585 0.440051 -0.693745 -0.027666 0.359758 0.139193 0.922190
1642515393.175525 1.045357 0.433730 -0.705527 -0.016742 0.384090 0.148470 0.911126
1642515393.275525 1.063412 0.420354 -0.712246 -0.006194 0.404040 0.153594 0.901733
1642515393.375525 1.074700 0.413419 -0.715285 0.002638 0.427727 0.150761 0.891243
1642515393.575525 1.068234 0.393224 -0.687134 0.013332 0.445161 0.140789 0.884213
1642515393.675527 1.057274 0.382675 -0.667896 0.021655 0.447857 0.131550 0.884110
1642515393.775525 1.039531 0.365975 -0.649270 0.025937 0.443493 0.118770 0.887995
1642515393.875525 1.010290 0.352239 -0.616346 0.025878 0.427329 0.104507 0.897663
1642515393.975526 0.992300 0.347873 -0.593258 0.018548 0.397295 0.089896 0.913089
1642515394.075525 0.959761 0.347486 -0.553165 0.004454 0.363356 0.078082 0.928362
1642515394.175525 0.930908 0.345799 -0.518709 -0.013673 0.325525 0.069462 0.942879
1642515394.375524 0.876376 0.347376 -0.454872 -0.050538 0.274084 0.048616 0.959146
1642515394.475524 0.845173 0.352885 -0.423746 -0.068813 0.250360 0.035595 0.965048
1642515394.575524 0.814722 0.353434 -0.396565 -0.087290 0.224441 0.021951 0.970322
1642515394.675524 0.777646 0.350760 -0.370048 -0.103807 0.195162 0.010293 0.975208
1642515394.775525 0.741850 0.345019 -0.347784 -0.115492 0.163719 0.001401 0.979722
1642515394.875524 0.703853 0.339185 -0.327532 -0.121329 0.133676 -0.009892 0.983520
1642515394.975526 0.665238 0.323072 -0.318538 -0.123068 0.105584 -0.021773 0.986525
1642515395.075524 0.625430 0.309711 -0.311336 -0.119743 0.068964 -0.036171 0.989746
1642515395.275523 0.565961 0.274816 -0.307236 -0.106438 0.005663 -0.070260 0.991818
1642515395.375523 0.551189 0.261259 -0.302117 -0.092424 -0.011395 -0.083920 0.992112
1642515395.475524 0.540496 0.241747 -0.296230 -0.080215 -0.027549 -0.088485 0.992460
1642515395.575524 0.539270 0.222810 -0.284554 -0.063359 -0.034697 -0.089707 0.993345
1642515395.675524 0.549315 0.185376 -0.277100 -0.050500 -0.049121 -0.081802 0.994156
1642515395.775523 0.563243 0.158626 -0.262847 -0.043614 -0.046638 -0.069875 0.995510
1642515395.875523 0.574219 0.145774 -0.240274 -0.040601 -0.034870 -0.058151 0.996872
1642515395.975523 0.603021 0.142688 -0.206978 -0.042153 -0.017392 -0.045390 0.997928
1642515396.175524 0.666368 0.137586 -0.150982 -0.061994 0.041387 -0.018168 0.997052
1642515396.275523 0.705779 0.141450 -0.125846 -0.075694 0.079143 0.004415 0.993976
1642515396.375523 0.749023 0.142012 -0.105407 -0.089739 0.111544 0.037102 0.989004
1642515396.475522 0.802179 0.143286 -0.093754 -0.097035 0.145863 0.085433 0.980821
1642515396.575522 0.858671 0.144992 -0.091365 -0.095187 0.177929 0.142482 0.969009
1642515396.675522 0.917231 0.150460 -0.097353 -0.090065 0.216647 0.203372 0.950575
1642515396.775522 0.972101 0.161669 -0.108187 -0.084591 0.251655 0.264510 0.927118
1642515396.875523 1.032338 0.167064 -0.130142 -0.081773 0.287131 0.320996 0.898794
1642515396.975522 1.077143 0.180248 -0.156657 -0.072246 0.318733 0.373427 0.868183
1642515397.175522 1.155293 0.216968 -0.228912 -0.050951 0.370479 0.463711 0.803195
1642515397.275522 1.184191 0.236337 -0.263898 -0.038390 0.395994 0.484856 0.778864
1642515397.375521 1.199397 0.236091 -0.288769 -0.029791 0.423186 0.489427 0.761897
1642515397.475521 1.211937 0.239228 -0.321992 -0.008424 0.436621 0.500919 0.747243
1642515397.575521 1.221348 0.238214 -0.357980 0.014621 0.449011 0.513697 0.730952
1642515397.675521 1.220745 0.239165 -0.386923 0.043152 0.458730 0.520071 0.719187
1642515397.775521 1.220400 0.235538 -0.410463 0.064801 0.464292 0.520189 0.713889
1642515397.875521 1.211207 0.228971 -0.421621 0.077831 0.472430 0.514151 0.711619
1642515398.075521 1.189997 0.205788 -0.420414 0.092908 0.465331 0.491137 0.730493
1642515398.175521 1.176761 0.189100 -0.407213 0.085667 0.462637 0.471965 0.745572
1642515398.275522 1.161362 0.172128 -0.390184 0.077626 0.449937 0.461480 0.760636
1642515398.375523 1.132183 0.168715 -0.361041 0.074319 0.426499 0.452457 0.779653
1642515398.475520 1.105684 0.158835 -0.325066 0.062587 0.401042 0.448770 0.796149
1642515398.875520 0.941852 0.130309 -0.153213 0.004958 0.270755 0.443110 0.854588
1642515398.975520 0.893133 0.122366 -0.117636 -0.010539 0.246979 0.436775 0.864938
1642515399.175520 0.785903 0.109726 -0.055537 -0.037244 0.216475 0.421297 0.879921
1642515399.275520 0.733264 0.108513 -0.028894 -0.050966 0.197560 0.407693 0.890033
1642515399.475519 0.611387 0.102283 0.020829 -0.075736 0.160113 0.341416 0.923073
1642515399.575519 0.542076 0.092689 0.040383 -0.082329 0.140363 0.286421 0.944184
1642515399.675519 0.478676 0.080755 0.054237 -0.084685 0.124239 0.226049 0.962442
1642515399.775519 0.422201 0.068945 0.062103 -0.080551 0.106797 0.166964 0.976846
1642515399.875519 0.378541 0.062980 0.068021 -0.073839 0.092559 0.108739 0.986994
1642515399.975519 0.345793 0.056629 0.068995 -0.064005 0.084795 0.051510 0.993006
1642515400.075519 0.320718 0.040561 0.062673 -0.056553 0.083439 -0.007416 0.994879
1642515400.275519 0.305197 0.049128 0.058088 -0.032971 0.086908 -0.117238 0.988744
1642515400.375519 0.307299 0.050683 0.053809 -0.026972 0.088311 -0.162885 0.982315
1642515400.475519 0.319999 0.060068 0.049571 -0.021886 0.095078 -0.201993 0.974515
1642515400.575518 0.344289 0.075406 0.043519 -0.019926 0.101673 -0.235889 0.966241
1642515400.675518 0.369801 0.091202 0.035106 -0.025127 0.105669 -0.264455 0.958262
1642515400.775521 0.403656 0.102712 0.028365 -0.031526 0.113363 -0.287968 0.950384
1642515400.975519 0.488122 0.127493 0.004440 -0.040806 0.136491 -0.310207 0.939934
1642515401.075518 0.533756 0.136055 -0.004149 -0.049496 0.154205 -0.300999 0.939772
1642515401.175518 0.591280 0.148167 -0.019529 -0.055756 0.169552 -0.287333 0.941054
1642515401.275518 0.644720 0.153607 -0.037819 -0.064787 0.190758 -0.270125 0.941513
1642515401.375518 0.702294 0.163655 -0.055332 -0.071411 0.210519 -0.248973 0.942653
1642515401.475518 0.755774 0.166944 -0.077981 -0.083871 0.234176 -0.218896 0.943510
1642515401.575517 0.812202 0.172214 -0.101012 -0.095269 0.258900 -0.180327 0.944128
1642515401.775517 0.925484 0.181249 -0.149989 -0.107480 0.323535 -0.076598 0.936966
1642515401.875517 0.979121 0.188085 -0.181543 -0.103644 0.353466 -0.010460 0.929629
1642515401.975517 1.017177 0.190286 -0.210517 -0.092764 0.373889 0.059499 0.920903
1642515402.075517 1.042878 0.195267 -0.239829 -0.075372 0.376154 0.124839 0.915009
1642515402.175517 1.061805 0.195954 -0.265781 -0.058679 0.373625 0.180109 0.908032
1642515402.275517 1.062949 0.197033 -0.282557 -0.041892 0.355161 0.228153 0.905567
1642515402.375517 1.054330 0.195944 -0.297443 -0.029115 0.334953 0.268484 0.902704
1642515402.575517 0.999728 0.201452 -0.294105 -0.022867 0.298460 0.314693 0.900759
1642515402.675516 0.959005 0.207798 -0.291137 -0.024797 0.265664 0.323622 0.907787
1642515402.775516 0.906008 0.216895 -0.280259 -0.040605 0.234853 0.315975 0.918344
1642515402.875516 0.844615 0.220393 -0.270480 -0.059611 0.201006 0.298258 0.931174
1642515402.975516 0.779816 0.221006 -0.269578 -0.072839 0.160898 0.273662 0.945471
1642515403.175516 0.648023 0.218237 -0.280064 -0.079777 0.089191 0.215524 0.969139
1642515403.275516 0.587118 0.208028 -0.296611 -0.072616 0.061149 0.183475 0.978430
1642515403.375516 0.547957 0.204786 -0.319653 -0.057668 0.034032 0.152697 0.986002
1642515403.475516 0.511881 0.191693 -0.340040 -0.046917 0.017208 0.125650 0.990815
1642515403.575516 0.489959 0.185991 -0.355714 -0.035211 0.012656 0.103063 0.993971
1642515403.675515 0.481634 0.180024 -0.370443 -0.027724 0.012805 0.090677 0.995412
1642515403.775516 0.493234 0.184440 -0.376074 -0.019852 0.018825 0.088003 0.995744
1642515403.975517 0.555082 0.194968 -0.398361 -0.011712 0.048078 0.113568 0.992297
1642515404.075515 0.596209 0.192735 -0.409624 -0.013096 0.077712 0.132182 0.988088
1642515404.175515 0.645430 0.202654 -0.419217 -0.009397 0.104865 0.144537 0.983882
1642515404.275515 0.700492 0.219754 -0.433710 -0.004266 0.141122 0.156532 0.977530
1642515404.375515 0.757225 0.237922 -0.450187 0.002544 0.179839 0.171204 0.968680
1642515404.475515 0.816888 0.254796 -0.472815 0.006821 0.216703 0.189279 0.957688
1642515404.575515 0.872939 0.280002 -0.494336 0.009600 0.252158 0.203143 0.946075
1642515404.775514 0.968223 0.324647 -0.541781 0.002270 0.315489 0.218889 0.923336
1642515404.875514 1.010138 0.349160 -0.560755 -0.009299 0.348338 0.222607 0.910506
1642515404.975514 1.046883 0.368606 -0.579355 -0.024051 0.382020 0.225695 0.895848
1642515405.075514 1.082126 0.386418 -0.598027 -0.033951 0.420974 0.224409 0.878219
1642515405.175514 1.106234 0.392593 -0.621674 -0.041196 0.455419 0.224832 0.860434
1642515405.275514 1.125915 0.398297 -0.638118 -0.041805 0.484458 0.221815 0.845193
1642515405.475514 1.147776 0.382115 -0.667632 -0.034025 0.523993 0.210971 0.824479
1642515405.575514 1.146361 0.367367 -0.670628 -0.022353 0.529323 0.200699 0.824037
1642515405.675515 1.143110 0.348057 -0.674231 -0.012011 0.535052 0.181199 0.825071
1642515405.775514 1.125244 0.328461 -0.661048 -0.000216 0.534532 0.154914 0.830829
1642515405.875513 1.105002 0.316487 -0.653008 0.014413 0.524109 0.129304 0.841655
1642515405.975513 1.071697 0.290685 -0.621710 0.023219 0.511648 0.107442 0.852135
1642515406.175513 0.998329 0.252513 -0.562713 0.027219 0.460193 0.073388 0.884362
1642515406.275513 0.957673 0.243404 -0.522082 0.019904 0.430106 0.060796 0.900509
1642515406.375513 0.914360 0.237464 -0.477791 0.009537 0.393761 0.054189 0.917565
1642515406.475513 0.870853 0.234704 -0.439557 -0.003433 0.352747 0.049178 0.934419
1642515406.575513 0.829570 0.232358 -0.405113 -0.019490 0.318546 0.046875 0.946547
1642515406.675513 0.785307 0.229769 -0.376318 -0.038512 0.282758 0.044538 0.957383
1642515406.775513 0.740855 0.235849 -0.345338 -0.059251 0.253053 0.039473 0.964829
1642515406.975512 0.650867 0.241198 -0.303934 -0.091364 0.180269 0.036209 0.978695
1642515407.075512 0.603547 0.234115 -0.293885 -0.095846 0.140598 0.031918 0.984899
1642515407.475512 0.483877 0.192531 -0.328225 -0.031632 0.051319 -0.015630 0.998059
1642515407.575512 0.482985 0.179493 -0.343062 -0.012734 0.054112 -0.015780 0.998329
1642515407.675512 0.494646 0.173646 -0.359386 0.004100 0.055364 -0.019798 0.998262
1642515407.875511 0.531699 0.171672 -0.376532 0.021766 0.094027 -0.024888 0.995021
1642515407.975511 0.555466 0.171713 -0.380573 0.023615 0.114840 -0.021147 0.992878
1642515408.075511 0.579370 0.176976 -0.382571 0.021868 0.133975 -0.011612 0.990675
1642515408.175512 0.602608 0.175660 -0.379930 0.013862 0.148005 0.001162 0.988889
1642515408.275511 0.624299 0.178482 -0.373286 0.004479 0.161312 0.010975 0.986832
1642515408.475514 0.654197 0.179947 -0.362682 -0.008946 0.191209 0.020079 0.981303
1642515408.575511 0.669743 0.186193 -0.358604 -0.015413 0.199062 0.023487 0.979584
1642515408.675513 0.680783 0.187120 -0.355372 -0.022362 0.201658 0.027460 0.978816
1642515408.775513 0.683471 0.188321 -0.352385 -0.027367 0.202584 0.031080 0.978389
1642515408.875514 0.691681 0.190176 -0.350003 -0.031762 0.200580 0.033054 0.978604
1642515408.975513 0.692087 0.193103 -0.345603 -0.035198 0.198393 0.031724 0.978976
1642515409.075511 0.694440 0.198392 -0.342760 -0.035752 0.195966 0.028998 0.979530
1642515409.175550 0.692225 0.200207 -0.338034 -0.037708 0.195358 0.026995 0.979635
1642515409.275514 0.690601 0.193543 -0.339681 -0.040978 0.194858 0.026230 0.979624
1642515409.375526 0.690902 0.188474 -0.342243 -0.041517 0.194329 0.026028 0.979712
1642515409.475536 0.696383 0.189451 -0.344902 -0.039980 0.193744 0.025265 0.979911
1642515409.575550 0.702293 0.188892 -0.344182 -0.040572 0.193646 0.025518 0.979900
1642515409.675538 0.692107 0.187789 -0.344452 -0.041088 0.197245 0.027000 0.979121
