36917.138284000 616.77618 -1664.97742 227.25845 -0.02840 -0.08539 -0.85298 0.51413
36917.340004000 616.35968 -1665.74133 227.38011 -0.02828 -0.08552 -0.85321 0.51372
36917.541724000 615.92908 -1666.54138 227.50467 -0.02850 -0.08584 -0.85335 0.51344
36917.743444000 615.47400 -1667.38538 227.63657 -0.02880 -0.08598 -0.85345 0.51323
36917.945163000 614.99701 -1668.27234 227.77745 -0.02874 -0.08576 -0.85365 0.51294
36918.146883000 614.52313 -1669.16370 227.91173 -0.02946 -0.08558 -0.85405 0.51226
36918.348603000 614.01892 -1670.09290 228.06615 -0.03020 -0.08516 -0.85439 0.51171
36918.550323000 613.47705 -1671.07117 228.21822 -0.02893 -0.08513 -0.85496 0.51084
36918.752043000 612.90717 -1672.09949 228.38847 -0.02773 -0.08460 -0.85560 0.50992
36918.953763000 612.32166 -1673.15808 228.54538 -0.02805 -0.08497 -0.85611 0.50899
36919.155482000 611.70044 -1674.26868 228.70479 -0.02842 -0.08540 -0.85634 0.50850
36919.357202000 611.04395 -1675.41846 228.90353 -0.02763 -0.08487 -0.85678 0.50791
36919.558922000 610.40753 -1676.56274 229.09558 -0.02763 -0.08462 -0.85732 0.50703
36919.760642000 609.74390 -1677.73071 229.27702 -0.02761 -0.08470 -0.85775 0.50630
36919.962363000 609.07404 -1678.91516 229.45677 -0.02776 -0.08444 -0.85837 0.50527
36920.164083000 608.39606 -1680.10461 229.63464 -0.02796 -0.08455 -0.85910 0.50400
36920.365802000 607.69476 -1681.33789 229.82739 -0.02676 -0.08396 -0.86019 0.50230
36920.567522000 606.97772 -1682.56201 230.02910 -0.02552 -0.08367 -0.86140 0.50034
36920.769242000 606.24420 -1683.80408 230.20253 0.02619 0.08428 0.86313 -0.49721
36920.970962000 605.47272 -1685.07825 230.39748 0.02569 0.08448 0.86546 -0.49314
36921.172682000 604.69543 -1686.33215 230.59770 0.02615 0.08502 0.86788 -0.48875
36921.374402000 603.88361 -1687.62048 230.77985 0.02667 0.08579 0.87023 -0.48438
36921.576121000 603.03674 -1688.94348 230.99208 0.02548 0.08463 0.87266 -0.48026
36921.777841000 602.17505 -1690.25464 231.19357 0.02537 0.08493 0.87480 -0.47631
36921.979561000 601.29095 -1691.57959 231.40884 0.02461 0.08436 0.87666 -0.47302
36922.181281000 600.40912 -1692.90674 231.60364 0.02714 0.08497 0.87815 -0.47000
36922.383001000 599.49127 -1694.25989 231.80736 0.02733 0.08455 0.87930 -0.46791
36922.584721000 598.55402 -1695.63049 232.02324 0.02506 0.08345 0.88032 -0.46632
36922.786440000 597.59357 -1697.00525 232.24826 0.02299 0.08196 0.88100 -0.46539
36922.988160000 596.63129 -1698.39270 232.46349 0.02080 0.08081 0.88121 -0.46529
36923.189880000 595.67700 -1699.78113 232.64928 0.02223 0.08123 0.88122 -0.46515
36923.391600000 594.70947 -1701.19080 232.86595 0.02895 0.08439 0.88054 -0.46549
36923.593320000 593.71466 -1702.64551 233.06839 0.02747 0.08200 0.88020 -0.46666
36923.795040000 592.70227 -1704.09717 233.31201 0.02491 0.08028 0.88004 -0.46740
36923.996760000 591.71893 -1705.55371 233.53404 0.03025 0.08396 0.87878 -0.46880
36924.198479000 590.69830 -1707.06897 233.77074 0.03019 0.08305 0.87718 -0.47196
36924.400199000 589.68451 -1708.62463 234.03177 0.02834 0.08057 0.87553 -0.47555
36924.601919000 588.66528 -1710.18262 234.26822 0.02815 0.08090 0.87294 -0.48025
36924.803639000 587.66089 -1711.77429 234.52544 0.03155 0.08321 0.86947 -0.48590
36925.005359000 586.66199 -1713.41138 234.78427 0.03148 0.08234 0.86664 -0.49108
36925.207079000 585.66150 -1715.04321 235.05463 0.03296 0.08435 0.86366 -0.49588
36925.408798000 584.62750 -1716.73059 235.34186 0.03028 0.08461 0.86226 -0.49843
36925.610518000 583.60828 -1718.46667 235.61671 -0.02895 -0.08709 -0.86099 0.50027
36925.812238000 582.59698 -1720.19348 235.90366 -0.02995 -0.09025 -0.85955 0.50213
36926.013958000 581.59235 -1721.96313 236.20274 -0.03048 -0.09025 -0.85804 0.50468
36926.215678000 580.59607 -1723.77307 236.50394 -0.03110 -0.08898 -0.85680 0.50696
36926.417398000 579.59296 -1725.60620 236.80386 -0.03228 -0.08705 -0.85569 0.50909
36926.619117000 578.58917 -1727.44653 237.14319 -0.03384 -0.08463 -0.85472 0.51102
36926.820837000 577.58661 -1729.30908 237.45743 -0.03574 -0.08210 -0.85360 0.51318
36927.022557000 576.57660 -1731.22803 237.77969 -0.03667 -0.07873 -0.85319 0.51432
36927.224277000 575.55383 -1733.13733 238.09097 -0.03655 -0.07760 -0.85317 0.51454
36927.425997000 574.52179 -1735.06360 238.39401 -0.03675 -0.07613 -0.85319 0.51470
36927.627717000 573.48840 -1737.00525 238.69585 -0.03777 -0.07565 -0.85293 0.51513
36927.829436000 572.45520 -1738.95752 239.04054 -0.03806 -0.07420 -0.85258 0.51590
36928.031156000 571.42072 -1740.92310 239.34186 -0.03813 -0.07414 -0.85192 0.51699
36928.232876000 570.37567 -1742.90540 239.69379 -0.03828 -0.07496 -0.85129 0.51790
36928.434596000 569.32800 -1744.89807 240.02823 -0.03803 -0.07479 -0.85100 0.51842
36928.636316000 568.28094 -1746.90234 240.35609 -0.03821 -0.07490 -0.85082 0.51868
36928.838036000 567.23322 -1748.93298 240.71497 -0.03904 -0.07526 -0.85079 0.51863
36929.039756000 566.18036 -1750.88660 241.04065 -0.03915 -0.07548 -0.85135 0.51766
36929.241476000 565.14758 -1752.87305 241.39453 -0.03897 -0.07467 -0.85145 0.51762
36929.443196000 564.11755 -1754.82642 241.73328 -0.03884 -0.07401 -0.85148 0.51768
36929.644916000 563.08661 -1756.78992 242.05754 -0.03889 -0.07389 -0.85160 0.51750
36929.846636000 562.06952 -1758.72046 242.36771 -0.03957 -0.07423 -0.85144 0.51767
36930.048356000 561.05609 -1760.64014 242.68445 -0.03994 -0.07437 -0.85137 0.51772
36930.250075000 560.05743 -1762.54053 243.01526 -0.04034 -0.07429 -0.85135 0.51773
36930.451795000 559.05823 -1764.44531 243.35461 -0.04048 -0.07377 -0.85133 0.51784
36930.653515000 558.07800 -1766.33044 243.68033 -0.04078 -0.07329 -0.85127 0.51798
36930.855235000 557.08643 -1768.20374 244.00249 -0.04164 -0.07333 -0.85156 0.51744
36931.056955000 556.09100 -1770.09778 244.33345 -0.04127 -0.07265 -0.85161 0.51748
36931.258675000 555.11127 -1771.96863 244.65868 -0.04227 -0.07268 -0.85162 0.51738
36931.460395000 554.12701 -1773.85107 244.98242 -0.04237 -0.07206 -0.85162 0.51746
36931.662114000 553.12714 -1775.76465 245.32149 -0.04251 -0.07147 -0.85140 0.51789
36931.863834000 552.13721 -1777.66846 245.64035 -0.04414 -0.07201 -0.85097 0.51837
36932.065554000 551.11224 -1779.62378 245.98358 -0.04450 -0.07196 -0.85081 0.51862
36932.267274000 550.07941 -1781.60938 246.31334 -0.04450 -0.07209 -0.85043 0.51922
36932.468994000 549.04089 -1783.61011 246.66660 -0.04496 -0.07165 -0.85019 0.51964
36932.670714000 547.99402 -1785.63538 247.02380 -0.04440 -0.07073 -0.85004 0.52006
36932.872433000 546.94269 -1787.66858 247.40504 -0.04604 -0.07006 -0.84980 0.52040
36933.074153000 545.89941 -1789.70508 247.76384 -0.04771 -0.06967 -0.84942 0.52093
36933.275873000 544.83795 -1791.77539 248.13889 -0.04791 -0.06931 -0.84892 0.52176
36933.477593000 543.77979 -1793.86096 248.51100 -0.04850 -0.06948 -0.84777 0.52356
36933.679313000 542.74396 -1795.96106 248.87909 -0.04997 -0.06883 -0.84637 0.52576
36933.881033000 541.68793 -1798.11658 249.24600 -0.05012 -0.06683 -0.84526 0.52779
36934.082752000 540.63318 -1800.27466 249.62140 -0.05009 -0.06577 -0.84435 0.52938
36934.284472000 539.58105 -1802.44104 250.00633 -0.05313 -0.06701 -0.84354 0.53022
36934.486192000 538.50391 -1804.68188 250.38615 -0.05403 -0.06707 -0.84315 0.53074
36934.687912000 537.41064 -1806.95410 250.79062 -0.05417 -0.06679 -0.84294 0.53110
36934.889632000 536.27722 -1809.29224 251.21346 -0.05507 -0.06660 -0.84277 0.53128
36935.091352000 535.12561 -1811.68469 251.65129 -0.05264 -0.06662 -0.84251 0.53195
36935.293071000 533.96143 -1814.11145 252.08078 -0.05197 -0.06609 -0.84216 0.53263
36935.494791000 532.78778 -1816.55505 252.51486 -0.05213 -0.06729 -0.84173 0.53315
36935.696511000 531.62128 -1819.01843 252.94542 -0.05103 -0.06797 -0.84101 0.53430
36935.898231000 530.45636 -1821.51648 253.40050 -0.05200 -0.06697 -0.83992 0.53604
36936.099951000 529.30261 -1824.03284 253.84331 -0.05273 -0.06482 -0.83886 0.53789
36936.301671000 528.14264 -1826.54663 254.30150 -0.05321 -0.06383 -0.83748 0.54011
36936.503390000 527.00104 -1829.04272 254.75206 -0.05103 -0.06622 -0.83581 0.54262
36936.705110000 525.87665 -1831.55139 255.21771 -0.05057 -0.06759 -0.83395 0.54535
36936.906830000 524.76971 -1834.08960 255.67386 -0.05096 -0.06638 -0.83255 0.54760
36937.108550000 523.68750 -1836.60742 256.12579 -0.05140 -0.06573 -0.83133 0.54947
36937.310270000 522.59760 -1839.14648 256.58340 -0.05151 -0.06611 -0.83055 0.55060
36937.511990000 521.50446 -1841.70300 257.04565 -0.05123 -0.06685 -0.82998 0.55139
36937.713710000 520.42352 -1844.25037 257.49692 -0.05151 -0.06792 -0.82964 0.55175
36937.915429000 519.35931 -1846.82507 257.95792 -0.05312 -0.06670 -0.82965 0.55174
36938.117149000 518.30164 -1849.41370 258.42398 -0.05472 -0.06189 -0.83021 0.55129
36938.318869000 517.22357 -1851.98303 258.87292 -0.05671 -0.06014 -0.83095 0.55017
36938.520589000 516.15631 -1854.52991 259.33264 -0.05889 -0.05885 -0.83268 0.54746
36938.722309000 515.05304 -1857.07397 259.83237 -0.05915 -0.05660 -0.83500 0.54413
36938.924029000 513.90863 -1859.62036 260.26437 -0.05398 -0.05848 -0.83727 0.54097
36939.125748000 512.73914 -1862.13184 260.70206 -0.05309 -0.06418 -0.83885 0.53796
36939.327468000 511.56693 -1864.63513 261.17697 -0.05370 -0.06362 -0.84034 0.53563
36939.529188000 510.39917 -1867.11230 261.63000 -0.05266 -0.06270 -0.84172 0.53368
36939.730908000 509.21884 -1869.55676 262.07886 -0.04905 -0.06490 -0.84267 0.53225
36939.932628000 508.03922 -1871.96985 262.49710 -0.04755 -0.06685 -0.84380 0.53035
36940.134349000 506.89011 -1874.33716 262.91699 -0.04827 -0.06612 -0.84496 0.52852
36940.336068000 505.73880 -1876.66467 263.34311 -0.05098 -0.06603 -0.84597 0.52667
36940.537788000 504.58878 -1878.97803 263.77966 -0.05255 -0.06658 -0.84708 0.52465
36940.739508000 503.45013 -1881.24048 264.19986 -0.05388 -0.06659 -0.84807 0.52292
36940.941228000 502.29407 -1883.51709 264.63919 -0.05489 -0.06456 -0.84930 0.52106
36941.142948000 501.12949 -1885.77856 265.07724 -0.05504 -0.06377 -0.85039 0.51936
36941.344668000 499.95837 -1888.02698 265.50177 -0.05582 -0.06426 -0.85138 0.51760
36941.546387000 498.78568 -1890.23828 265.91977 -0.05781 -0.06537 -0.85238 0.51558
36941.748107000 497.59332 -1892.46973 266.35794 -0.05336 -0.06397 -0.85383 0.51384
36941.949827000 496.39838 -1894.70093 266.76904 -0.05152 -0.06372 -0.85499 0.51212
36942.151547000 495.20285 -1896.89380 267.15631 -0.05291 -0.06496 -0.85604 0.51008
36942.353267000 493.99570 -1899.07874 267.56042 -0.05392 -0.06637 -0.85714 0.50794
36942.554987000 492.77689 -1901.25891 267.98401 -0.05458 -0.06715 -0.85873 0.50506
36942.756707000 491.56232 -1903.40564 268.39981 -0.05510 -0.06738 -0.86029 0.50233
36942.958426000 490.32294 -1905.56018 268.82629 0.05480 0.06813 0.86181 -0.49965
36943.160146000 489.07599 -1907.68970 269.24704 0.05406 0.06888 0.86323 -0.49716
36943.361866000 487.82397 -1909.79895 269.66251 0.05383 0.07030 0.86446 -0.49484
36943.563586000 486.55814 -1911.91638 270.08316 0.05408 0.07103 0.86570 -0.49253
36943.765306000 485.28540 -1914.02710 270.50232 0.05217 0.06942 0.86711 -0.49048
36943.967026000 484.00430 -1916.12134 270.90097 0.05210 0.06892 0.86836 -0.48835
36944.168745000 482.71606 -1918.22070 271.31458 0.05193 0.06841 0.86948 -0.48645
36944.370465000 481.41226 -1920.30396 271.70901 0.05133 0.06936 0.87056 -0.48444
36944.572185000 480.09094 -1922.40613 272.10870 0.05004 0.06859 0.87185 -0.48236
36944.773905000 478.77219 -1924.49597 272.51416 0.05046 0.06783 0.87309 -0.48016
36944.975625000 477.42636 -1926.58997 272.90427 0.05190 0.06873 0.87428 -0.47773
36945.177345000 476.06134 -1928.67212 273.31699 0.05249 0.06931 0.87549 -0.47534
36945.379064000 474.68063 -1930.75220 273.72256 0.05467 0.07115 0.87668 -0.47262
36945.580784000 473.29080 -1932.84021 274.14609 0.05488 0.07090 0.87807 -0.47006
36945.782504000 471.88760 -1934.90503 274.56693 0.05550 0.07152 0.87944 -0.46731
36945.984224000 470.46704 -1936.97363 274.98624 0.05402 0.07119 0.88099 -0.46461
36946.185944000 469.02435 -1939.02063 275.40051 0.05356 0.07205 0.88236 -0.46194
36946.387664000 467.57825 -1941.06555 275.83234 0.05065 0.07109 0.88385 -0.45954
36946.589383000 466.12106 -1943.11414 276.22824 0.05066 0.07052 0.88507 -0.45728
36946.791103000 464.66473 -1945.14771 276.63177 0.04934 0.06974 0.88627 -0.45521
36946.992823000 463.19034 -1947.16687 277.01733 0.04687 0.06923 0.88716 -0.45383
36947.194543000 461.69580 -1949.22083 277.40222 0.04495 0.06802 0.88770 -0.45314
36947.396263000 460.21747 -1951.25977 277.78433 0.04401 0.06712 0.88796 -0.45285
36947.597983000 458.74228 -1953.29712 278.15091 0.04370 0.06576 0.88801 -0.45300
36947.799703000 457.27893 -1955.32605 278.51132 0.04400 0.06152 0.88847 -0.45266
36948.001422000 455.78882 -1957.36414 278.85236 0.04382 0.05528 0.88916 -0.45213
36948.203142000 454.28894 -1959.40723 279.18753 0.04539 0.05339 0.88988 -0.45078
36948.404862000 452.76804 -1961.47375 279.53030 0.04444 0.05003 0.89074 -0.44957
36948.606582000 451.24231 -1963.53979 279.86536 0.04349 0.04651 0.89181 -0.44790
36948.808302000 449.66528 -1965.62463 280.17813 0.04270 0.04415 0.89258 -0.44668
36949.010022000 448.09790 -1967.70496 280.51120 0.04174 0.04335 0.89339 -0.44523
36949.211741000 446.52356 -1969.79297 280.79898 0.04061 0.04387 0.89384 -0.44438
36949.413461000 444.96851 -1971.85303 281.10663 0.04074 0.04147 0.89425 -0.44377
36949.615181000 443.41147 -1973.90076 281.37683 0.03947 0.03949 0.89444 -0.44369
36949.816901000 441.86652 -1975.94287 281.67578 0.03911 0.03934 0.89448 -0.44365
36950.018621000 440.31287 -1978.00024 281.97888 0.04023 0.03928 0.89448 -0.44355
36950.220341000 438.77139 -1980.04688 282.28568 0.04046 0.03653 0.89491 -0.44291
36950.422060000 437.21970 -1982.07397 282.55515 0.04199 0.03778 0.89456 -0.44336
36950.623780000 435.68655 -1984.12561 282.82104 0.04161 0.03739 0.89434 -0.44387
36950.825500000 434.12280 -1986.22241 283.11642 0.04190 0.03643 0.89425 -0.44411
36951.027220000 432.64267 -1988.18396 283.40488 0.04362 0.03610 0.89366 -0.44515
36951.228940000 431.13657 -1990.19019 283.71451 0.04530 0.03353 0.89321 -0.44610
36951.430660000 429.62109 -1992.22876 284.03030 0.04605 0.03090 0.89281 -0.44701
36951.632380000 428.11008 -1994.26172 284.33505 0.04644 0.02999 0.89211 -0.44843
36951.834099000 426.61646 -1996.26843 284.65204 0.04640 0.02928 0.89153 -0.44963
36952.035819000 425.08499 -1998.35791 284.95459 0.04670 0.02757 0.89081 -0.45113
36952.237539000 423.53799 -2000.49768 285.23456 0.04809 0.02553 0.88989 -0.45292
36952.439259000 422.07071 -2002.54553 285.54193 0.04892 0.02552 0.88866 -0.45523
36952.640979000 420.51413 -2004.74060 285.85339 0.04850 0.02736 0.88704 -0.45832
36952.842699000 419.04257 -2006.85059 286.16824 0.05161 0.02636 0.88523 -0.46153
36953.044419000 417.61981 -2008.93787 286.46466 0.05253 0.02504 0.88322 -0.46534
36953.246138000 416.22012 -2011.02319 286.77579 0.05221 0.02487 0.88124 -0.46912
36953.447858000 414.82327 -2013.13599 287.06683 0.04995 0.02682 0.87944 -0.47263
36953.649578000 413.44705 -2015.24683 287.36258 0.05043 0.02858 0.87745 -0.47615
36953.851298000 412.08340 -2017.38892 287.67673 0.05153 0.02861 0.87520 -0.48015
36954.053018000 410.51920 -2019.89148 288.05817 0.05459 0.02886 0.87292 -0.48393
36954.254738000 409.19455 -2022.06519 288.38345 0.05584 0.02869 0.87089 -0.48745
36954.456458000 407.73663 -2024.49829 288.74686 0.05911 0.02814 0.86854 -0.49127
36954.658177000 406.30530 -2026.93811 289.14639 0.06122 0.02689 0.86650 -0.49468
36954.859897000 404.92157 -2029.32263 289.53476 0.06105 0.02761 0.86470 -0.49781
36955.061617000 403.49304 -2031.81250 289.93250 -0.05883 -0.03036 -0.86294 0.50096
36955.263337000 402.17838 -2034.16162 290.31323 -0.06102 -0.02967 -0.86122 0.50369
36955.465057000 402.19733 -2034.17615 290.28763 -0.06224 -0.03034 -0.86133 0.50331
36955.666777000 402.21701 -2034.18799 290.28787 -0.06065 -0.02775 -0.86160 0.50320
36955.868497000 402.32977 -2034.03748 290.25684 -0.06231 -0.02899 -0.86176 0.50265
36956.070216000 402.12061 -2034.43958 290.32239 -0.06229 -0.02894 -0.86166 0.50282
36956.271936000 402.83456 -2033.22070 290.12778 -0.06029 -0.02786 -0.86299 0.50083
36956.473656000 402.56293 -2033.71387 290.20718 -0.06074 -0.02849 -0.86307 0.50061
36956.675376000 403.31595 -2032.41687 289.98285 0.05986 0.02738 0.86460 -0.49813
36956.877096000 402.98395 -2032.99841 290.06595 0.06101 0.02854 0.86452 -0.49806
36957.078816000 403.71045 -2031.71899 289.86487 0.06122 0.02917 0.86574 -0.49589
36957.280536000 403.37399 -2032.28064 289.95905 0.06093 0.02898 0.86557 -0.49622
36957.482255000 404.11206 -2031.00525 289.77274 0.06040 0.02818 0.86683 -0.49413
36957.683975000 403.86954 -2031.42688 289.81821 0.06147 0.02601 0.86683 -0.49411
36957.885695000 404.50763 -2030.33459 289.63940 0.06195 0.02476 0.86806 -0.49195
36958.087313000 405.25375 -2028.98853 289.42883 0.06026 0.02699 0.86897 -0.49045
36958.289033000 404.93509 -2029.47168 289.51245 0.05957 0.02807 0.86850 -0.49130
