36739.019651000 613.68488 -843.59717 99.66113 -0.01460 -0.07967 -0.57273 0.81573
36739.221371000 613.78546 -843.88800 99.70336 -0.01528 -0.08012 -0.57374 0.81496
36739.423091000 613.92285 -844.29547 99.76674 -0.01549 -0.08039 -0.57484 0.81416
36739.624811000 614.09351 -844.79315 99.83868 -0.01437 -0.07946 -0.57630 0.81324
36739.826531000 614.27448 -845.33020 99.91798 -0.01380 -0.07871 -0.57766 0.81236
36740.028251000 614.47473 -845.91486 100.00217 -0.01422 -0.07878 -0.57921 0.81124
36740.229971000 614.68036 -846.54926 100.09848 -0.01385 -0.07909 -0.58054 0.81026
36740.431691000 614.89392 -847.21869 100.19408 -0.01425 -0.07983 -0.58142 0.80955
36740.633411000 615.13586 -847.95587 100.29771 -0.01455 -0.08069 -0.58162 0.80932
36740.835131000 615.40906 -848.74762 100.42379 -0.01512 -0.08072 -0.58168 0.80926
36741.036851000 615.70886 -849.64325 100.56644 -0.01507 -0.07991 -0.58193 0.80916
36741.238570000 616.02881 -850.61108 100.71065 -0.01554 -0.08008 -0.58218 0.80896
36741.440290000 616.37616 -851.62537 100.86817 -0.01584 -0.07956 -0.58197 0.80916
36741.642010000 616.73633 -852.69958 101.02334 -0.01611 -0.07962 -0.58213 0.80903
36741.843730000 617.12024 -853.84271 101.19839 -0.01611 -0.07891 -0.58219 0.80905
36742.045450000 617.51367 -855.03235 101.37585 -0.01571 -0.07850 -0.58270 0.80873
36742.247170000 617.91962 -856.26373 101.56778 -0.01560 -0.07713 -0.58440 0.80764
36742.448889000 618.32690 -857.54004 101.75398 -0.01457 -0.07583 -0.58613 0.80653
36742.650609000 618.75751 -858.85516 101.92725 -0.01427 -0.07497 -0.58878 0.80468
36742.852329000 619.17596 -860.19177 102.14133 -0.01522 -0.07410 -0.59048 0.80350
36743.054049000 619.58734 -861.58374 102.30464 -0.01623 -0.07455 -0.59354 0.80118
36743.255769000 620.04730 -863.04767 102.53062 -0.01734 -0.07374 -0.59619 0.79926
36743.457489000 620.46204 -864.54865 102.74757 -0.01640 -0.07311 -0.59944 0.79690
36743.659209000 620.90442 -866.09576 102.97013 -0.01772 -0.07211 -0.60302 0.79426
36743.860928000 621.31909 -867.69153 103.19038 -0.01787 -0.07129 -0.60735 0.79102
36744.062648000 621.75629 -869.28284 103.40327 -0.02429 -0.07017 -0.61182 0.78750
36744.264368000 622.15906 -870.92706 103.64655 -0.02895 -0.06671 -0.61657 0.78393
36744.466088000 622.56787 -872.60211 103.89302 -0.03312 -0.06328 -0.62087 0.78066
36744.667808000 622.93744 -874.31049 104.13603 -0.03018 -0.06214 -0.62526 0.77735
36744.869528000 623.29718 -876.03400 104.37325 -0.02942 -0.06296 -0.62961 0.77380
36745.071247000 623.63287 -877.80780 104.59650 -0.02719 -0.06301 -0.63386 0.77040
36745.272967000 623.98242 -879.63416 104.85452 -0.02611 -0.06209 -0.63744 0.76755
36745.474687000 624.30280 -881.49329 105.07669 -0.02540 -0.06326 -0.64099 0.76451
36745.676407000 624.62250 -883.42102 105.32116 -0.02035 -0.06033 -0.64404 0.76234
36745.878127000 624.94617 -885.38239 105.56841 -0.01988 -0.06042 -0.64661 0.76017
36746.079847000 625.22577 -887.38550 105.79565 -0.01886 -0.06121 -0.64948 0.75767
36746.281566000 625.49561 -889.42194 106.06127 -0.01757 -0.06312 -0.65221 0.75520
36746.483286000 625.82867 -891.50909 106.26479 -0.00917 -0.07096 -0.65396 0.75313
36746.685006000 626.07611 -893.63574 106.53020 -0.00604 -0.07248 -0.65571 0.75150
36746.886726000 626.33240 -895.79077 106.80503 -0.00623 -0.07681 -0.65685 0.75007
36747.088447000 626.59662 -897.97394 107.07822 -0.00674 -0.07825 -0.65780 0.74908
36747.290167000 626.87781 -900.19116 107.36156 -0.00763 -0.07853 -0.65881 0.74816
36747.491886000 627.14001 -902.43408 107.64280 -0.00746 -0.07910 -0.65941 0.74758
36747.693606000 627.41907 -904.71619 107.93440 -0.00699 -0.07891 -0.65908 0.74789
36747.895326000 627.70282 -907.00647 108.22117 -0.00739 -0.07932 -0.65869 0.74818
36748.097046000 627.99323 -909.32373 108.52371 -0.00778 -0.07936 -0.65841 0.74842
36748.298766000 628.27869 -911.67236 108.83829 -0.00816 -0.07839 -0.65855 0.74840
36748.500485000 628.57739 -914.04132 109.14050 -0.00801 -0.07744 -0.65871 0.74836
36748.702205000 628.87390 -916.43903 109.44862 -0.00900 -0.07704 -0.65901 0.74813
36748.903925000 629.16620 -918.84534 109.76916 -0.00950 -0.07647 -0.65913 0.74807
36749.105645000 629.47296 -921.25800 110.08344 -0.00947 -0.07499 -0.65902 0.74832
36749.307365000 629.77161 -923.65417 110.39281 -0.01040 -0.07513 -0.65891 0.74839
36749.509085000 630.05457 -926.07062 110.71321 -0.01001 -0.07505 -0.65882 0.74849
36749.710804000 630.35052 -928.47919 111.02998 -0.01035 -0.07522 -0.65883 0.74845
36749.912524000 630.64624 -930.89343 111.34248 -0.01083 -0.07549 -0.65890 0.74835
36750.114244000 630.93817 -933.30554 111.66109 -0.00977 -0.07668 -0.65861 0.74850
36750.315964000 631.22449 -935.72009 111.98061 -0.00836 -0.07723 -0.65763 0.74932
36750.517684000 631.53223 -938.13477 112.28872 -0.00852 -0.07920 -0.65646 0.75015
36750.719403000 631.84198 -940.57440 112.62753 -0.00806 -0.07940 -0.65496 0.75144
36750.921123000 632.16803 -942.98169 112.94964 -0.00681 -0.07940 -0.65369 0.75255
36751.122843000 632.50739 -945.41498 113.26749 -0.00767 -0.07969 -0.65344 0.75273
36751.324563000 632.84149 -947.80524 113.59595 -0.00916 -0.07941 -0.65310 0.75304
36751.526283000 633.18262 -950.22693 113.93233 -0.01040 -0.07858 -0.65262 0.75352
36751.728003000 633.53833 -952.66443 114.26694 -0.01188 -0.07760 -0.65194 0.75420
36751.929722000 633.89349 -955.08234 114.60535 -0.01344 -0.07792 -0.65150 0.75452
36752.131443000 634.24335 -957.53156 114.95589 -0.01197 -0.07622 -0.65132 0.75487
36752.333163000 634.60236 -959.99805 115.27935 -0.01272 -0.07595 -0.65105 0.75512
36752.534883000 634.95966 -962.41785 115.60522 -0.01414 -0.07642 -0.65076 0.75529
36752.736603000 635.32520 -964.82513 115.94847 -0.01596 -0.07614 -0.65029 0.75569
36752.938322000 635.69275 -967.24664 116.29813 -0.01682 -0.07607 -0.64957 0.75630
36753.140042000 636.05487 -969.66241 116.63965 -0.01715 -0.07512 -0.64910 0.75679
36753.341762000 636.42010 -972.06750 116.99436 -0.01701 -0.07477 -0.64856 0.75729
36753.543482000 636.78351 -974.46405 117.33678 -0.01695 -0.07450 -0.64928 0.75670
36753.745202000 637.13049 -976.82910 117.66004 -0.01695 -0.07552 -0.65132 0.75485
36753.946921000 637.46161 -979.18219 117.99815 -0.01836 -0.07646 -0.65347 0.75286
36754.148641000 637.77753 -981.53522 118.34107 -0.01926 -0.07728 -0.65608 0.75047
36754.350361000 638.06561 -983.88641 118.69572 -0.01967 -0.08022 -0.65838 0.74814
36754.552081000 638.34369 -986.24664 119.05027 -0.01631 -0.08004 -0.66040 0.74646
36754.753801000 638.61249 -988.61469 119.39438 -0.01444 -0.08033 -0.66255 0.74456
36754.955521000 638.86890 -990.98547 119.72436 -0.01522 -0.07976 -0.66450 0.74286
36755.157240000 639.11157 -993.35339 120.07245 -0.01644 -0.07949 -0.66580 0.74170
36755.358960000 639.35809 -995.74329 120.41410 -0.01696 -0.07942 -0.66645 0.74111
36755.560680000 639.60736 -998.13739 120.75182 -0.01728 -0.07927 -0.66637 0.74119
36755.762400000 639.84863 -1000.54669 121.09947 -0.01772 -0.07865 -0.66617 0.74143
36755.964121000 640.09192 -1002.95184 121.46071 -0.01818 -0.07832 -0.66592 0.74168
36756.165840000 640.33826 -1005.37585 121.80647 -0.01841 -0.07950 -0.66548 0.74194
36756.367560000 640.58661 -1007.81854 122.17746 -0.01939 -0.08003 -0.66510 0.74220
36756.569280000 640.84491 -1010.26331 122.54212 -0.01872 -0.08011 -0.66467 0.74260
36756.771000000 641.10638 -1012.71326 122.89965 -0.01887 -0.08119 -0.66401 0.74307
36756.972720000 641.38336 -1015.19098 123.25963 -0.01939 -0.08167 -0.66344 0.74351
36757.174439000 641.66986 -1017.68097 123.63816 -0.02060 -0.08213 -0.66281 0.74398
36757.376159000 641.96063 -1020.17395 124.01825 -0.02188 -0.08216 -0.66210 0.74458
36757.577879000 642.26495 -1022.69647 124.40536 -0.02284 -0.08073 -0.66140 0.74533
36757.779599000 642.56970 -1025.21765 124.82117 -0.02356 -0.07732 -0.66100 0.74602
36757.981319000 642.89282 -1027.75854 125.17805 -0.02818 -0.07752 -0.66010 0.74664
36758.183039000 643.20062 -1030.30542 125.58473 -0.02832 -0.07478 -0.65943 0.74750
36758.384758000 643.52325 -1032.86023 125.97404 -0.02957 -0.07401 -0.65854 0.74832
36758.586478000 643.84644 -1035.43958 126.35035 -0.02388 -0.07389 -0.65800 0.74900
36758.788198000 644.15582 -1038.01013 126.74297 -0.02040 -0.07636 -0.65747 0.74932
36758.989918000 644.46796 -1040.57849 127.11606 -0.02122 -0.07847 -0.65734 0.74919
36759.191638000 644.80127 -1043.14771 127.50673 -0.02383 -0.08115 -0.65746 0.74873
36759.393357000 645.13293 -1045.75366 127.90631 -0.02343 -0.08121 -0.65727 0.74890
36759.595077000 645.46191 -1048.34839 128.30974 -0.02141 -0.07876 -0.65735 0.74915
36759.796797000 645.79095 -1050.93457 128.71799 -0.02121 -0.07940 -0.65725 0.74918
36759.998518000 646.11859 -1053.51611 129.10727 -0.02159 -0.07976 -0.65701 0.74934
36760.200238000 646.45300 -1056.11035 129.51749 -0.02282 -0.07921 -0.65685 0.74950
36760.401958000 646.78723 -1058.68115 129.91782 -0.02363 -0.07868 -0.65661 0.74974
36760.603677000 647.12036 -1061.22388 130.30234 -0.02281 -0.07858 -0.65621 0.75013
36760.805397000 647.44727 -1063.76697 130.69987 -0.02325 -0.07852 -0.65583 0.75045
36761.007117000 647.77411 -1066.29749 131.09436 -0.02334 -0.07883 -0.65541 0.75078
36761.208837000 648.10065 -1068.83582 131.49158 -0.02293 -0.07857 -0.65516 0.75105
36761.410557000 648.43500 -1071.37488 131.89574 -0.02335 -0.07876 -0.65492 0.75122
36761.612277000 648.77612 -1073.89978 132.29224 -0.02366 -0.07829 -0.65482 0.75135
36761.813996000 649.11926 -1076.41418 132.68579 -0.02509 -0.07876 -0.65464 0.75140
36762.015716000 649.47626 -1078.91345 133.08304 -0.02634 -0.07840 -0.65433 0.75167
36762.217436000 649.81934 -1081.43359 133.47226 -0.02863 -0.07832 -0.65378 0.75207
36762.419156000 650.16754 -1083.94519 133.88382 -0.02975 -0.07831 -0.65335 0.75241
36762.620876000 650.50140 -1086.48035 134.30093 -0.02753 -0.07642 -0.65354 0.75252
36762.822596000 650.84369 -1088.99768 134.67285 -0.02760 -0.07758 -0.65345 0.75248
36763.024315000 651.18958 -1091.50183 135.07671 -0.02608 -0.07749 -0.65363 0.75238
36763.226035000 651.52448 -1094.00647 135.45576 -0.02481 -0.07803 -0.65366 0.75235
36763.427755000 651.87231 -1096.49390 135.83737 -0.02546 -0.08116 -0.65357 0.75207
36763.629475000 652.21497 -1099.01196 136.25023 -0.02567 -0.08092 -0.65378 0.75191
36763.831195000 652.55811 -1101.49646 136.65593 -0.02621 -0.08111 -0.65383 0.75182
36764.032915000 652.90167 -1103.99536 137.05168 -0.02541 -0.08102 -0.65409 0.75164
36764.234634000 653.23419 -1106.49048 137.45076 -0.02699 -0.08220 -0.65423 0.75133
36764.436354000 653.57117 -1108.97900 137.87965 -0.02648 -0.08155 -0.65443 0.75124
36764.638074000 653.90466 -1111.47498 138.27472 -0.02591 -0.08073 -0.65462 0.75119
36764.839794000 654.23688 -1113.97290 138.69293 -0.02861 -0.08142 -0.65467 0.75098
36765.041515000 654.56714 -1116.47278 139.11154 -0.02810 -0.08128 -0.65486 0.75084
36765.243235000 654.90375 -1118.97302 139.51813 -0.02849 -0.08236 -0.65482 0.75074
36765.444955000 655.23486 -1121.45532 139.93524 -0.02781 -0.08214 -0.65472 0.75088
36765.646674000 655.56396 -1123.93079 140.33948 -0.02663 -0.08286 -0.65467 0.75089
36765.848394000 655.89093 -1126.40515 140.73988 -0.02509 -0.08440 -0.65434 0.75106
36766.050114000 656.22644 -1128.88586 141.14995 -0.02444 -0.08383 -0.65412 0.75134
36766.251834000 656.56573 -1131.34766 141.55525 -0.02670 -0.08375 -0.65403 0.75135
36766.453554000 656.90753 -1133.81982 141.96423 -0.02806 -0.08363 -0.65403 0.75131
36766.655274000 657.23315 -1136.28040 142.37135 -0.02930 -0.08489 -0.65387 0.75126
36766.856993000 657.56897 -1138.77246 142.81741 -0.02948 -0.08296 -0.65426 0.75112
36767.058713000 657.90448 -1141.22424 143.23589 -0.02962 -0.08218 -0.65489 0.75066
36767.260433000 658.23535 -1143.69666 143.64009 -0.02962 -0.08160 -0.65527 0.75039
36767.462153000 658.56885 -1146.15747 144.04352 -0.03019 -0.08190 -0.65564 0.75001
36767.663873000 658.88202 -1148.61682 144.46071 -0.02993 -0.08213 -0.65604 0.74965
36767.865593000 659.18634 -1151.07629 144.88971 -0.02960 -0.08194 -0.65645 0.74932
36768.067312000 659.50507 -1153.52917 145.31267 -0.03098 -0.08236 -0.65680 0.74891
36768.269032000 659.83112 -1155.98926 145.70219 -0.03194 -0.08247 -0.65712 0.74858
36768.470752000 660.15295 -1158.44763 146.13629 -0.03363 -0.08029 -0.65828 0.74772
36768.672472000 660.46155 -1160.90564 146.54491 -0.03419 -0.07992 -0.65978 0.74641
36768.874192000 660.74609 -1163.35999 146.96770 -0.03464 -0.07961 -0.66161 0.74481
36769.075912000 661.02045 -1165.82617 147.38057 -0.03387 -0.07804 -0.66338 0.74343
36769.277631000 661.28412 -1168.27698 147.80334 -0.03387 -0.07815 -0.66445 0.74247
36769.479351000 661.56659 -1170.75574 148.19493 -0.03479 -0.07754 -0.66495 0.74204
36769.681071000 661.82684 -1173.22791 148.61563 -0.03374 -0.07672 -0.66594 0.74129
36769.882791000 662.07715 -1175.69519 149.01697 -0.03423 -0.07692 -0.66659 0.74066
36770.084511000 662.31104 -1178.17578 149.40889 -0.03363 -0.07741 -0.66866 0.73876
36770.286231000 662.52441 -1180.67676 149.83102 -0.02849 -0.07746 -0.67103 0.73682
36770.487950000 662.71533 -1183.14807 150.22766 -0.02738 -0.07926 -0.67363 0.73429
36770.689670000 662.89728 -1185.63367 150.61717 -0.02681 -0.08070 -0.67630 0.73170
36770.891390000 663.06946 -1188.14307 151.01344 -0.02581 -0.08127 -0.67900 0.72917
36771.093111000 663.23456 -1190.63843 151.40324 -0.02611 -0.08239 -0.68169 0.72651
36771.294831000 663.37659 -1193.13171 151.79456 -0.02411 -0.08107 -0.68406 0.72451
36771.496551000 663.50793 -1195.62683 152.17894 -0.02218 -0.07993 -0.68626 0.72261
36771.698270000 663.61237 -1198.13831 152.57045 -0.02598 -0.08234 -0.68778 0.72077
36771.899990000 663.70148 -1200.64746 152.96785 -0.02341 -0.08323 -0.68929 0.71931
36772.101710000 663.76855 -1203.14978 153.37753 -0.02238 -0.08416 -0.69039 0.71817
36772.303430000 663.85022 -1205.67456 153.76732 -0.02189 -0.08414 -0.69168 0.71695
36772.505150000 663.92053 -1208.16626 154.17554 -0.02148 -0.08335 -0.69286 0.71592
36772.706870000 663.99384 -1210.66553 154.54243 -0.02157 -0.08319 -0.69399 0.71483
36772.908589000 664.06171 -1213.15674 154.91405 -0.02194 -0.08339 -0.69459 0.71422
36773.110309000 664.09790 -1215.63110 155.31462 -0.02181 -0.08318 -0.69466 0.71418
36773.312029000 664.13660 -1218.12695 155.70662 -0.02140 -0.08384 -0.69474 0.71403
36773.513749000 664.19421 -1220.63367 156.08392 -0.02149 -0.08444 -0.69465 0.71405
36773.715469000 664.25562 -1223.13562 156.48248 -0.02237 -0.08430 -0.69459 0.71410
36773.917189000 664.31116 -1225.67126 156.88135 -0.02305 -0.08329 -0.69474 0.71405
36774.118909000 664.37170 -1228.18665 157.27414 -0.02323 -0.08306 -0.69470 0.71410
36774.320628000 664.41626 -1230.71814 157.67287 -0.02257 -0.08245 -0.69476 0.71414
36774.522348000 664.47144 -1233.21313 158.03503 -0.02548 -0.08411 -0.69466 0.71395
36774.724068000 664.54523 -1235.74463 158.46324 -0.02609 -0.08294 -0.69479 0.71394
36774.925788000 664.60516 -1238.26880 158.86705 -0.02583 -0.08176 -0.69447 0.71439
36775.127508000 664.66901 -1240.81274 159.25859 -0.02677 -0.08246 -0.69411 0.71463
36775.329228000 664.73151 -1243.36206 159.67233 -0.02452 -0.08230 -0.69373 0.71510
36775.530947000 664.80737 -1245.89661 160.02316 -0.02378 -0.08307 -0.69346 0.71529
36775.732667000 664.88220 -1248.43823 160.43639 -0.02458 -0.08391 -0.69314 0.71548
36775.934387000 664.94995 -1250.97607 160.84955 -0.02401 -0.08373 -0.69286 0.71579
36776.136108000 665.01080 -1253.50330 161.24603 -0.02417 -0.08468 -0.69256 0.71596
36776.337828000 665.08569 -1256.05103 161.66669 -0.02453 -0.08402 -0.69247 0.71612
36776.539548000 665.16437 -1258.59387 162.08017 -0.02467 -0.08355 -0.69221 0.71642
36776.741267000 665.24255 -1261.12231 162.47704 -0.02546 -0.08375 -0.69195 0.71662
36776.942987000 665.31689 -1263.64844 162.89986 -0.02565 -0.08303 -0.69164 0.71699
36777.144707000 665.39960 -1266.15295 163.29425 -0.02537 -0.08232 -0.69150 0.71722
36777.346427000 665.48108 -1268.63965 163.69969 -0.02447 -0.08105 -0.69137 0.71753
36777.548147000 665.54651 -1271.09973 164.08417 -0.02466 -0.08188 -0.69129 0.71750
36777.749867000 665.62030 -1273.53613 164.46303 -0.02477 -0.08287 -0.69139 0.71729
36777.951586000 665.69580 -1275.96045 164.86053 -0.02406 -0.08181 -0.69190 0.71694
36778.153306000 665.75458 -1278.32935 165.23917 -0.02334 -0.08248 -0.69224 0.71656
36778.355026000 665.79858 -1280.66187 165.64047 -0.02259 -0.08369 -0.69243 0.71626
36778.556746000 665.85394 -1282.93872 166.01570 -0.02227 -0.08465 -0.69290 0.71570
36778.758466000 665.88513 -1285.17029 166.40500 -0.02211 -0.08587 -0.69401 0.71449
36778.960186000 665.90155 -1287.35510 166.76770 -0.02121 -0.08678 -0.69620 0.71227
36779.161905000 665.91730 -1289.48987 167.11095 -0.02082 -0.08788 -0.69884 0.70955
36779.363625000 665.90967 -1291.57886 167.43768 -0.02067 -0.08914 -0.70169 0.70658
36779.565345000 665.89691 -1293.63171 167.76227 -0.01973 -0.08837 -0.70512 0.70328
36779.767065000 665.86340 -1295.65039 168.08572 -0.01953 -0.08789 -0.70883 0.69961
36779.968785000 665.79584 -1297.67224 168.39230 -0.01828 -0.08743 -0.71269 0.69577
36780.170505000 665.71021 -1299.67310 168.72177 -0.01778 -0.08810 -0.71577 0.69253
36780.372224000 665.58618 -1301.67993 169.01912 -0.01688 -0.09096 -0.71825 0.68961
36780.573944000 665.48950 -1303.68994 169.35579 -0.02194 -0.09669 -0.72025 0.68659
36780.775664000 665.37225 -1305.76233 169.66479 -0.02188 -0.09611 -0.72218 0.68464
36780.977384000 665.26221 -1307.85193 170.00917 -0.02251 -0.09217 -0.72420 0.68303
36781.179104000 665.12189 -1309.97473 170.36520 -0.02508 -0.09148 -0.72546 0.68169
36781.380824000 664.97845 -1312.13965 170.70244 -0.02641 -0.08900 -0.72635 0.68103
36781.582544000 664.82330 -1314.31726 171.07993 -0.02892 -0.08854 -0.72606 0.68130
36781.784263000 664.68188 -1316.50720 171.42375 -0.03089 -0.08740 -0.72505 0.68243
36781.985983000 664.53967 -1318.73584 171.81889 -0.02844 -0.08531 -0.72336 0.68459
36782.187703000 664.41571 -1320.97888 172.18665 -0.02775 -0.08338 -0.72035 0.68802
36782.389423000 664.32111 -1323.23193 172.54720 -0.02898 -0.08297 -0.71733 0.69117
36782.591143000 664.24072 -1325.50464 172.89954 -0.02866 -0.08333 -0.71342 0.69518
36782.792863000 664.18250 -1327.77686 173.27493 -0.02964 -0.08358 -0.70966 0.69894
36782.994582000 664.16510 -1330.05603 173.65359 -0.03158 -0.08260 -0.70793 0.70072
36783.196302000 664.13318 -1332.34375 174.02956 -0.03302 -0.08156 -0.70711 0.70161
36783.398022000 664.11743 -1334.63489 174.40492 -0.03371 -0.08053 -0.70644 0.70237
36783.599742000 664.09601 -1336.93298 174.78497 -0.03415 -0.07985 -0.70569 0.70318
36783.801462000 664.06952 -1339.23230 175.17177 -0.03389 -0.08017 -0.70455 0.70430
36784.003183000 664.06415 -1341.53735 175.54999 -0.03368 -0.08091 -0.70324 0.70553
36784.204902000 664.06964 -1343.84009 175.92345 -0.03412 -0.08183 -0.70196 0.70668
36784.406622000 664.06665 -1346.14209 176.32545 -0.03484 -0.08253 -0.70082 0.70769
36784.608342000 664.07098 -1348.45618 176.73370 -0.03395 -0.08151 -0.69948 0.70918
36784.810062000 664.08789 -1350.75134 177.12671 -0.03388 -0.08177 -0.69803 0.71058
36785.011782000 664.12903 -1353.04663 177.51355 -0.03382 -0.08194 -0.69682 0.71174
36785.213502000 664.15863 -1355.31702 177.90965 -0.03283 -0.08209 -0.69516 0.71340
