36607.094857000 151.85304 -463.28995 32.73013 0.02423 0.02902 0.97317 -0.22695
36607.296577000 151.10614 -463.65799 32.77404 0.02461 0.02893 0.97315 -0.22701
36607.498297000 150.30205 -464.06091 32.81602 0.02511 0.02926 0.97306 -0.22731
36607.700016000 149.43037 -464.49521 32.87568 0.02481 0.02892 0.97305 -0.22744
36607.901736000 148.50537 -464.95886 32.92880 0.02459 0.02890 0.97295 -0.22786
36608.103456000 147.51135 -465.45267 32.99427 0.02401 0.02875 0.97290 -0.22817
36608.305176000 146.47285 -465.97049 33.06325 0.02318 0.02828 0.97289 -0.22837
36608.506896000 145.42763 -466.49509 33.12845 0.02504 0.02857 0.97279 -0.22853
36608.708616000 144.34850 -467.02231 33.20353 0.02581 0.02893 0.97277 -0.22849
36608.910335000 143.22739 -467.58664 33.28570 0.02378 0.02773 0.97286 -0.22847
36609.112056000 142.11182 -468.14011 33.34878 0.02300 0.02775 0.97288 -0.22851
36609.313776000 140.97552 -468.70810 33.42383 0.02339 0.02645 0.97291 -0.22849
36609.515496000 139.80135 -469.29462 33.49776 0.02406 0.02430 0.97288 -0.22875
36609.717216000 138.62373 -469.88434 33.56747 0.02496 0.02454 0.97293 -0.22842
36609.918936000 137.45876 -470.46304 33.65023 0.02553 0.02493 0.97307 -0.22773
36610.120656000 136.29395 -471.04443 33.73583 0.02411 0.02533 0.97367 -0.22527
36610.322375000 135.12987 -471.59283 33.81198 0.02237 0.02674 0.97431 -0.22251
36610.524095000 133.99126 -472.12747 33.89552 0.02290 0.02738 0.97507 -0.21902
36610.725815000 132.85695 -472.64496 33.97156 0.02220 0.02778 0.97577 -0.21590
36610.927535000 131.73671 -473.15082 34.04572 0.02228 0.02874 0.97628 -0.21342
36611.129255000 130.63518 -473.65436 34.12073 0.02193 0.02983 0.97671 -0.21134
36611.330975000 129.54646 -474.12375 34.19192 0.02166 0.03034 0.97706 -0.20968
36611.532695000 128.47491 -474.58389 34.25954 0.02132 0.03088 0.97741 -0.20798
36611.734414000 127.43037 -475.04990 34.33463 0.02174 0.03141 0.97764 -0.20681
36611.936134000 126.41211 -475.49411 34.39731 0.02209 0.03189 0.97785 -0.20566
36612.137854000 125.40508 -475.93622 34.47424 0.02243 0.03172 0.97800 -0.20497
36612.339574000 124.38924 -476.37338 34.53344 0.02285 0.03265 0.97806 -0.20448
36612.541294000 123.40079 -476.81613 34.60754 0.02343 0.03276 0.97812 -0.20410
36612.743014000 122.39808 -477.23801 34.67863 0.02300 0.03385 0.97808 -0.20415
36612.944734000 121.41223 -477.70914 34.75156 0.02355 0.03328 0.97800 -0.20457
36613.146453000 120.45691 -478.11203 34.82273 0.02433 0.03339 0.97754 -0.20667
36613.348173000 119.50517 -478.54465 34.90203 0.02446 0.03344 0.97705 -0.20892
36613.549893000 118.58652 -478.98132 34.97836 0.02487 0.03322 0.97620 -0.21288
36613.751613000 117.68486 -479.41849 35.05023 0.02523 0.03300 0.97506 -0.21800
36613.953333000 116.81820 -479.85577 35.12291 0.02564 0.03284 0.97332 -0.22565
36614.155053000 115.96331 -480.28882 35.20495 0.02567 0.03273 0.97111 -0.23499
36614.356772000 115.16223 -480.73834 35.27379 0.02593 0.03248 0.96847 -0.24563
36614.558492000 114.38223 -481.21359 35.33764 0.02668 0.03209 0.96533 -0.25768
36614.760212000 113.63032 -481.68527 35.39194 0.02782 0.03181 0.96170 -0.27082
36614.961932000 112.91277 -482.16412 35.45227 0.02900 0.03189 0.95769 -0.28457
36615.163652000 112.22597 -482.66870 35.51332 0.03038 0.03161 0.95333 -0.29873
36615.365372000 111.56064 -483.18759 35.57072 0.03137 0.03079 0.94894 -0.31237
36615.567091000 110.94363 -483.71011 35.65153 0.03172 0.02974 0.94422 -0.32643
36615.768811000 110.35162 -484.24637 35.71735 0.03163 0.02790 0.93915 -0.34092
36615.970532000 109.76044 -484.78406 35.79856 0.03214 0.02723 0.93291 -0.35764
36616.172252000 109.21668 -485.36499 35.85347 0.03308 0.02648 0.92578 -0.37568
36616.373972000 108.67506 -485.96246 35.91568 0.03418 0.02601 0.91805 -0.39412
36616.575692000 108.13358 -486.59424 35.99910 0.03407 0.02637 0.90929 -0.41392
36616.777411000 107.62560 -487.27426 36.07097 0.03413 0.02587 0.89955 -0.43471
36616.979131000 107.14459 -487.96109 36.15130 0.03420 0.02510 0.88896 -0.45602
36617.180851000 106.72623 -488.65646 36.21656 0.03442 0.02436 0.87717 -0.47832
36617.382571000 106.33540 -489.36566 36.29876 0.03328 0.02274 0.86522 -0.49977
36617.584291000 106.01302 -490.09796 36.35527 -0.03349 -0.02000 -0.85211 0.52191
36617.786011000 105.70638 -490.83685 36.42179 -0.03253 -0.01876 -0.83816 0.54413
36617.987730000 105.41542 -491.57010 36.48570 -0.03052 -0.02209 -0.82330 0.56635
36618.189450000 105.21716 -492.33728 36.56588 -0.03274 -0.02048 -0.80877 0.58685
36618.391170000 105.03683 -493.10635 36.60719 -0.03415 -0.02052 -0.79218 0.60899
36618.592890000 104.87949 -493.90442 36.65262 -0.03187 -0.02137 -0.77555 0.63012
36618.794610000 104.78374 -494.69717 36.74587 -0.02526 -0.01855 -0.75903 0.65030
36618.996330000 104.74225 -495.51865 36.78868 -0.02513 -0.01358 -0.74184 0.66997
36619.198049000 104.73241 -496.30048 36.83885 -0.02609 -0.01233 -0.72402 0.68918
36619.399769000 104.74999 -497.09967 36.87438 -0.02601 -0.01408 -0.70516 0.70843
36619.601489000 104.81358 -497.87555 36.94035 -0.02721 -0.01510 -0.68696 0.72603
36619.803209000 104.94360 -498.67154 36.98939 -0.03021 -0.01340 -0.66793 0.74349
36620.004929000 105.08341 -499.45499 37.02949 -0.02995 -0.01260 -0.64967 0.75952
36620.206649000 105.27049 -500.25412 37.06697 -0.02879 -0.01282 -0.63153 0.77471
36620.408369000 105.47931 -501.07248 37.12212 -0.02725 -0.01090 -0.61354 0.78912
36620.610088000 105.75811 -501.87976 37.15977 -0.02920 -0.01051 -0.59456 0.80345
36620.811808000 106.09079 -502.69690 37.20945 -0.03229 -0.00880 -0.57547 0.81714
