36653.288707000 138.21840 -530.88788 38.45686 -0.01733 -0.01348 -0.30185 0.95310
36653.490427000 138.88297 -531.36261 38.47719 -0.01721 -0.01409 -0.30356 0.95255
36653.692147000 139.58720 -531.86383 38.51012 -0.01746 -0.01442 -0.30523 0.95201
36653.893867000 140.31461 -532.38025 38.54351 -0.01767 -0.01511 -0.30701 0.95142
36654.095587000 141.07372 -532.92938 38.57753 -0.01798 -0.01588 -0.30879 0.95083
36654.297307000 141.86523 -533.50220 38.61425 -0.01837 -0.01673 -0.31053 0.95024
36654.499026000 142.70113 -534.11646 38.66016 -0.01853 -0.01741 -0.31162 0.94987
36654.700746000 143.58086 -534.75500 38.70617 -0.01899 -0.01836 -0.31179 0.94978
36654.902466000 144.49260 -535.42462 38.75880 -0.01931 -0.01929 -0.31127 0.94993
36655.104186000 145.44763 -536.12006 38.81799 -0.01944 -0.01950 -0.31028 0.95025
36655.305906000 146.44669 -536.85205 38.87368 -0.01919 -0.01926 -0.30919 0.95061
36655.507626000 147.46309 -537.58856 38.92974 -0.01909 -0.01890 -0.30784 0.95106
36655.709345000 148.49379 -538.32837 38.98438 -0.01943 -0.01928 -0.30519 0.95190
36655.911065000 149.56253 -539.08466 39.04305 -0.01952 -0.01979 -0.30078 0.95329
36656.112786000 150.66435 -539.81885 39.10807 -0.02008 -0.02001 -0.29581 0.95482
36656.314506000 151.79193 -540.56610 39.16679 -0.02020 -0.01988 -0.29255 0.95583
36656.516226000 152.94324 -541.33765 39.24070 -0.01927 -0.01926 -0.28991 0.95666
36656.717946000 154.12885 -542.11676 39.30556 -0.01863 -0.01857 -0.28714 0.95753
36656.919665000 155.33916 -542.90680 39.37141 -0.01884 -0.01859 -0.28395 0.95847
36657.121385000 156.61168 -543.70544 39.42702 -0.01933 -0.01873 -0.28079 0.95939
36657.323105000 157.91563 -544.51056 39.50477 -0.02032 -0.01843 -0.27756 0.96032
36657.524825000 159.24019 -545.31659 39.56352 -0.01921 -0.01440 -0.27518 0.96109
36657.726545000 160.59633 -546.14966 39.61351 -0.01970 -0.01272 -0.27287 0.96176
36657.928265000 161.98306 -546.99615 39.66513 -0.01953 -0.01316 -0.27056 0.96241
36658.129984000 163.41881 -547.86395 39.72517 -0.01989 -0.01463 -0.26826 0.96303
36658.331704000 164.88699 -548.74542 39.79807 -0.01961 -0.01490 -0.26607 0.96364
36658.533424000 166.40814 -549.64117 39.87514 -0.01949 -0.01478 -0.26513 0.96390
36658.735144000 167.96461 -550.55011 39.95019 -0.01857 -0.01567 -0.26460 0.96405
36658.936864000 169.50972 -551.45038 40.01671 -0.01823 -0.01758 -0.26495 0.96393
36659.138584000 171.08510 -552.37909 40.09778 -0.01886 -0.02047 -0.26630 0.96349
36659.340303000 172.68799 -553.32208 40.18919 -0.02017 -0.02260 -0.26807 0.96292
36659.542023000 174.29544 -554.29663 40.29803 -0.02146 -0.02410 -0.27004 0.96231
36659.743743000 175.99814 -555.33820 40.41572 -0.01962 -0.02386 -0.27319 0.96147
36659.945463000 177.64713 -556.35339 40.52727 -0.01973 -0.02483 -0.27580 0.96069
36660.147183000 179.31149 -557.40619 40.63844 -0.01954 -0.02586 -0.27949 0.95960
36660.348903000 181.00420 -558.51587 40.76762 -0.01924 -0.02629 -0.28290 0.95860
36660.550622000 182.69560 -559.62634 40.87827 -0.01949 -0.02767 -0.28679 0.95740
36660.752342000 184.40714 -560.77057 41.00750 -0.01873 -0.02797 -0.28897 0.95675
36660.954062000 186.15051 -561.92688 41.12951 -0.01878 -0.02888 -0.28987 0.95644
36661.155782000 187.91946 -563.07648 41.27600 -0.01912 -0.02879 -0.29109 0.95607
36661.357502000 189.70111 -564.26514 41.40382 -0.01898 -0.02883 -0.29173 0.95588
36661.559221000 191.47684 -565.46527 41.54944 -0.01942 -0.03047 -0.29269 0.95552
36661.760941000 193.26660 -566.69598 41.70808 -0.01954 -0.03163 -0.29389 0.95512
36661.962662000 195.07632 -567.92902 41.86191 -0.01962 -0.03315 -0.29356 0.95517
36662.164382000 196.92468 -569.13989 42.02496 -0.02031 -0.03438 -0.29175 0.95566
36662.366102000 198.82005 -570.32642 42.19218 -0.02106 -0.03353 -0.29018 0.95615
36662.567822000 200.70555 -571.56042 42.35847 -0.02103 -0.03156 -0.28858 0.95670
36662.769541000 202.58200 -572.77814 42.53032 -0.02186 -0.03250 -0.28681 0.95719
36662.971261000 204.47787 -574.00952 42.68034 -0.02187 -0.03172 -0.28549 0.95761
36663.172981000 206.39610 -575.26794 42.84158 -0.02127 -0.03038 -0.28446 0.95797
36663.374701000 208.30031 -576.55493 42.99464 -0.01924 -0.02930 -0.28369 0.95827
36663.576421000 210.22166 -577.82117 43.15800 -0.01893 -0.03134 -0.28304 0.95841
36663.778141000 212.18712 -579.04767 43.33297 -0.01988 -0.03147 -0.28192 0.95872
36663.979860000 214.14751 -580.27167 43.50154 -0.02135 -0.03690 -0.28064 0.95887
36664.181580000 216.15071 -581.50629 43.69640 -0.02312 -0.03711 -0.27791 0.95961
36664.383300000 218.15450 -582.74329 43.90244 -0.02512 -0.03885 -0.27486 0.96037
36664.585020000 220.17181 -583.97961 44.10607 -0.02703 -0.03960 -0.27051 0.96152
36664.786740000 222.22652 -585.18671 44.32032 -0.02832 -0.03656 -0.26525 0.96307
36664.988460000 224.26880 -586.35004 44.54423 -0.03190 -0.03589 -0.25919 0.96463
36665.190179000 226.33430 -587.49823 44.74826 -0.03727 -0.03260 -0.25308 0.96618
36665.391899000 228.40918 -588.59454 44.93848 -0.04289 -0.03067 -0.24682 0.96763
36665.593619000 230.46915 -589.65869 45.13757 -0.04651 -0.03003 -0.24057 0.96905
36665.795339000 232.51941 -590.69305 45.31679 -0.04806 -0.03188 -0.23439 0.97043
36665.997059000 234.57816 -591.70551 45.52693 -0.05068 -0.03104 -0.22829 0.97178
36666.198779000 236.64189 -592.66956 45.72494 -0.05330 -0.03049 -0.22193 0.97313
36666.400498000 238.68645 -593.59589 45.91467 -0.05504 -0.03035 -0.21512 0.97456
36666.602218000 240.72597 -594.49225 46.10383 -0.05593 -0.03148 -0.20799 0.97602
36666.803938000 242.77489 -595.36462 46.30120 -0.05626 -0.02974 -0.20061 0.97760
36667.005658000 244.83037 -596.16748 46.48262 -0.05819 -0.02947 -0.19268 0.97909
36667.207378000 246.87819 -596.95605 46.66799 -0.05843 -0.02779 -0.18556 0.98050
36667.409098000 248.92230 -597.72839 46.82219 -0.05809 -0.02583 -0.17926 0.98174
36667.610817000 250.92427 -598.44641 46.98220 -0.05694 -0.02738 -0.17358 0.98279
36667.812537000 252.94138 -599.17041 47.14922 -0.05443 -0.02756 -0.16727 0.98402
36668.014258000 254.94705 -599.85071 47.31624 -0.04986 -0.02880 -0.16128 0.98523
36668.215978000 256.93906 -600.47833 47.47543 -0.05175 -0.03186 -0.15404 0.98619
36668.417698000 258.93518 -601.08582 47.67314 -0.04949 -0.03278 -0.14739 0.98729
36668.619418000 260.93829 -601.65912 47.82193 -0.04421 -0.02674 -0.14200 0.98852
36668.821137000 262.93848 -602.23425 47.94736 -0.04355 -0.02807 -0.13723 0.98918
36669.022857000 264.93900 -602.76917 48.10131 -0.04311 -0.03034 -0.13271 0.98975
36669.224577000 266.93018 -603.29626 48.25849 -0.04286 -0.03273 -0.12824 0.99028
36669.426297000 268.95172 -603.81488 48.43513 -0.03957 -0.03178 -0.12445 0.99093
36669.628017000 270.97342 -604.31885 48.58015 -0.03616 -0.03269 -0.11999 0.99158
36669.829737000 273.02466 -604.80109 48.73250 -0.03227 -0.03261 -0.11518 0.99228
36670.031456000 275.05139 -605.26135 48.88776 -0.02922 -0.03338 -0.10954 0.99299
36670.233176000 277.13657 -605.71655 49.05205 -0.02468 -0.03452 -0.10433 0.99364
36670.434896000 279.22580 -606.15002 49.19708 -0.02236 -0.03493 -0.09914 0.99421
36670.636616000 281.31747 -606.55304 49.35996 -0.01844 -0.03622 -0.09374 0.99477
36670.838336000 283.44086 -606.93091 49.52443 -0.01843 -0.03746 -0.08874 0.99518
36671.040056000 285.58652 -607.28546 49.70797 -0.01929 -0.03841 -0.08495 0.99546
36671.241775000 287.73129 -607.62695 49.87663 -0.01765 -0.03985 -0.08067 0.99579
36671.443495000 289.91565 -607.96729 50.07262 -0.01557 -0.03433 -0.07690 0.99633
36671.645215000 292.12167 -608.29138 50.21262 -0.01591 -0.03741 -0.07385 0.99644
36671.846935000 294.32483 -608.59515 50.38776 -0.01886 -0.04123 -0.07159 0.99640
36672.048655000 296.57159 -608.89459 50.59585 -0.01863 -0.03989 -0.07018 0.99656
36672.250374000 298.81262 -609.20331 50.78098 -0.01939 -0.04055 -0.06891 0.99661
36672.452094000 301.07382 -609.50006 50.95922 -0.02057 -0.03907 -0.06791 0.99671
36672.653814000 303.33167 -609.79303 51.15980 -0.02219 -0.03804 -0.06713 0.99677
36672.855534000 305.61920 -610.08569 51.33654 -0.02245 -0.03913 -0.06640 0.99677
36673.057254000 307.91159 -610.38434 51.52786 -0.02220 -0.03913 -0.06550 0.99684
36673.258974000 310.21756 -610.68536 51.71211 -0.02305 -0.03956 -0.06490 0.99684
36673.460693000 312.54117 -610.97626 51.91618 -0.02235 -0.03916 -0.06428 0.99691
36673.662413000 314.86508 -611.27240 52.09409 -0.02161 -0.03969 -0.06354 0.99696
36673.864133000 317.18472 -611.56506 52.28946 -0.02020 -0.03888 -0.06282 0.99706
36674.065853000 319.50827 -611.84924 52.48846 -0.01986 -0.03894 -0.06211 0.99711
36674.267573000 321.81512 -612.12292 52.69360 -0.02007 -0.04004 -0.06139 0.99711
36674.469292000 324.12640 -612.39856 52.88639 -0.01995 -0.04075 -0.06058 0.99713
36674.671012000 326.44458 -612.67828 53.08624 -0.01962 -0.03931 -0.06002 0.99723
36674.872732000 328.75296 -612.95410 53.28525 -0.01962 -0.03987 -0.05898 0.99727
36675.074453000 331.04926 -613.22345 53.47618 -0.01883 -0.04161 -0.05759 0.99730
36675.276173000 333.36499 -613.47626 53.68816 -0.01840 -0.04206 -0.05548 0.99740
36675.477892000 335.66699 -613.71936 53.89138 -0.01815 -0.04242 -0.05320 0.99752
36675.679612000 337.97845 -613.96106 54.09488 -0.01722 -0.04251 -0.05110 0.99764
36675.881332000 340.29388 -614.18109 54.30544 -0.01728 -0.04189 -0.04919 0.99776
36676.083052000 342.61740 -614.38977 54.51305 -0.01763 -0.04018 -0.04721 0.99792
36676.284772000 344.91852 -614.59039 54.71210 -0.01707 -0.04189 -0.04514 0.99796
36676.486491000 347.23730 -614.79657 54.90308 -0.01593 -0.04179 -0.04327 0.99806
36676.688211000 349.55322 -614.98450 55.12917 -0.01564 -0.04118 -0.04181 0.99815
36676.889931000 351.86658 -615.16669 55.31881 -0.01568 -0.04336 -0.04055 0.99811
36677.091651000 354.19019 -615.34247 55.52128 -0.01401 -0.04128 -0.03939 0.99827
36677.293371000 356.46976 -615.49811 55.74399 -0.01577 -0.04298 -0.03859 0.99821
36677.495091000 358.75305 -615.65277 55.93853 -0.01787 -0.04438 -0.03817 0.99813
36677.696810000 361.02426 -615.80927 56.15478 -0.02034 -0.04226 -0.03840 0.99816
36677.898530000 363.26663 -615.97241 56.34508 -0.01974 -0.04315 -0.03987 0.99808
36678.100250000 365.51141 -616.15222 56.55936 -0.01972 -0.04334 -0.04042 0.99805
36678.301970000 367.73883 -616.31689 56.75782 -0.02081 -0.04326 -0.04093 0.99801
36678.503690000 369.95718 -616.49182 56.94728 -0.02025 -0.04435 -0.04221 0.99792
36678.705409000 372.17514 -616.68744 57.16866 -0.01974 -0.04442 -0.04530 0.99779
36678.907129000 374.37238 -616.89886 57.38867 -0.01839 -0.04410 -0.05023 0.99759
36679.108850000 376.53448 -617.13159 57.58171 -0.01533 -0.04324 -0.05733 0.99730
36679.310570000 378.69232 -617.39697 57.77649 -0.01480 -0.04495 -0.06606 0.99669
36679.512290000 380.81113 -617.68268 57.98251 -0.01537 -0.04583 -0.07566 0.99596
36679.714010000 382.92145 -618.02661 58.21476 -0.01733 -0.04631 -0.08642 0.99503
36679.915729000 384.99948 -618.42523 58.41984 -0.01626 -0.04689 -0.09797 0.99395
36680.117449000 387.05164 -618.85742 58.63963 -0.01830 -0.04667 -0.10990 0.99268
36680.319169000 389.09198 -619.35193 58.84475 -0.01843 -0.04812 -0.12105 0.99131
36680.520889000 391.08560 -619.88605 59.06903 -0.01744 -0.04813 -0.13193 0.98994
36680.722609000 393.05536 -620.44458 59.26600 -0.01714 -0.04797 -0.14139 0.98864
36680.924328000 395.03467 -621.04999 59.48004 -0.01684 -0.04866 -0.14972 0.98739
36681.126048000 396.99152 -621.69141 59.69254 -0.01690 -0.04828 -0.15750 0.98619
36681.327768000 398.94046 -622.35858 59.90459 -0.01642 -0.04915 -0.16495 0.98494
36681.529488000 400.87524 -623.05273 60.12027 -0.01589 -0.05014 -0.17039 0.98397
36681.731208000 402.81995 -623.76495 60.34336 -0.01508 -0.04966 -0.17476 0.98324
36681.932927000 404.77481 -624.48254 60.55687 -0.01502 -0.05153 -0.17891 0.98240
36682.134647000 406.72192 -625.23199 60.79668 -0.01492 -0.05148 -0.18333 0.98159
36682.336367000 408.67429 -626.00043 61.02611 -0.01466 -0.05168 -0.18766 0.98076
36682.538087000 410.60779 -626.77393 61.25316 -0.01468 -0.05142 -0.19213 0.97991
36682.739807000 412.49652 -627.55579 61.48651 -0.01472 -0.05294 -0.19590 0.97908
36682.941527000 414.37033 -628.35492 61.72516 -0.01305 -0.05366 -0.19908 0.97843
36683.143247000 416.22449 -629.15851 61.95648 -0.01116 -0.05339 -0.20218 0.97783
36683.344967000 418.05563 -629.96674 62.18741 -0.01083 -0.05482 -0.20512 0.97714
36683.546687000 419.83585 -630.76288 62.42229 -0.00975 -0.05431 -0.20818 0.97653
36683.748407000 421.59497 -631.55530 62.65176 -0.00878 -0.05299 -0.21117 0.97597
36683.950127000 423.29276 -632.33380 62.87277 -0.00801 -0.05206 -0.21422 0.97536
36684.151847000 424.93057 -633.10150 63.06934 -0.00773 -0.05259 -0.21733 0.97465
36684.353566000 426.51334 -633.85071 63.27296 -0.00794 -0.05248 -0.22053 0.97394
36684.555286000 428.04309 -634.58783 63.46325 -0.00787 -0.05173 -0.22367 0.97326
36684.757006000 429.47873 -635.28656 63.65271 -0.00816 -0.05157 -0.22699 0.97250
36684.958726000 430.83231 -635.96661 63.82513 -0.00869 -0.05220 -0.23044 0.97165
36685.160446000 432.11523 -636.62506 63.98210 -0.00812 -0.05251 -0.23401 0.97078
36685.362166000 433.33420 -637.26056 64.14607 -0.00744 -0.05258 -0.23738 0.96996
36685.563885000 434.47861 -637.87384 64.30199 -0.00670 -0.05280 -0.24057 0.96917
36685.765605000 435.55453 -638.45294 64.44006 -0.00602 -0.05328 -0.24377 0.96835
36685.967325000 436.57999 -639.01074 64.57171 -0.00565 -0.05357 -0.24668 0.96760
36686.169045000 437.54514 -639.54358 64.70024 -0.00556 -0.05406 -0.24931 0.96690
36686.370765000 438.46518 -640.05664 64.81982 -0.00579 -0.05407 -0.25194 0.96621
36686.572485000 439.38275 -640.57623 64.95089 -0.00628 -0.05344 -0.25456 0.96556
36686.774204000 440.28052 -641.08112 65.06323 -0.00692 -0.05319 -0.25715 0.96488
36686.975924000 441.15463 -641.57983 65.17326 -0.00755 -0.05312 -0.25967 0.96421
36687.177644000 441.99963 -642.08673 65.28376 -0.00816 -0.05332 -0.26229 0.96348
36687.379364000 442.82373 -642.57043 65.38447 -0.00855 -0.05354 -0.26527 0.96265
36687.581084000 443.62756 -643.05750 65.48906 -0.00894 -0.05378 -0.26837 0.96177
36687.782804000 444.41870 -643.54480 65.59333 -0.00937 -0.05366 -0.27164 0.96086
36687.984524000 445.18646 -644.01764 65.69860 -0.01003 -0.05385 -0.27494 0.95990
36688.186244000 445.93298 -644.50555 65.80141 -0.01004 -0.05425 -0.27879 0.95877
36688.387964000 446.67603 -644.98566 65.89950 -0.01087 -0.05495 -0.28278 0.95755
36688.589684000 447.44113 -645.49774 65.99331 -0.01092 -0.05574 -0.28768 0.95604
36688.791404000 448.22552 -646.03510 66.10281 -0.01100 -0.05636 -0.29278 0.95445
36688.993124000 449.01279 -646.57996 66.21526 -0.01195 -0.05733 -0.29813 0.95273
36689.194843000 449.83209 -647.15259 66.31975 -0.01285 -0.05912 -0.30325 0.95099
36689.396563000 450.67389 -647.74268 66.44100 -0.01422 -0.05953 -0.30852 0.94925
36689.598283000 451.53552 -648.34467 66.56022 -0.01634 -0.05943 -0.31336 0.94763
36689.800003000 452.38574 -648.96161 66.68359 -0.01907 -0.06077 -0.31816 0.94589
36690.001723000 453.20212 -649.61267 66.86296 -0.03115 -0.06043 -0.32318 0.94389
36690.203443000 454.04880 -650.26306 66.98733 -0.03280 -0.06134 -0.32765 0.94223
36690.405162000 454.91827 -650.93823 67.13046 -0.03433 -0.06114 -0.33293 0.94034
36690.606882000 455.84344 -651.66211 67.27229 -0.03530 -0.05966 -0.33801 0.93859
36690.808602000 456.76794 -652.44708 67.44823 -0.03434 -0.05801 -0.34341 0.93676
36691.010322000 457.75311 -653.27399 67.60178 -0.03506 -0.05726 -0.34846 0.93492
36691.212042000 458.77161 -654.18591 67.77210 -0.03438 -0.05654 -0.35260 0.93343
36691.413762000 459.83569 -655.15375 67.95355 -0.03323 -0.05417 -0.35502 0.93270
36691.615481000 460.96887 -656.16699 68.13875 -0.03142 -0.05117 -0.35684 0.93223
36691.817201000 462.07880 -657.18909 68.29166 -0.03069 -0.05029 -0.35809 0.93182
36692.018921000 463.23102 -658.23676 68.46941 -0.02968 -0.05055 -0.35919 0.93142
36692.220641000 464.41806 -659.31909 68.64304 -0.02871 -0.05047 -0.36062 0.93091
36692.422361000 465.65189 -660.43048 68.84184 -0.02879 -0.05194 -0.36190 0.93032
36692.624081000 466.90909 -661.59735 69.02626 -0.02738 -0.05197 -0.36362 0.92970
36692.825800000 468.20230 -662.83734 69.21219 -0.02541 -0.05145 -0.36518 0.92916
36693.027521000 469.54727 -664.11621 69.40368 -0.02282 -0.05312 -0.36634 0.92868
36693.229241000 470.93753 -665.41833 69.62769 -0.01828 -0.05559 -0.36494 0.92919
36693.430961000 472.37567 -666.75336 69.84089 -0.01601 -0.05582 -0.36210 0.93033
36693.632681000 473.89069 -668.11926 70.08572 -0.01606 -0.05758 -0.35919 0.93135
36693.834401000 475.43396 -669.48969 70.32794 -0.01542 -0.05525 -0.35703 0.93233
36694.036120000 477.00018 -670.86792 70.56375 -0.01554 -0.05594 -0.35551 0.93287
36694.237840000 478.58929 -672.27106 70.81692 -0.01531 -0.05631 -0.35461 0.93319
36694.439560000 480.21024 -673.68909 71.05476 -0.01619 -0.05659 -0.35464 0.93315
36694.641280000 481.84924 -675.12561 71.31022 -0.01643 -0.05709 -0.35588 0.93264
36694.843000000 483.48694 -676.60254 71.57679 -0.01627 -0.05747 -0.35911 0.93138
36695.044720000 485.12479 -678.11920 71.83710 -0.01476 -0.05849 -0.36195 0.93024
36695.246439000 486.77078 -679.65039 72.11170 -0.01364 -0.05906 -0.36413 0.92937
36695.448159000 488.46359 -681.21991 72.38780 -0.01249 -0.05829 -0.36586 0.92876
36695.649879000 490.16702 -682.80975 72.66807 -0.01275 -0.05798 -0.36735 0.92819
36695.851599000 491.87433 -684.41608 72.93491 -0.01171 -0.05936 -0.36853 0.92764
36696.053319000 493.59036 -686.03796 73.22533 -0.01213 -0.06019 -0.36916 0.92733
36696.255039000 495.32547 -687.67871 73.51786 -0.01139 -0.05905 -0.36995 0.92710
36696.456758000 497.04483 -689.31525 73.79736 -0.01092 -0.05768 -0.37050 0.92697
36696.658478000 498.77310 -690.96112 74.09258 -0.01346 -0.05738 -0.37100 0.92676
36696.860198000 500.48737 -692.59058 74.36200 -0.01357 -0.06038 -0.37133 0.92644
36697.061918000 502.20624 -694.24908 74.66213 -0.01044 -0.05886 -0.37110 0.92667
36697.263638000 503.92212 -695.88171 74.95821 -0.01145 -0.06011 -0.37134 0.92648
36697.465358000 505.65115 -697.53003 75.24589 -0.01234 -0.06000 -0.37149 0.92641
36697.667077000 507.35922 -699.18207 75.53589 -0.01232 -0.05983 -0.37165 0.92636
36697.868797000 509.07397 -700.82812 75.82127 -0.01102 -0.06001 -0.37184 0.92629
36698.070517000 510.78967 -702.48346 76.11694 -0.01116 -0.06138 -0.37209 0.92610
36698.272237000 512.50342 -704.13226 76.40768 -0.01010 -0.06293 -0.37221 0.92596
36698.473957000 514.23212 -705.79974 76.71368 -0.00972 -0.06149 -0.37252 0.92593
36698.675677000 515.97009 -707.46735 77.01003 -0.00931 -0.06034 -0.37298 0.92583
36698.877396000 517.70648 -709.13293 77.30460 -0.01050 -0.06030 -0.37352 0.92560
36699.079117000 519.43970 -710.80609 77.59822 -0.01120 -0.05935 -0.37446 0.92527
36699.280837000 521.17236 -712.48798 77.88496 -0.01319 -0.05940 -0.37616 0.92456
36699.482557000 522.89618 -714.18384 78.18891 -0.01382 -0.05931 -0.37872 0.92350
36699.684277000 524.58966 -715.87354 78.49904 -0.01350 -0.05932 -0.38202 0.92215
36699.885997000 526.27704 -717.56757 78.77500 -0.01404 -0.05974 -0.38562 0.92061
36700.087716000 527.92627 -719.26733 79.08479 -0.01348 -0.05982 -0.38866 0.91934
36700.289436000 529.55151 -720.95319 79.38126 -0.01397 -0.05895 -0.39122 0.91830
36700.491156000 531.15710 -722.62921 79.66109 -0.01442 -0.05934 -0.39407 0.91705
36700.692876000 532.71295 -724.29620 79.96188 -0.01408 -0.06047 -0.39652 0.91592
36700.894596000 534.27161 -725.97156 80.25289 -0.01379 -0.06167 -0.39867 0.91491
36701.096316000 535.80164 -727.63293 80.54827 -0.01345 -0.06240 -0.40079 0.91394
36701.298035000 537.32507 -729.29401 80.84631 -0.01367 -0.06127 -0.40298 0.91305
36701.499755000 538.83087 -730.94788 81.13738 -0.01410 -0.06050 -0.40512 0.91215
36701.701475000 540.30750 -732.58844 81.40872 -0.01423 -0.06015 -0.40699 0.91134
36701.903195000 541.76447 -734.23688 81.67976 -0.01281 -0.06130 -0.40903 0.91037
36702.104915000 543.19293 -735.87610 81.95560 -0.01131 -0.06489 -0.41096 0.90927
36702.306635000 544.58704 -737.49854 82.26863 -0.01061 -0.06553 -0.41364 0.90802
36702.508354000 545.99591 -739.11908 82.52906 -0.00995 -0.06482 -0.41678 0.90664
36702.710074000 547.35986 -740.73285 82.81216 -0.01078 -0.06410 -0.42069 0.90487
36702.911794000 548.71521 -742.35565 83.08649 -0.00978 -0.06289 -0.42566 0.90264
36703.113514000 550.01465 -743.97437 83.35583 -0.00976 -0.06465 -0.42970 0.90060
36703.315234000 551.30896 -745.58539 83.61713 -0.01105 -0.06640 -0.43440 0.89820
36703.516954000 552.56598 -747.19373 83.89722 -0.01139 -0.06654 -0.43840 0.89624
36703.718673000 553.80206 -748.80878 84.17011 -0.01153 -0.06466 -0.44176 0.89472
36703.920393000 555.00464 -750.38916 84.43174 -0.01206 -0.06473 -0.44420 0.89350
36704.122113000 556.18359 -751.95563 84.69228 -0.01257 -0.06543 -0.44670 0.89220
36704.323833000 557.33099 -753.50024 84.96229 -0.01336 -0.06579 -0.44905 0.89098
36704.525553000 558.44775 -755.03424 85.22649 -0.01383 -0.06554 -0.45142 0.88979
36704.727273000 559.53571 -756.55334 85.48291 -0.01372 -0.06838 -0.45377 0.88838
36704.928992000 560.61169 -758.09406 85.76871 -0.01200 -0.06704 -0.45650 0.88711
36705.130713000 561.67291 -759.61273 85.99270 -0.01056 -0.06754 -0.45893 0.88584
36705.332433000 562.72797 -761.11182 86.22787 -0.01149 -0.06999 -0.46124 0.88444
36705.534153000 563.77753 -762.61951 86.49260 -0.01399 -0.07020 -0.46321 0.88335
36705.735873000 564.82611 -764.12274 86.75294 -0.01480 -0.06665 -0.46379 0.88331
36705.937593000 565.86279 -765.62476 86.99094 -0.01527 -0.06594 -0.46334 0.88359
36706.139312000 566.90533 -767.13507 87.23870 -0.01434 -0.06432 -0.46254 0.88415
36706.341032000 567.93585 -768.64026 87.49483 -0.01256 -0.06411 -0.46141 0.88478
36706.542752000 569.02136 -770.21869 87.72563 -0.00757 -0.05855 -0.46157 0.88514
36706.744472000 570.09064 -771.72681 87.91512 -0.01064 -0.06144 -0.45972 0.88587
36706.946192000 571.12939 -773.19989 88.11701 -0.01529 -0.06712 -0.45815 0.88621
36707.147912000 572.22516 -774.72583 88.40748 -0.01419 -0.06804 -0.45664 0.88693
36707.349632000 573.29938 -776.22803 88.66733 -0.01400 -0.06960 -0.45502 0.88765
36707.551351000 574.39716 -777.75739 88.93188 -0.01340 -0.07037 -0.45405 0.88809
36707.753071000 575.50879 -779.29779 89.18048 -0.01102 -0.06990 -0.45309 0.88865
36707.954791000 576.62769 -780.84094 89.44525 -0.01292 -0.06930 -0.45288 0.88878
36708.156511000 577.76544 -782.39648 89.71462 -0.01354 -0.06724 -0.45271 0.88901
36708.358231000 578.91010 -783.96545 89.98089 -0.01440 -0.06709 -0.45293 0.88890
36708.559951000 580.05341 -785.54858 90.23412 -0.01399 -0.06668 -0.45346 0.88867
36708.761671000 581.21844 -787.15460 90.49995 -0.01450 -0.06745 -0.45395 0.88835
36708.963390000 582.35767 -788.78265 90.76634 -0.01490 -0.06862 -0.45481 0.88782
36709.165110000 583.51581 -790.40881 91.03986 -0.01467 -0.06978 -0.45604 0.88710
36709.366830000 584.68237 -792.05786 91.32185 -0.01417 -0.06997 -0.45709 0.88655
36709.568550000 585.85474 -793.71393 91.60934 -0.01400 -0.06985 -0.45821 0.88599
36709.770270000 587.02332 -795.37531 91.89522 -0.01408 -0.07028 -0.45942 0.88532
36709.971990000 588.19159 -797.05792 92.16798 -0.01389 -0.07081 -0.46102 0.88445
36710.173709000 589.36676 -798.74701 92.45709 -0.01421 -0.07092 -0.46305 0.88338
36710.375429000 590.53485 -800.45898 92.75191 -0.01407 -0.06976 -0.46510 0.88239
36710.577149000 591.69104 -802.16516 93.02760 -0.01634 -0.07072 -0.46741 0.88105
36710.778869000 592.83917 -803.88751 93.32106 -0.01364 -0.06826 -0.47018 0.87982
36710.980589000 593.96484 -805.61420 93.61758 -0.01166 -0.06880 -0.47266 0.87848
36711.182309000 595.05640 -807.31140 93.89362 -0.01208 -0.07372 -0.47525 0.87667
36711.384028000 596.14691 -809.02020 94.19217 -0.01111 -0.07169 -0.47818 0.87526
36711.585748000 597.20898 -810.69122 94.48392 -0.01264 -0.07069 -0.48105 0.87375
36711.787468000 598.24731 -812.36090 94.75418 -0.01303 -0.07106 -0.48385 0.87217
36711.989189000 599.26135 -814.01538 95.02897 -0.01180 -0.07005 -0.48659 0.87074
36712.190909000 600.24463 -815.64032 95.30653 -0.01101 -0.07002 -0.48901 0.86939
