36470.732229000 261.41669 -288.38599 17.69874 -0.00399 -0.04541 -0.49820 0.86586
36470.933949000 261.79855 -289.00827 17.75496 -0.00449 -0.04511 -0.50003 0.86482
36471.135669000 262.20728 -289.69656 17.81100 -0.00482 -0.04470 -0.50195 0.86373
36471.337389000 262.63995 -290.45007 17.87576 -0.00547 -0.04453 -0.50404 0.86252
36471.539109000 263.11713 -291.27341 17.94497 -0.00614 -0.04453 -0.50633 0.86117
36471.740829000 263.62253 -292.16006 18.01257 -0.00718 -0.04471 -0.50878 0.85970
36471.942548000 264.15854 -293.13248 18.10834 -0.00802 -0.04503 -0.51130 0.85819
36472.144268000 264.72473 -294.17725 18.20271 -0.00824 -0.04468 -0.51350 0.85689
36472.345988000 265.32205 -295.29901 18.30493 -0.00774 -0.04410 -0.51513 0.85594
36472.547708000 265.92227 -296.48535 18.41790 -0.00646 -0.04352 -0.51564 0.85567
36472.749428000 266.56915 -297.71069 18.53572 -0.00572 -0.04262 -0.51483 0.85621
36472.951147000 267.22333 -298.94220 18.64758 -0.00536 -0.04153 -0.51284 0.85746
36473.152867000 267.88959 -300.17398 18.76318 -0.00518 -0.04072 -0.50958 0.85945
36473.354587000 268.57968 -301.41174 18.86049 -0.00507 -0.04022 -0.50458 0.86242
36473.556307000 269.31104 -302.66901 18.97366 -0.00485 -0.03941 -0.49642 0.86717
36473.758027000 270.13318 -303.96240 19.06992 -0.00421 -0.03772 -0.48427 0.87410
36473.959747000 271.00677 -305.23996 19.18848 -0.00456 -0.03573 -0.46852 0.88272
36474.161467000 271.94266 -306.52594 19.27169 -0.00463 -0.03662 -0.44967 0.89243
36474.363186000 272.98325 -307.78696 19.38760 -0.00353 -0.03678 -0.42812 0.90297
36474.564906000 274.10025 -309.02670 19.50671 -0.00330 -0.03654 -0.40392 0.91406
36474.766626000 275.30548 -310.23242 19.61123 -0.00203 -0.03538 -0.37777 0.92522
36474.968346000 276.60434 -311.39139 19.72881 -0.00233 -0.03490 -0.35136 0.93559
36475.170066000 277.98849 -312.46545 19.85464 -0.00427 -0.03435 -0.32489 0.94512
36475.371785000 279.44855 -313.46988 19.98950 -0.00647 -0.03372 -0.29674 0.95434
36475.573505000 280.95676 -314.38058 20.11012 -0.00977 -0.03489 -0.26798 0.96274
36475.775225000 282.55148 -315.21658 20.22798 -0.01143 -0.03402 -0.23913 0.97033
36475.976946000 284.17297 -315.99341 20.37044 -0.01231 -0.03486 -0.21091 0.97681
36476.178666000 285.86725 -316.66910 20.49573 -0.01338 -0.03615 -0.18509 0.98197
36476.380386000 287.59738 -317.30203 20.64625 -0.01085 -0.03460 -0.16289 0.98598
36476.582105000 289.34235 -317.85944 20.79492 -0.00976 -0.03836 -0.14492 0.98865
36476.783825000 291.13376 -318.35611 20.93633 -0.01033 -0.04031 -0.13079 0.99054
36476.985545000 292.94611 -318.80347 21.10507 -0.01362 -0.04227 -0.12063 0.99170
36477.187265000 294.78198 -319.23483 21.25657 -0.01433 -0.04208 -0.11373 0.99252
36477.388985000 296.61996 -319.65033 21.43360 -0.01356 -0.04189 -0.10868 0.99310
36477.590705000 298.45676 -320.02911 21.58416 -0.01455 -0.04296 -0.10541 0.99339
36477.792424000 300.31177 -320.41199 21.75291 -0.01521 -0.04217 -0.10357 0.99361
36477.994144000 302.15842 -320.79559 21.93018 -0.01560 -0.03987 -0.10280 0.99378
36478.195864000 303.99683 -321.18027 22.08388 -0.01491 -0.03811 -0.10240 0.99390
36478.397584000 305.81415 -321.55408 22.23487 -0.01378 -0.03717 -0.10264 0.99393
36478.599304000 307.62698 -321.91772 22.39068 -0.01448 -0.03985 -0.10293 0.99378
36478.801024000 309.43732 -322.28668 22.54931 -0.01585 -0.04262 -0.10373 0.99357
36479.002743000 311.24857 -322.65958 22.71510 -0.01642 -0.04341 -0.10456 0.99343
36479.204463000 313.02533 -323.02658 22.88937 -0.01750 -0.04408 -0.10546 0.99329
36479.406183000 314.79596 -323.39255 23.04952 -0.01917 -0.04455 -0.10668 0.99311
36479.607903000 316.54791 -323.76898 23.22246 -0.02107 -0.04625 -0.10802 0.99285
36479.809623000 318.28241 -324.14774 23.40628 -0.02205 -0.04768 -0.10963 0.99258
36480.011343000 319.97845 -324.52798 23.58270 -0.02233 -0.04857 -0.11146 0.99233
36480.213062000 321.63037 -324.89465 23.76302 -0.02244 -0.05001 -0.11371 0.99200
36480.414782000 323.28448 -325.27762 23.95271 -0.02267 -0.05095 -0.11636 0.99164
36480.616502000 324.89856 -325.64691 24.14382 -0.02366 -0.05174 -0.11965 0.99118
36480.818222000 326.48840 -326.02927 24.33256 -0.02487 -0.05145 -0.12382 0.99066
36481.019943000 328.02805 -326.42020 24.51159 -0.02604 -0.05181 -0.12906 0.98994
36481.221663000 329.55664 -326.82654 24.69578 -0.02664 -0.05119 -0.13576 0.98906
36481.423382000 331.04361 -327.24756 24.86176 -0.02746 -0.05236 -0.14356 0.98787
36481.625102000 332.48868 -327.68869 25.04255 -0.02682 -0.05459 -0.15278 0.98639
36481.826822000 333.89307 -328.17474 25.22575 -0.02432 -0.05617 -0.16356 0.98463
36482.028542000 335.30981 -328.69556 25.41989 -0.02180 -0.05665 -0.17690 0.98236
36482.230262000 336.71735 -329.25909 25.60187 -0.01959 -0.05731 -0.19226 0.97947
36482.431982000 338.06140 -329.87323 25.78371 -0.01742 -0.05669 -0.21089 0.97571
36482.633701000 339.38153 -330.52078 25.97044 -0.01606 -0.05551 -0.23279 0.97081
36482.835421000 340.64709 -331.24097 26.15034 -0.01463 -0.05442 -0.25791 0.96453
36483.037141000 341.85992 -332.03247 26.30987 -0.01238 -0.05394 -0.28620 0.95657
36483.238861000 342.97470 -332.86230 26.45375 -0.01054 -0.05374 -0.31558 0.94732
36483.440581000 344.02347 -333.75870 26.61548 -0.00882 -0.05268 -0.34475 0.93717
36483.642301000 345.00455 -334.71841 26.75260 -0.00701 -0.05262 -0.37330 0.92619
36483.844020000 345.90292 -335.68890 26.89852 -0.00582 -0.05264 -0.40020 0.91490
36484.045740000 346.75156 -336.72287 27.02548 -0.00508 -0.05350 -0.42607 0.90309
36484.247460000 347.54272 -337.79141 27.17404 -0.00588 -0.05520 -0.45122 0.89068
36484.449180000 348.27417 -338.89691 27.32336 -0.00689 -0.05642 -0.47643 0.87737
36484.650900000 348.94070 -340.08160 27.46830 -0.00609 -0.05624 -0.50134 0.86340
36484.852620000 349.55521 -341.29013 27.60640 -0.00528 -0.05522 -0.52494 0.84933
36485.054339000 350.10272 -342.54446 27.74243 -0.00405 -0.05416 -0.54726 0.83520
36485.256059000 350.56595 -343.83426 27.87185 -0.00270 -0.05359 -0.57065 0.81944
36485.457779000 350.94601 -345.11255 27.99717 -0.00255 -0.05472 -0.59542 0.80155
36485.659499000 351.24164 -346.41089 28.09200 -0.00190 -0.05687 -0.62106 0.78169
36485.861219000 351.44638 -347.72852 28.23075 -0.00110 -0.05708 -0.64633 0.76092
36486.062938000 351.58008 -349.06363 28.34258 -0.00007 -0.05759 -0.67160 0.73867
36486.264658000 351.59698 -350.40009 28.45360 0.00118 -0.05844 -0.69562 0.71603
36486.466378000 351.52374 -351.72391 28.55379 0.00280 -0.05980 -0.71893 0.69250
36486.668098000 351.38898 -353.04651 28.65716 0.00493 -0.06011 -0.74027 0.66959
36486.869818000 351.14462 -354.34805 28.75503 0.00710 -0.06158 -0.76043 0.64646
36487.071539000 350.85959 -355.66422 28.81537 0.00739 -0.06196 -0.78008 0.62256
36487.273258000 350.47018 -356.97662 28.90065 0.00924 -0.05920 -0.79996 0.59705
36487.474978000 349.98291 -358.26404 28.96253 0.00977 -0.05694 -0.82041 0.56885
36487.676698000 349.42087 -359.54233 29.01331 0.00982 -0.05305 -0.84057 0.53901
36487.878418000 348.73636 -360.78995 29.04435 0.01017 -0.04955 -0.85903 0.50942
36488.080138000 347.97818 -362.02271 29.08538 -0.01052 0.04319 0.87576 -0.48069
36488.281858000 347.11752 -363.20621 29.11427 -0.01415 0.04096 0.89052 -0.45288
36488.483577000 346.19205 -364.35428 29.12453 -0.01614 0.03626 0.90371 -0.42631
36488.685297000 345.20169 -365.42935 29.11981 -0.01961 0.03507 0.91496 -0.40155
36488.887017000 344.15988 -366.46640 29.10233 -0.02097 0.03425 0.92525 -0.37723
36489.088737000 343.06351 -367.44296 29.08210 -0.02379 0.03429 0.93389 -0.35511
36489.290457000 341.92392 -368.36914 29.05373 -0.02619 0.03403 0.94133 -0.33475
36489.492176000 340.74969 -369.27002 29.01665 -0.02824 0.03238 0.94750 -0.31687
36489.693896000 339.54300 -370.11423 28.95865 -0.02837 0.03338 0.95287 -0.30021
36489.895616000 338.32248 -370.91806 28.90713 -0.02934 0.03405 0.95721 -0.28589
36490.097336000 337.08765 -371.68738 28.85597 -0.03150 0.03449 0.96061 -0.27394
36490.299056000 335.82956 -372.43298 28.79576 -0.03319 0.03465 0.96316 -0.26461
36490.500776000 334.58112 -373.15158 28.73616 -0.03335 0.03365 0.96552 -0.25597
36490.702495000 333.31927 -373.85034 28.66605 -0.03240 0.03448 0.96735 -0.24899
36490.904215000 332.05869 -374.52591 28.62070 -0.03417 0.03452 0.96835 -0.24483
36491.105936000 330.81378 -375.20007 28.55256 -0.03465 0.03404 0.96870 -0.24343
36491.307656000 329.58527 -375.85864 28.49135 -0.03307 0.03360 0.96899 -0.24256
36491.509376000 328.36810 -376.50607 28.43103 -0.03203 0.03368 0.96927 -0.24159
36491.711095000 327.18826 -377.13956 28.37962 -0.03160 0.03329 0.96958 -0.24044
36491.912815000 326.03940 -377.74664 28.33105 -0.03142 0.03285 0.96999 -0.23884
36492.114535000 324.92731 -378.32776 28.27944 -0.03069 0.03323 0.97033 -0.23753
36492.316255000 323.82712 -378.90259 28.24258 -0.03040 0.03289 0.97061 -0.23644
36492.517975000 322.77469 -379.44318 28.19647 -0.03108 0.03316 0.97079 -0.23561
36492.719695000 321.76120 -379.96646 28.15518 -0.03118 0.03320 0.97098 -0.23478
36492.921414000 320.77911 -380.47629 28.10880 -0.03004 0.03284 0.97120 -0.23408
36493.123134000 319.82504 -380.96445 28.07323 -0.02878 0.03296 0.97138 -0.23347
36493.324854000 318.87228 -381.45273 28.04213 -0.02917 0.03371 0.97148 -0.23290
36493.526574000 317.95663 -381.92270 27.99943 -0.03069 0.03312 0.97162 -0.23222
36493.728294000 317.04999 -382.38834 27.96730 -0.03124 0.03210 0.97175 -0.23174
36493.930013000 316.16980 -382.83194 27.91833 -0.03081 0.03276 0.97189 -0.23108
36494.131733000 315.29065 -383.27570 27.88642 -0.03033 0.03214 0.97210 -0.23036
36494.333453000 314.41815 -383.71613 27.85022 -0.02973 0.03168 0.97219 -0.23011
36494.535173000 313.55609 -384.15109 27.81340 -0.02898 0.03202 0.97231 -0.22969
36494.736893000 312.70157 -384.57837 27.78240 -0.02817 0.03248 0.97241 -0.22927
36494.938613000 311.84613 -385.00497 27.74960 -0.02804 0.03310 0.97250 -0.22883
36495.140332000 311.00797 -385.42480 27.72023 -0.02758 0.03310 0.97262 -0.22839
36495.342052000 310.15912 -385.84930 27.68287 -0.02753 0.03427 0.97270 -0.22786
36495.543772000 309.31567 -386.27042 27.65564 -0.02627 0.03338 0.97288 -0.22736
36495.745492000 308.48987 -386.67813 27.63692 -0.02594 0.03411 0.97285 -0.22746
36495.947212000 307.66266 -387.09375 27.60675 -0.02544 0.03497 0.97294 -0.22699
36496.148933000 306.84109 -387.50623 27.59186 -0.02515 0.03513 0.97299 -0.22675
36496.350652000 306.00433 -387.92084 27.56573 -0.02475 0.03576 0.97302 -0.22660
36496.552372000 305.17661 -388.33258 27.54057 -0.02427 0.03563 0.97305 -0.22652
36496.754092000 304.36551 -388.73663 27.51807 -0.02327 0.03513 0.97310 -0.22651
36496.955812000 303.54684 -389.14130 27.48829 -0.02249 0.03535 0.97316 -0.22630
36497.157532000 302.69901 -389.56491 27.46222 -0.02107 0.03465 0.97320 -0.22634
36497.359251000 301.82684 -389.99942 27.43017 -0.01853 0.03396 0.97332 -0.22616
36497.560971000 300.88840 -390.45520 27.41109 -0.01840 0.03404 0.97334 -0.22606
36497.762691000 299.88324 -390.95389 27.39268 -0.01887 0.03427 0.97336 -0.22590
36497.964411000 298.84668 -391.46790 27.37095 -0.01805 0.03377 0.97343 -0.22577
36498.166131000 297.76294 -392.00836 27.34162 -0.01775 0.03437 0.97338 -0.22590
36498.367851000 296.62820 -392.57471 27.31714 -0.01758 0.03452 0.97327 -0.22638
36498.569570000 295.46945 -393.14667 27.29557 -0.01689 0.03428 0.97320 -0.22675
36498.771290000 294.29745 -393.71863 27.27169 -0.01628 0.03400 0.97320 -0.22685
36498.973010000 293.11215 -394.30298 27.25589 -0.01566 0.03400 0.97312 -0.22725
36499.174730000 291.92322 -394.88797 27.23378 -0.01542 0.03436 0.97301 -0.22766
36499.376450000 290.71228 -395.48920 27.21212 -0.01534 0.03422 0.97295 -0.22794
36499.578169000 289.52127 -396.09351 27.20171 -0.01380 0.03431 0.97290 -0.22826
36499.779889000 288.32166 -396.68851 27.18807 -0.01175 0.03498 0.97284 -0.22852
36499.981609000 287.11920 -397.31772 27.17901 -0.01118 0.03417 0.97283 -0.22872
36500.183329000 285.92337 -397.92630 27.18688 -0.01111 0.03316 0.97275 -0.22922
36500.385049000 284.74194 -398.50134 27.18927 -0.00922 0.03344 0.97283 -0.22890
36500.586769000 283.55792 -399.09528 27.18319 -0.00717 0.03375 0.97300 -0.22819
36500.788488000 282.34848 -399.69177 27.18292 -0.00837 0.03249 0.97307 -0.22804
36500.990209000 281.11865 -400.26419 27.17377 -0.01301 0.03078 0.97314 -0.22776
36501.191929000 279.91840 -400.84674 27.17946 -0.01449 0.03013 0.97345 -0.22644
36501.393649000 278.72662 -401.42709 27.14194 -0.01299 0.03209 0.97353 -0.22592
36501.595369000 277.51627 -401.98047 27.13617 -0.01304 0.03420 0.97366 -0.22505
36501.797088000 276.33170 -402.58527 27.13282 -0.00933 0.03524 0.97366 -0.22509
36501.998808000 275.13718 -403.15753 27.14765 -0.00656 0.03622 0.97365 -0.22504
36502.200528000 273.93826 -403.79474 27.17320 -0.00620 0.03498 0.97363 -0.22536
36502.402248000 272.73514 -404.39066 27.16705 -0.00636 0.03379 0.97354 -0.22593
36502.603968000 271.52521 -404.99152 27.15452 -0.00821 0.03238 0.97372 -0.22530
36502.805687000 270.31598 -405.57446 27.15762 -0.00851 0.03220 0.97382 -0.22487
36503.007407000 269.09436 -406.18887 27.16404 -0.00787 0.03111 0.97389 -0.22475
36503.209127000 267.85211 -406.77441 27.15558 -0.00787 0.03147 0.97384 -0.22492
36503.410847000 266.66605 -407.37799 27.16213 -0.00615 0.03081 0.97416 -0.22367
36503.612567000 265.42233 -407.94589 27.15231 -0.00804 0.03226 0.97401 -0.22405
36503.814287000 264.18393 -408.52319 27.16132 -0.01043 0.03382 0.97426 -0.22263
36504.016006000 262.95898 -409.11774 27.16448 -0.01022 0.03446 0.97438 -0.22201
36504.217726000 261.72205 -409.72232 27.14794 -0.00659 0.03356 0.97444 -0.22202
36504.419446000 260.52536 -410.31656 27.18021 0.00029 0.03416 0.97467 -0.22101
36504.621166000 259.31543 -410.89529 27.19474 0.00341 0.03413 0.97473 -0.22074
36504.822886000 258.07031 -411.47144 27.22133 0.00262 0.03451 0.97485 -0.22015
36505.024605000 256.83896 -412.04807 27.25094 0.00180 0.03447 0.97497 -0.21963
36505.226325000 255.59911 -412.62454 27.28812 0.00015 0.03433 0.97505 -0.21931
36505.428045000 254.48592 -413.16382 27.31100 -0.00091 0.03345 0.97496 -0.21983
36505.629765000 253.45746 -413.65189 27.33806 -0.00050 0.03350 0.97483 -0.22040
