36880.021832000 693.68127 -1478.32007 199.36630 -0.05206 -0.06359 -0.54690 0.83315
36880.223552000 693.96924 -1479.01306 199.48869 -0.05067 -0.06332 -0.54741 0.83293
36880.425272000 694.28839 -1479.75818 199.62456 -0.04954 -0.06260 -0.54786 0.83275
36880.626992000 694.63550 -1480.55017 199.75459 -0.04913 -0.06183 -0.54913 0.83199
36880.828711000 695.00568 -1481.41101 199.89285 -0.04954 -0.06138 -0.55175 0.83027
36881.030431000 695.37170 -1482.30945 200.04826 -0.04904 -0.06113 -0.55563 0.82773
36881.232151000 695.74780 -1483.27942 200.20757 -0.04874 -0.06147 -0.56077 0.82425
36881.433871000 696.15149 -1484.32812 200.38647 -0.04845 -0.06190 -0.56867 0.81880
36881.635591000 696.51337 -1485.42786 200.57048 -0.04667 -0.06335 -0.57894 0.81157
36881.837311000 696.85144 -1486.56653 200.76001 -0.04427 -0.06370 -0.59031 0.80344
36882.039030000 697.17151 -1487.75500 200.95941 -0.04161 -0.06490 -0.60158 0.79508
36882.240750000 697.45776 -1488.95508 201.15016 -0.03970 -0.06545 -0.61307 0.78631
36882.442470000 697.72180 -1490.18823 201.34468 -0.03752 -0.06513 -0.62500 0.77700
36882.644190000 697.97229 -1491.47607 201.53534 -0.03777 -0.06632 -0.63687 0.76719
36882.845910000 698.16925 -1492.78699 201.72052 -0.03965 -0.07124 -0.64871 0.75666
36883.047629000 698.33691 -1494.17126 201.95006 -0.04122 -0.07342 -0.66202 0.74474
36883.249349000 698.45605 -1495.64514 202.20522 -0.03860 -0.07303 -0.67531 0.73290
36883.451069000 698.52209 -1497.15417 202.44583 -0.03569 -0.07244 -0.68939 0.71988
36883.652789000 698.52515 -1498.63977 202.67552 -0.03361 -0.07259 -0.70335 0.70633
36883.854509000 698.47327 -1500.15662 202.90492 -0.03259 -0.07339 -0.71789 0.69150
36884.056229000 698.34180 -1501.71387 203.13449 -0.03153 -0.07503 -0.73224 0.67616
36884.257948000 698.15125 -1503.31860 203.36244 -0.03027 -0.07447 -0.74647 0.66054
36884.459668000 697.87848 -1504.98853 203.60385 -0.02899 -0.07363 -0.76066 0.64431
36884.661388000 697.52350 -1506.67102 203.84024 -0.02984 -0.07566 -0.77439 0.62746
36884.863108000 697.08765 -1508.40259 204.08667 -0.02912 -0.07696 -0.78698 0.61147
36885.064829000 696.55688 -1510.15906 204.33551 -0.02796 -0.07899 -0.79871 0.59585
36885.266549000 695.95032 -1511.94702 204.59641 -0.02673 -0.08207 -0.80868 0.58188
36885.468268000 695.28235 -1513.76367 204.86023 -0.02284 -0.08174 -0.81688 0.57054
36885.669988000 694.57092 -1515.59729 205.12903 -0.02104 -0.08094 -0.82280 0.56214
36885.871708000 693.81799 -1517.44958 205.38503 -0.02128 -0.08112 -0.82693 0.55601
36886.073428000 693.02966 -1519.31079 205.63832 -0.02155 -0.08256 -0.82952 0.55193
36886.275148000 692.19446 -1521.21375 205.90096 -0.02130 -0.08542 -0.83136 0.54872
36886.476868000 691.34222 -1523.11218 206.17084 -0.02205 -0.08786 -0.83398 0.54431
36886.678587000 690.43646 -1525.05310 206.45770 -0.02091 -0.09072 -0.83629 0.54033
36886.880307000 689.52191 -1526.99451 206.74010 -0.01981 -0.09216 -0.83924 0.53553
36887.082027000 688.56659 -1528.94531 207.03120 -0.01746 -0.09256 -0.84221 0.53087
36887.283747000 687.58344 -1530.90173 207.29271 -0.01432 -0.09267 -0.84488 0.52667
36887.485467000 686.57843 -1532.84937 207.57860 -0.01187 -0.09186 -0.84746 0.52272
36887.687187000 685.55762 -1534.80261 207.83792 -0.01100 -0.09344 -0.84924 0.51956
36887.888906000 684.51434 -1536.76978 208.10551 -0.01041 -0.09454 -0.85036 0.51754
36888.090626000 683.46448 -1538.73962 208.37836 -0.01037 -0.09419 -0.85076 0.51694
36888.292346000 682.41840 -1540.71716 208.64323 -0.01074 -0.09442 -0.85084 0.51677
36888.494066000 681.35864 -1542.72266 208.90892 -0.01197 -0.09438 -0.85088 0.51667
36888.695786000 680.28918 -1544.74060 209.17879 -0.01268 -0.09387 -0.85107 0.51643
36888.897506000 679.21680 -1546.77344 209.46013 -0.01339 -0.09315 -0.85121 0.51632
36889.099225000 678.14508 -1548.81641 209.72731 -0.01335 -0.09251 -0.85140 0.51611
36889.300945000 677.05042 -1550.88379 210.01283 -0.01362 -0.09157 -0.85159 0.51596
36889.502665000 675.94318 -1552.97742 210.31064 -0.01482 -0.09022 -0.85170 0.51599
36889.704385000 674.81787 -1555.10571 210.59152 -0.01561 -0.08870 -0.85210 0.51557
36889.906105000 673.69348 -1557.23938 210.88272 -0.01846 -0.08833 -0.85237 0.51509
36890.107824000 672.53552 -1559.38196 211.19722 -0.01945 -0.08567 -0.85271 0.51494
36890.309544000 671.36310 -1561.55835 211.49866 -0.02061 -0.08543 -0.85298 0.51449
36890.511264000 670.18506 -1563.73047 211.81230 -0.02016 -0.08621 -0.85314 0.51412
36890.712984000 668.99164 -1565.94043 212.13678 -0.01985 -0.08674 -0.85311 0.51408
36890.914704000 667.80878 -1568.14221 212.45369 -0.01989 -0.08751 -0.85279 0.51449
36891.116424000 666.61847 -1570.34973 212.77760 -0.01883 -0.08857 -0.85240 0.51499
36891.318143000 665.43726 -1572.55212 213.09717 -0.01812 -0.08977 -0.85216 0.51521
36891.519863000 664.24884 -1574.78137 213.42056 -0.01801 -0.08998 -0.85197 0.51549
36891.721583000 663.06451 -1576.99695 213.74747 -0.01817 -0.08935 -0.85164 0.51613
36891.923303000 661.88342 -1579.23254 214.07507 -0.01824 -0.08956 -0.85124 0.51676
36892.125023000 660.71130 -1581.42908 214.39145 -0.01826 -0.08999 -0.85075 0.51748
36892.326743000 659.54010 -1583.65027 214.72531 -0.01795 -0.09033 -0.85044 0.51795
36892.528462000 658.37573 -1585.88574 215.04999 -0.01697 -0.09122 -0.85007 0.51843
36892.730182000 657.21771 -1588.11768 215.38223 -0.01784 -0.09055 -0.84984 0.51889
36892.931902000 656.05621 -1590.33032 215.69997 -0.01732 -0.08981 -0.84976 0.51917
36893.133622000 654.90686 -1592.52966 216.01331 -0.01845 -0.08928 -0.84963 0.51944
36893.335342000 653.78290 -1594.69263 216.33296 -0.02011 -0.08846 -0.84964 0.51951
36893.537062000 652.63965 -1596.87708 216.68301 -0.02030 -0.08806 -0.84957 0.51968
36893.738781000 651.51648 -1599.03772 216.99687 -0.02059 -0.08806 -0.84958 0.51965
36893.940501000 650.39917 -1601.18982 217.31384 -0.02098 -0.08772 -0.84961 0.51965
36894.142222000 649.28290 -1603.34473 217.64824 -0.02062 -0.08741 -0.84951 0.51988
36894.343942000 648.17249 -1605.48193 217.96124 -0.02186 -0.08791 -0.84949 0.51976
36894.545662000 647.07611 -1607.58142 218.28540 -0.02175 -0.08822 -0.84948 0.51973
