3.033680 -0.000000 -0.000000 -0.000000 -0.000000 -0.000000 -0.000000 1.000000
3.083680 -0.000957 -0.000743 0.000056 -0.000491 0.000893 -0.000080 1.000000
3.133680 -0.000757 -0.000588 0.001685 -0.000602 0.000664 -0.000194 1.000000
3.183680 -0.002171 -0.000287 0.002157 0.000166 0.001284 -0.000408 0.999999
3.233680 -0.002171 -0.000287 0.002157 0.000166 0.001284 -0.000408 0.999999
3.283680 -0.002171 -0.000287 0.002157 0.000166 0.001284 -0.000408 0.999999
3.333681 -0.001579 -0.000089 0.002766 0.001603 0.000801 -0.000712 0.999998
3.383680 -0.001579 -0.000089 0.002766 0.001603 0.000801 -0.000712 0.999998
3.433680 -0.001579 -0.000089 0.002766 0.001603 0.000801 -0.000712 0.999998
3.483680 -0.001518 0.000232 0.004259 0.002174 0.001136 -0.000499 0.999997
3.533681 -0.001518 0.000232 0.004259 0.002174 0.001136 -0.000499 0.999997
3.583680 -0.001518 0.000232 0.004259 0.002174 0.001136 -0.000499 0.999997
3.633680 -0.001518 0.000232 0.004259 0.002174 0.001136 -0.000499 0.999997
3.683680 -0.001518 0.000232 0.004259 0.002174 0.001136 -0.000499 0.999997
3.733680 -0.001518 0.000232 0.004259 0.002174 0.001136 -0.000499 0.999997
3.783680 -0.000898 0.000172 0.005424 0.002036 0.002019 0.000273 0.999996
3.833680 -0.000211 0.000023 0.004808 0.001438 0.001377 -0.000293 0.999998
3.883680 -0.000492 -0.000132 0.005358 0.001368 0.001654 0.000215 0.999998
3.933680 -0.001085 -0.000080 0.006163 0.001277 0.002530 -0.000336 0.999996
3.983680 -0.000414 0.000359 0.006105 0.001872 0.002319 -0.000293 0.999996
4.033680 -0.000881 -0.000065 0.005804 0.001907 0.001849 -0.000831 0.999996
4.083680 -0.000949 0.000011 0.005644 0.001893 0.001052 -0.001349 0.999997
4.133680 -0.000625 0.000030 0.005308 0.001947 0.000103 -0.001917 0.999996
4.183680 -0.000814 0.000252 0.005413 0.002265 -0.000034 -0.001799 0.999996
4.233680 -0.001051 -0.000057 0.005235 0.002454 -0.000144 -0.001486 0.999996
4.283680 -0.001064 -0.000137 0.004737 0.002743 -0.000259 -0.001282 0.999995
4.333680 -0.001299 -0.000077 0.005215 0.003212 -0.000155 -0.001415 0.999994
4.383680 -0.001192 -0.000526 0.004871 0.003625 -0.000686 -0.001305 0.999992
4.433680 -0.001325 -0.001057 0.005403 0.003968 -0.000768 -0.001109 0.999991
4.483680 -0.001687 -0.001480 0.005637 0.004592 -0.000554 -0.000722 0.999989
4.536547 -0.000901 -0.001803 0.005629 0.005092 -0.000555 -0.000339 0.999987
4.583680 -0.000500 -0.002277 0.005715 0.005306 -0.000170 0.000261 0.999986
4.633680 -0.000215 -0.002722 0.006345 0.005066 0.000411 0.000776 0.999987
4.683680 0.000109 -0.002359 0.006238 0.005319 0.001183 0.001069 0.999985
4.733681 -0.000187 -0.002453 0.007143 0.005230 0.001737 0.000671 0.999985
4.783680 0.000016 -0.002058 0.007992 0.005472 0.001650 0.000692 0.999983
4.833680 -0.000198 -0.002540 0.008454 0.005151 0.002186 0.000202 0.999984
4.883680 0.000399 -0.002026 0.008548 0.005261 0.002715 0.000287 0.999982
4.933680 0.000960 -0.002645 0.008855 0.004447 0.002974 0.000898 0.999985
4.983680 0.001334 -0.002777 0.009326 0.003936 0.003326 0.001270 0.999986
5.033680 0.001995 -0.002548 0.009807 0.004341 0.003340 0.001433 0.999984
5.083680 0.001898 -0.001877 0.009883 0.004892 0.002891 0.000789 0.999984
5.133680 0.002067 -0.001677 0.010430 0.005108 0.002103 0.000110 0.999985
5.183680 0.002060 -0.001639 0.010140 0.005417 0.001697 -0.000351 0.999984
5.233680 0.002026 -0.001673 0.009688 0.005184 0.001429 0.000181 0.999986
5.283680 0.002086 -0.002604 0.007973 0.004430 0.001560 0.000281 0.999989
5.333680 0.002261 -0.002484 0.008506 0.004415 0.002527 0.000608 0.999987
5.383680 0.003201 -0.002242 0.008968 0.004288 0.001614 0.000661 0.999989
5.433680 0.003071 -0.002028 0.009372 0.004699 0.001065 0.000703 0.999988
5.483681 0.002269 -0.001659 0.009739 0.005023 0.001578 0.000480 0.999986
5.533680 0.002211 -0.002010 0.009588 0.004884 0.001458 0.000208 0.999987
5.583680 0.001875 -0.002401 0.009262 0.005259 0.001674 0.000406 0.999985
5.633680 0.001942 -0.002102 0.009986 0.005658 0.001743 0.000943 0.999982
5.683680 0.002415 -0.002092 0.010364 0.006049 0.002405 0.001145 0.999978
5.733681 0.002514 -0.002361 0.010765 0.005812 0.003152 0.001408 0.999977
5.783680 0.002074 -0.002141 0.011388 0.005913 0.004100 0.001226 0.999973
5.833680 0.002772 -0.001607 0.012314 0.006107 0.004430 0.001749 0.999970
5.883680 0.002834 -0.002041 0.012201 0.005816 0.004888 0.002120 0.999969
5.933680 0.003953 -0.002496 0.012175 0.005781 0.005009 0.001730 0.999969
5.983680 0.004667 -0.002348 0.013065 0.006216 0.005292 0.001515 0.999966
6.033680 0.004751 -0.002818 0.012639 0.006313 0.005060 0.001445 0.999966
6.083680 0.004744 -0.002795 0.012706 0.006812 0.005369 0.001074 0.999962
6.133680 0.004934 -0.002567 0.012879 0.007158 0.005180 0.000717 0.999961
6.183680 0.005666 -0.001469 0.013053 0.007665 0.004765 0.000478 0.999959
6.233680 0.004528 -0.002372 0.012349 0.007218 0.005438 0.000287 0.999959
6.287857 0.005042 -0.002172 0.012369 0.006810 0.005726 0.000673 0.999960
6.333680 0.005251 -0.002650 0.011997 0.005790 0.006225 0.000305 0.999964
6.383680 0.006236 -0.002165 0.011594 0.005331 0.005995 -0.000029 0.999968
6.433680 0.007268 -0.002099 0.011031 0.004651 0.005284 -0.000273 0.999975
6.483680 0.008790 -0.001516 0.009923 0.004090 0.004832 -0.000426 0.999980
6.533680 0.009660 -0.000903 0.009297 0.003045 0.004684 -0.000969 0.999984
6.583680 0.009935 0.000185 0.008508 0.002569 0.005173 -0.001864 0.999982
6.633680 0.010522 0.001513 0.009170 0.001510 0.006747 -0.003888 0.999969
6.683680 0.011741 0.003115 0.009308 0.000180 0.007226 -0.005965 0.999956
6.733680 0.014416 0.006250 0.009699 0.000020 0.005962 -0.006669 0.999960
6.783680 0.017390 0.008119 0.009919 -0.000099 0.006423 -0.006985 0.999955
6.833680 0.019429 0.010168 0.010401 0.001062 0.007883 -0.007299 0.999942
6.883680 0.022320 0.011209 0.011111 0.001644 0.008826 -0.006825 0.999936
6.933680 0.024601 0.011722 0.011684 0.002585 0.010852 -0.007651 0.999909
6.983680 0.030039 0.011011 0.010935 0.003727 0.011547 -0.008217 0.999893
7.033680 0.035611 0.010439 0.011805 0.004821 0.012983 -0.008226 0.999870
7.083680 0.042439 0.009453 0.012544 0.005422 0.013307 -0.006843 0.999873
7.133680 0.048943 0.009862 0.013363 0.005408 0.012743 -0.004913 0.999892
7.183680 0.055304 0.009830 0.014353 0.004227 0.012119 -0.002543 0.999914
7.233680 0.061393 0.009969 0.015317 0.003551 0.011013 -0.001370 0.999932
7.283681 0.068512 0.010138 0.015943 0.003472 0.008339 -0.000463 0.999959
7.333680 0.075196 0.010110 0.015056 0.004407 0.005429 -0.000821 0.999975
7.383680 0.085261 0.010268 0.014547 0.007148 0.000104 -0.001264 0.999974
7.433680 0.093171 0.010123 0.013510 0.010289 -0.004167 -0.002475 0.999935
7.483680 0.102616 0.010177 0.012050 0.011525 -0.009732 -0.005282 0.999872
7.533680 0.110454 0.012220 0.010954 0.011512 -0.013268 -0.008378 0.999811
7.583680 0.120593 0.013953 0.010857 0.010700 -0.014843 -0.009750 0.999785
7.633680 0.130085 0.015479 0.010889 0.009494 -0.015012 -0.009444 0.999798
7.683680 0.142067 0.016965 0.011328 0.007695 -0.017995 -0.008340 0.999774
7.733680 0.151617 0.019254 0.011477 0.006598 -0.020209 -0.007595 0.999745
7.783680 0.161144 0.021969 0.011136 0.007019 -0.021625 -0.008366 0.999707
7.833680 0.171170 0.023165 0.011134 0.006651 -0.022072 -0.009272 0.999691
7.883680 0.183865 0.025366 0.011460 0.007696 -0.023760 -0.009342 0.999644
7.933680 0.195362 0.027078 0.011816 0.008555 -0.024615 -0.009016 0.999620
7.983680 0.207061 0.028574 0.011665 0.008450 -0.026937 -0.009223 0.999559
8.033680 0.218390 0.030562 0.011914 0.007881 -0.027885 -0.010394 0.999526
8.083680 0.232268 0.032408 0.012146 0.008007 -0.028532 -0.010779 0.999503
8.133680 0.246386 0.033481 0.012647 0.007851 -0.027514 -0.010388 0.999537
8.183680 0.259464 0.034511 0.012757 0.008879 -0.027913 -0.008961 0.999531
8.233680 0.272433 0.034726 0.013660 0.010279 -0.030069 -0.006387 0.999475
8.283680 0.284949 0.035385 0.013877 0.011722 -0.033285 -0.005141 0.999364
8.333680 0.297766 0.036864 0.013650 0.013368 -0.037061 -0.006428 0.999203
8.383680 0.310514 0.037601 0.013409 0.015105 -0.039958 -0.008396 0.999052
8.433680 0.324845 0.038161 0.012826 0.017698 -0.042430 -0.009488 0.998898
8.483680 0.339397 0.037914 0.012086 0.019622 -0.044535 -0.009249 0.998772
8.533680 0.353607 0.038458 0.011819 0.019972 -0.045981 -0.009535 0.998697
8.583680 0.368778 0.039323 0.012161 0.019314 -0.045202 -0.010584 0.998735
8.633680 0.383202 0.040398 0.013045 0.018127 -0.043461 -0.010625 0.998834
8.683680 0.397706 0.041874 0.014132 0.017500 -0.042219 -0.009707 0.998908
8.733680 0.412288 0.042873 0.015419 0.017701 -0.040803 -0.009031 0.998970
8.783680 0.426726 0.043759 0.016777 0.018784 -0.038892 -0.009323 0.999023
8.833680 0.440374 0.044406 0.018554 0.020360 -0.037893 -0.009877 0.999026
8.883680 0.454094 0.045040 0.020564 0.022366 -0.038318 -0.009580 0.998969
8.933680 0.467184 0.046086 0.022788 0.023993 -0.038540 -0.009549 0.998923
8.985260 0.480832 0.046644 0.025211 0.024992 -0.037800 -0.009528 0.998927
9.033680 0.493463 0.048506 0.027915 0.026166 -0.036447 -0.009234 0.998950
9.083680 0.505470 0.049466 0.030364 0.025964 -0.037508 -0.008689 0.998921
9.133680 0.517221 0.051041 0.032070 0.026362 -0.039095 -0.009578 0.998842
9.183680 0.527665 0.053076 0.033127 0.027946 -0.040951 -0.012055 0.998698
9.233680 0.538409 0.055045 0.034209 0.029777 -0.042965 -0.014161 0.998532
9.283680 0.548524 0.057113 0.034266 0.031178 -0.045623 -0.014700 0.998364
9.333680 0.558369 0.059160 0.033996 0.031954 -0.048598 -0.014205 0.998206
9.383681 0.567659 0.061040 0.033825 0.032105 -0.051337 -0.014347 0.998062
9.433681 0.576022 0.063183 0.033440 0.032949 -0.055363 -0.015396 0.997804
9.483681 0.583790 0.065061 0.032662 0.034301 -0.059518 -0.016479 0.997502
9.533681 0.591224 0.067326 0.032030 0.036020 -0.063579 -0.018889 0.997148
9.583681 0.598262 0.069343 0.031309 0.036731 -0.067322 -0.021887 0.996815
9.633681 0.603971 0.071064 0.030916 0.036847 -0.070209 -0.023521 0.996574
9.683681 0.610772 0.073326 0.029695 0.036975 -0.073259 -0.024908 0.996316
9.733681 0.616458 0.074327 0.029353 0.036730 -0.075156 -0.025483 0.996169
9.783681 0.622176 0.075559 0.027891 0.037657 -0.077656 -0.026124 0.995926
9.833681 0.627326 0.074803 0.026766 0.038187 -0.080796 -0.026409 0.995649
9.883681 0.632248 0.074791 0.025374 0.039613 -0.082166 -0.027127 0.995462
9.933681 0.639011 0.073320 0.024608 0.040841 -0.082707 -0.028077 0.995341
9.983681 0.644309 0.072098 0.024605 0.041994 -0.082365 -0.028703 0.995303
10.033681 0.650791 0.071136 0.024913 0.042263 -0.082856 -0.029146 0.995238
10.083681 0.656277 0.070107 0.025401 0.040983 -0.082721 -0.030226 0.995271
10.133681 0.661515 0.070669 0.026256 0.039274 -0.082632 -0.031106 0.995320
10.183681 0.666289 0.071749 0.026726 0.037699 -0.082327 -0.031933 0.995380
10.233681 0.670996 0.072614 0.027393 0.036571 -0.081278 -0.031984 0.995507
10.283681 0.676101 0.073519 0.027299 0.036770 -0.079766 -0.031279 0.995644
10.333681 0.681105 0.074427 0.027023 0.037367 -0.078716 -0.030112 0.995741
10.383681 0.686842 0.075201 0.026534 0.037654 -0.077768 -0.028832 0.995843
10.433681 0.693797 0.075399 0.026247 0.037553 -0.075413 -0.027619 0.996062
10.483681 0.700349 0.076187 0.026316 0.036638 -0.072153 -0.026520 0.996368
10.533681 0.706061 0.077638 0.026571 0.034474 -0.070045 -0.025569 0.996620
10.583681 0.710476 0.079379 0.026964 0.031664 -0.068128 -0.024570 0.996871
10.633681 0.715251 0.080455 0.027317 0.029706 -0.065851 -0.023404 0.997113
10.683681 0.720124 0.080806 0.027040 0.029413 -0.063316 -0.022278 0.997311
10.733681 0.724433 0.080474 0.027065 0.030060 -0.061845 -0.021582 0.997400
10.783681 0.728082 0.079749 0.026701 0.031117 -0.061484 -0.021402 0.997393
10.833681 0.730883 0.079353 0.026564 0.032011 -0.060816 -0.021496 0.997404
10.883681 0.734076 0.078848 0.026161 0.031945 -0.059821 -0.021474 0.997467
10.933681 0.736059 0.078436 0.026006 0.030722 -0.059029 -0.021502 0.997552
10.983681 0.737801 0.078876 0.026456 0.029947 -0.059292 -0.021741 0.997555
11.033681 0.736477 0.075893 0.024360 0.028927 -0.059521 -0.021886 0.997568
11.083681 0.735945 0.074619 0.023345 0.030278 -0.059932 -0.022266 0.997495
11.133681 0.735030 0.071933 0.022263 0.031527 -0.060777 -0.023060 0.997387
11.183681 0.734074 0.069915 0.021438 0.033376 -0.062505 -0.023855 0.997201
11.233681 0.731542 0.067934 0.020802 0.035023 -0.064019 -0.024346 0.997037
11.283681 0.728733 0.066198 0.021381 0.036526 -0.064395 -0.024230 0.996961
11.333681 0.726630 0.064299 0.022438 0.037022 -0.064054 -0.023737 0.996977
11.383681 0.725243 0.063229 0.023501 0.037603 -0.063518 -0.022713 0.997013
11.433682 0.724041 0.063174 0.025762 0.037788 -0.063174 -0.021968 0.997045
11.483681 0.723542 0.064209 0.026474 0.037467 -0.062200 -0.022108 0.997115
11.533681 0.722594 0.064486 0.028966 0.036031 -0.061062 -0.022346 0.997233
11.583681 0.719998 0.065050 0.030554 0.034250 -0.059283 -0.023015 0.997388
11.633681 0.717981 0.065914 0.032508 0.033079 -0.058186 -0.024417 0.997459
11.683681 0.714783 0.067008 0.033798 0.032536 -0.057674 -0.026173 0.997462
11.733681 0.711219 0.067727 0.035095 0.031568 -0.055793 -0.026953 0.997579
11.783681 0.706115 0.068433 0.035696 0.030567 -0.054113 -0.027317 0.997693
11.833681 0.700317 0.068086 0.036534 0.028681 -0.054326 -0.027768 0.997725
11.883681 0.692914 0.068163 0.036680 0.028436 -0.054213 -0.029242 0.997696
11.933681 0.685004 0.067114 0.036659 0.028813 -0.053786 -0.030094 0.997683
11.983681 0.675837 0.065714 0.036770 0.030195 -0.054205 -0.029816 0.997628
12.033681 0.666660 0.064242 0.036979 0.031442 -0.054591 -0.029098 0.997589
12.083681 0.657528 0.062748 0.037307 0.031897 -0.053940 -0.028320 0.997633
12.133681 0.648496 0.062185 0.038376 0.031628 -0.053042 -0.027867 0.997702
12.183681 0.639555 0.061066 0.039357 0.029916 -0.051671 -0.028162 0.997819
12.233681 0.630616 0.060302 0.040353 0.028324 -0.051194 -0.028463 0.997881
12.283681 0.621670 0.059527 0.041612 0.027415 -0.050951 -0.029205 0.997898
12.333681 0.611956 0.058781 0.042493 0.027317 -0.050567 -0.030259 0.997888
12.383681 0.602371 0.058165 0.043610 0.026879 -0.050482 -0.031088 0.997879
12.433681 0.591810 0.057332 0.044716 0.026040 -0.050526 -0.031938 0.997872
12.486241 0.580017 0.057388 0.045760 0.025249 -0.050655 -0.032971 0.997852
12.533681 0.568332 0.056779 0.046453 0.024575 -0.051373 -0.033956 0.997800
12.583681 0.555984 0.055836 0.046631 0.024005 -0.053287 -0.034520 0.997694
12.633681 0.542613 0.055069 0.046981 0.024328 -0.054455 -0.035079 0.997603
12.683681 0.529598 0.054068 0.047085 0.024842 -0.055810 -0.035389 0.997505
12.733681 0.516909 0.053252 0.047593 0.024765 -0.056573 -0.035507 0.997460
12.783681 0.504420 0.052678 0.048585 0.024151 -0.055768 -0.035182 0.997531
12.833681 0.491970 0.051222 0.050014 0.022021 -0.055006 -0.034208 0.997657
12.883681 0.478485 0.050360 0.051546 0.019848 -0.054517 -0.033062 0.997768
12.933681 0.464349 0.050258 0.052758 0.018396 -0.053780 -0.032844 0.997843
12.983681 0.449714 0.049507 0.053621 0.016881 -0.054192 -0.032575 0.997856
13.033681 0.434738 0.048695 0.054382 0.015717 -0.054861 -0.032520 0.997841
13.083681 0.419239 0.047727 0.054578 0.015071 -0.056028 -0.032058 0.997801
13.133681 0.403372 0.046810 0.054661 0.014811 -0.057260 -0.031672 0.997747
13.183681 0.389106 0.046149 0.054827 0.014346 -0.057516 -0.031249 0.997752
13.233681 0.373762 0.045384 0.055608 0.012818 -0.057185 -0.030305 0.997821
13.283681 0.358866 0.045505 0.056843 0.011298 -0.056595 -0.029623 0.997894
13.333681 0.344765 0.045699 0.058216 0.009865 -0.056674 -0.029020 0.997922
13.383681 0.331145 0.045853 0.059761 0.009119 -0.055372 -0.029021 0.998002
13.433681 0.318299 0.045790 0.061340 0.008848 -0.054378 -0.028734 0.998068
13.483681 0.306692 0.045793 0.062735 0.008904 -0.052924 -0.027896 0.998169
13.533681 0.295548 0.045400 0.064295 0.009006 -0.050567 -0.026333 0.998333
13.583681 0.284737 0.045379 0.066102 0.009002 -0.048677 -0.024525 0.998473
13.633681 0.273811 0.045389 0.068478 0.008319 -0.046401 -0.022932 0.998625
13.683681 0.263454 0.045506 0.070913 0.007643 -0.044353 -0.021981 0.998745
13.733681 0.253537 0.045839 0.073363 0.007737 -0.041853 -0.021890 0.998854
13.783681 0.244004 0.045232 0.075479 0.008014 -0.039819 -0.021784 0.998937
13.833681 0.234054 0.044783 0.076908 0.008916 -0.037457 -0.021757 0.999022
13.883681 0.224880 0.044186 0.078554 0.009233 -0.035853 -0.021540 0.999082
13.933681 0.215280 0.044236 0.079621 0.009738 -0.033842 -0.021478 0.999149
13.983681 0.205923 0.043326 0.080592 0.009342 -0.031910 -0.020344 0.999240
14.033681 0.196027 0.043410 0.081900 0.008813 -0.029950 -0.018853 0.999335
14.083681 0.187503 0.043052 0.083055 0.007332 -0.028334 -0.017491 0.999419
14.133681 0.178075 0.043338 0.084454 0.006320 -0.025722 -0.017006 0.999505
14.183681 0.169021 0.043644 0.085251 0.006135 -0.023825 -0.016160 0.999567
14.233681 0.160190 0.043844 0.086137 0.005549 -0.022433 -0.015474 0.999613
14.283681 0.151458 0.044401 0.087121 0.005026 -0.020917 -0.015572 0.999647
14.333681 0.143050 0.044868 0.088147 0.004856 -0.018950 -0.016080 0.999679
14.383681 0.134519 0.044258 0.088231 0.004941 -0.017156 -0.016268 0.999708
14.433681 0.126656 0.044110 0.088369 0.006025 -0.015323 -0.016113 0.999735
14.483681 0.118513 0.043023 0.088498 0.006598 -0.012804 -0.016327 0.999763
14.533681 0.111117 0.042021 0.088441 0.006491 -0.011223 -0.016012 0.999788
14.583681 0.102173 0.041872 0.087773 0.006421 -0.010098 -0.015933 0.999801
14.633681 0.093444 0.041992 0.086647 0.006986 -0.009359 -0.015942 0.999805
14.683681 0.084132 0.041660 0.085700 0.006903 -0.009185 -0.016149 0.999804
14.733845 0.074910 0.041571 0.084625 0.006589 -0.009586 -0.016097 0.999803
14.783681 0.065983 0.041683 0.083469 0.006431 -0.009773 -0.015343 0.999814
14.833681 0.058294 0.041407 0.082009 0.006522 -0.010092 -0.013482 0.999837
14.883681 0.051712 0.041299 0.080933 0.007242 -0.010440 -0.012256 0.999844
14.933681 0.044835 0.041820 0.080122 0.008344 -0.011076 -0.013101 0.999818
14.983681 0.038855 0.042361 0.079591 0.009485 -0.011961 -0.015077 0.999770
15.033681 0.032875 0.042704 0.079144 0.010202 -0.012415 -0.017405 0.999719
15.083681 0.027753 0.042978 0.078820 0.010233 -0.013227 -0.018497 0.999689
15.133681 0.023297 0.042588 0.077867 0.009802 -0.012789 -0.018457 0.999700
15.183681 0.019874 0.042119 0.077533 0.009664 -0.012602 -0.018128 0.999710
15.233681 0.016164 0.041536 0.076592 0.009987 -0.011808 -0.018803 0.999704
15.283681 0.012757 0.040956 0.076266 0.010829 -0.012221 -0.019120 0.999684
15.333681 0.008549 0.040233 0.075879 0.011191 -0.012917 -0.019792 0.999658
15.383681 0.005461 0.039701 0.075561 0.011084 -0.012588 -0.019612 0.999667
15.433681 0.002626 0.039270 0.075134 0.010631 -0.012119 -0.018742 0.999694
15.483681 -0.000616 0.038500 0.074374 0.009920 -0.011987 -0.016983 0.999735
15.533681 -0.002999 0.037996 0.073247 0.009969 -0.012127 -0.015146 0.999762
15.583681 -0.004984 0.038202 0.072747 0.010738 -0.012353 -0.014406 0.999762
15.633681 -0.006008 0.039156 0.071730 0.011502 -0.013042 -0.013772 0.999754
15.683681 -0.005543 0.040997 0.070915 0.011148 -0.014109 -0.013829 0.999743
15.733681 -0.005661 0.042772 0.069964 0.010561 -0.014397 -0.014370 0.999737
15.783681 -0.004655 0.043556 0.068518 0.009554 -0.014134 -0.015258 0.999738
15.833681 -0.002501 0.044368 0.067916 0.009475 -0.013411 -0.016127 0.999735
15.883681 -0.000044 0.043089 0.066641 0.009808 -0.012861 -0.016475 0.999734
15.933681 0.001554 0.041738 0.065554 0.010824 -0.013098 -0.016006 0.999728
15.983681 0.002650 0.039633 0.063514 0.011560 -0.013937 -0.015749 0.999712
16.033682 0.005464 0.038168 0.062121 0.012554 -0.015907 -0.015309 0.999677
16.083681 0.008181 0.036364 0.060174 0.013326 -0.017134 -0.014856 0.999654
16.133681 0.011883 0.035484 0.058150 0.015001 -0.017899 -0.014423 0.999623
16.183681 0.016175 0.033931 0.055777 0.015782 -0.019123 -0.013614 0.999600
16.233681 0.021655 0.033399 0.052522 0.016493 -0.019918 -0.012716 0.999585
16.283681 0.027726 0.031684 0.050242 0.016034 -0.020174 -0.011768 0.999599
16.333681 0.035667 0.030840 0.047749 0.016262 -0.019452 -0.010437 0.999624
16.383681 0.045289 0.028935 0.044603 0.016978 -0.018595 -0.009372 0.999639
16.433681 0.055628 0.027899 0.042250 0.017561 -0.018492 -0.008247 0.999641
16.483681 0.065526 0.027524 0.039917 0.016567 -0.019363 -0.009432 0.999631
16.533681 0.076624 0.027832 0.036779 0.015450 -0.020264 -0.011448 0.999610
16.583681 0.087451 0.027693 0.033623 0.015060 -0.020291 -0.012833 0.999598
16.633681 0.098838 0.027782 0.030620 0.015296 -0.021171 -0.013893 0.999562
16.683681 0.111160 0.027640 0.027823 0.015431 -0.022159 -0.015245 0.999519
16.733681 0.123728 0.028061 0.025586 0.015378 -0.022511 -0.017466 0.999476
16.783681 0.137224 0.027548 0.023751 0.014852 -0.023669 -0.019024 0.999429
16.833681 0.151291 0.027441 0.022259 0.015009 -0.023691 -0.020165 0.999403
16.883681 0.165696 0.026263 0.021516 0.014433 -0.023734 -0.020622 0.999401
16.933681 0.180462 0.025442 0.021500 0.014492 -0.023602 -0.021039 0.999395
16.983681 0.195720 0.024237 0.022144 0.014755 -0.023398 -0.020376 0.999410
17.033681 0.210193 0.023228 0.023114 0.014898 -0.024390 -0.019274 0.999406
17.083681 0.225691 0.022165 0.024468 0.014630 -0.024584 -0.018175 0.999425
17.133681 0.241528 0.021738 0.026568 0.014417 -0.024471 -0.017671 0.999440
17.183681 0.256320 0.021260 0.028862 0.014484 -0.024871 -0.017257 0.999437
17.233681 0.271675 0.021097 0.031314 0.015178 -0.026036 -0.017424 0.999394
17.283681 0.287050 0.021684 0.034137 0.015901 -0.027431 -0.018369 0.999328
17.333681 0.301879 0.021877 0.037170 0.016383 -0.026966 -0.020078 0.999300
17.383681 0.316450 0.022737 0.040635 0.015899 -0.028144 -0.020810 0.999261
17.433681 0.330413 0.024571 0.044074 0.015212 -0.028706 -0.021142 0.999249
17.483681 0.344857 0.025194 0.047557 0.013951 -0.029496 -0.020778 0.999252
17.533681 0.359037 0.026324 0.050509 0.013144 -0.030344 -0.019729 0.999258
17.583681 0.372570 0.028827 0.054341 0.011199 -0.031090 -0.020252 0.999249
17.633681 0.386727 0.031324 0.058545 0.010315 -0.030148 -0.021032 0.999271
17.683681 0.399943 0.033590 0.062785 0.009708 -0.029478 -0.020831 0.999301
17.733681 0.412770 0.035548 0.066380 0.009600 -0.029434 -0.021043 0.999299
17.783681 0.425065 0.037856 0.069903 0.010014 -0.028954 -0.021563 0.999298
17.833681 0.437215 0.039761 0.072675 0.010788 -0.028718 -0.023091 0.999263
17.883681 0.448884 0.040624 0.074841 0.011792 -0.028925 -0.024239 0.999218
17.933681 0.460018 0.041784 0.076926 0.013258 -0.029683 -0.024431 0.999173
17.983681 0.470563 0.042515 0.079188 0.014562 -0.029990 -0.025079 0.999129
18.033681 0.480855 0.042638 0.081384 0.015251 -0.030683 -0.026131 0.999071
18.083681 0.490308 0.043170 0.083472 0.016092 -0.031364 -0.026810 0.999019
18.133681 0.499769 0.043632 0.085860 0.016946 -0.032113 -0.027509 0.998962
18.183681 0.509268 0.043617 0.087755 0.018469 -0.032984 -0.027623 0.998903
18.233681 0.518440 0.043667 0.089278 0.019870 -0.033738 -0.027628 0.998851
18.283681 0.527322 0.043990 0.091199 0.021563 -0.034835 -0.027597 0.998779
18.333681 0.537459 0.044262 0.093322 0.023227 -0.035269 -0.027569 0.998728
18.383681 0.547273 0.044562 0.095273 0.024772 -0.035401 -0.028070 0.998672
18.433681 0.556836 0.044697 0.097195 0.026465 -0.035768 -0.028745 0.998596
18.483681 0.566339 0.045071 0.099235 0.028019 -0.036715 -0.029386 0.998501
18.533681 0.575693 0.045615 0.101252 0.030249 -0.037132 -0.030487 0.998387
18.583681 0.585193 0.045872 0.102926 0.032449 -0.036831 -0.031951 0.998283
18.633681 0.594730 0.046214 0.104817 0.034318 -0.036537 -0.033241 0.998190
18.683681 0.603783 0.047079 0.106191 0.036169 -0.035888 -0.034277 0.998113
18.733681 0.611944 0.047095 0.107109 0.037670 -0.036229 -0.034977 0.998021
18.783681 0.620694 0.047418 0.107751 0.038798 -0.036645 -0.035451 0.997945
18.833681 0.627951 0.047355 0.108191 0.039937 -0.036663 -0.035572 0.997896
18.883681 0.635928 0.047550 0.108839 0.042033 -0.036518 -0.034430 0.997855
18.933681 0.643394 0.047266 0.109243 0.043901 -0.036217 -0.032533 0.997849
18.983681 0.650533 0.047198 0.110488 0.044646 -0.035770 -0.031376 0.997869
19.033681 0.657701 0.047593 0.111878 0.045315 -0.034192 -0.031982 0.997875
19.083681 0.665503 0.047804 0.113106 0.046005 -0.032812 -0.032850 0.997862
19.133681 0.672930 0.048143 0.114336 0.046812 -0.031222 -0.032965 0.997871
19.183681 0.680427 0.048434 0.115723 0.047562 -0.029587 -0.032799 0.997891
19.233681 0.687837 0.048800 0.117301 0.047965 -0.027606 -0.032896 0.997925
19.283681 0.694415 0.048586 0.118604 0.048086 -0.025503 -0.032740 0.997981
19.333681 0.700766 0.048859 0.120380 0.048180 -0.023013 -0.032173 0.998055
19.383681 0.706728 0.048636 0.121688 0.048253 -0.020521 -0.031632 0.998123
19.433681 0.712308 0.048354 0.123535 0.048097 -0.017832 -0.030572 0.998215
19.483681 0.717509 0.047913 0.124894 0.048118 -0.015687 -0.029504 0.998283
19.533681 0.722005 0.047494 0.126293 0.048111 -0.012838 -0.028855 0.998343
19.583681 0.726000 0.047026 0.127403 0.048274 -0.010366 -0.028119 0.998384
19.633681 0.729107 0.046186 0.128228 0.048423 -0.008808 -0.027546 0.998408
19.683681 0.730673 0.045365 0.128337 0.048966 -0.008536 -0.027576 0.998383
19.733681 0.730969 0.044938 0.128091 0.049723 -0.009067 -0.028079 0.998327
19.783681 0.729808 0.044950 0.126641 0.050185 -0.009427 -0.028421 0.998291
19.833681 0.729436 0.045334 0.125899 0.050824 -0.011426 -0.028736 0.998229
19.883681 0.727038 0.044948 0.125078 0.051298 -0.013234 -0.030140 0.998141
19.933681 0.724925 0.044876 0.123664 0.051709 -0.015055 -0.030973 0.998068
19.983681 0.721604 0.044766 0.122864 0.051997 -0.018976 -0.030897 0.997989
20.033681 0.718061 0.044839 0.121817 0.052522 -0.020945 -0.030726 0.997927
20.083681 0.715079 0.044636 0.121026 0.053223 -0.021936 -0.031184 0.997855
20.133681 0.711281 0.044698 0.120387 0.053550 -0.022737 -0.031796 0.997800
20.183681 0.708014 0.044465 0.120391 0.053494 -0.023925 -0.032676 0.997747
20.233681 0.703361 0.044697 0.120971 0.053605 -0.024836 -0.033843 0.997679
20.283681 0.699059 0.044006 0.120475 0.053268 -0.025854 -0.034225 0.997659
20.333681 0.693671 0.044034 0.121266 0.053231 -0.026130 -0.033652 0.997673
20.383681 0.688425 0.042962 0.121152 0.052697 -0.026203 -0.033062 0.997719
20.433681 0.682856 0.042145 0.121260 0.052815 -0.026828 -0.033045 0.997697
20.483681 0.676567 0.040821 0.121264 0.053402 -0.026608 -0.033426 0.997659
20.533681 0.669343 0.039649 0.121463 0.053350 -0.025476 -0.033788 0.997679
20.583681 0.661065 0.039128 0.122307 0.052354 -0.024113 -0.033087 0.997789
20.633681 0.651272 0.038887 0.123510 0.050669 -0.022343 -0.032399 0.997940
20.683681 0.639765 0.039010 0.124110 0.048394 -0.021578 -0.031556 0.998097
20.733681 0.626439 0.039766 0.124369 0.046710 -0.021857 -0.031874 0.998161
20.783681 0.611696 0.040770 0.124135 0.044504 -0.022560 -0.032881 0.998213
20.833681 0.596912 0.040745 0.123119 0.042873 -0.023570 -0.032461 0.998275
20.883681 0.583655 0.040151 0.122090 0.042344 -0.022909 -0.029215 0.998413
20.933681 0.570638 0.038654 0.121465 0.041200 -0.021894 -0.025963 0.998574
20.983681 0.557987 0.037383 0.121621 0.040517 -0.021258 -0.025111 0.998637
21.033681 0.545343 0.035954 0.122233 0.040263 -0.021269 -0.026329 0.998616
21.083681 0.532470 0.034275 0.122904 0.040149 -0.022076 -0.028570 0.998541
21.133681 0.519263 0.033048 0.124094 0.040200 -0.022319 -0.029709 0.998500
21.183681 0.506860 0.032071 0.125347 0.039759 -0.022787 -0.029362 0.998518
21.233681 0.493372 0.031512 0.126912 0.038762 -0.022680 -0.027258 0.998619
21.283681 0.480301 0.031747 0.128150 0.037117 -0.022335 -0.025040 0.998748
21.333681 0.467399 0.032633 0.129308 0.034864 -0.021791 -0.023282 0.998883
21.383681 0.454004 0.034077 0.130621 0.033034 -0.021344 -0.022861 0.998965
21.433681 0.439967 0.035477 0.131535 0.031697 -0.021201 -0.023141 0.999005
21.483681 0.425203 0.036375 0.131916 0.030505 -0.022217 -0.022945 0.999024
21.533681 0.411037 0.036770 0.132862 0.030010 -0.022539 -0.022287 0.999047
21.583681 0.397742 0.036579 0.133802 0.029070 -0.021847 -0.020921 0.999120
21.633681 0.383474 0.037059 0.134774 0.027771 -0.021542 -0.020329 0.999175
21.683681 0.369704 0.037840 0.135758 0.026636 -0.021465 -0.020241 0.999210
21.733681 0.355973 0.038640 0.136255 0.025439 -0.021722 -0.020586 0.999228
21.783681 0.342513 0.039542 0.136511 0.025230 -0.021591 -0.020912 0.999230
21.833681 0.329653 0.040120 0.137139 0.024578 -0.021155 -0.020665 0.999260
21.883681 0.316863 0.040854 0.137801 0.023648 -0.020873 -0.020736 0.999287
21.933681 0.304319 0.041304 0.138514 0.022363 -0.020411 -0.020582 0.999330
21.983681 0.291618 0.042140 0.139291 0.021388 -0.020647 -0.020486 0.999348
22.033681 0.279261 0.042610 0.139852 0.020455 -0.020961 -0.020076 0.999369
22.083681 0.266360 0.043274 0.140136 0.020266 -0.020794 -0.020178 0.999375
22.133681 0.254242 0.043467 0.140557 0.020320 -0.020864 -0.019793 0.999380
22.183681 0.242205 0.043547 0.140726 0.020356 -0.021045 -0.018909 0.999392
22.233681 0.230406 0.044011 0.141136 0.020349 -0.020837 -0.018507 0.999404
22.283681 0.219052 0.044274 0.141597 0.019189 -0.020248 -0.017826 0.999452
22.333681 0.207590 0.045178 0.142272 0.017966 -0.019198 -0.017488 0.999501
22.383681 0.196240 0.046114 0.142603 0.016609 -0.018180 -0.017002 0.999552
22.433681 0.185040 0.047077 0.142566 0.015410 -0.016917 -0.016393 0.999604
22.483681 0.173674 0.048061 0.142569 0.014025 -0.016342 -0.016059 0.999639
22.533681 0.162859 0.048905 0.142369 0.013005 -0.016329 -0.016070 0.999653
22.583681 0.151813 0.049427 0.141486 0.012956 -0.016398 -0.015613 0.999660
22.633681 0.142264 0.049238 0.140458 0.014103 -0.016579 -0.014709 0.999655
22.683681 0.132617 0.048389 0.139679 0.015255 -0.016451 -0.013499 0.999657
22.733681 0.124454 0.047575 0.139875 0.015420 -0.016367 -0.012373 0.999671
22.783681 0.115936 0.047056 0.140213 0.015266 -0.015268 -0.012295 0.999691
22.833681 0.107789 0.046505 0.140036 0.015125 -0.015327 -0.012336 0.999692
22.883681 0.099500 0.046283 0.139010 0.015175 -0.015717 -0.011964 0.999690
22.933681 0.091190 0.045962 0.137374 0.015048 -0.016382 -0.011391 0.999688
22.983681 0.083967 0.046237 0.135514 0.015250 -0.017161 -0.010814 0.999678
23.033681 0.076063 0.046095 0.133101 0.015472 -0.017777 -0.010600 0.999666
23.083681 0.069129 0.045695 0.130929 0.016167 -0.018201 -0.010461 0.999649
23.133681 0.063676 0.045379 0.129211 0.017028 -0.018603 -0.010528 0.999627
23.183681 0.058939 0.045131 0.127582 0.017722 -0.018567 -0.010935 0.999611
23.233681 0.055649 0.045110 0.126059 0.018394 -0.018772 -0.010919 0.999595
23.283681 0.052813 0.044898 0.124546 0.018543 -0.019493 -0.010290 0.999585
23.333681 0.050684 0.045431 0.122771 0.018157 -0.019539 -0.010197 0.999592
23.383682 0.051236 0.046352 0.121189 0.017978 -0.019299 -0.010755 0.999594
23.433681 0.050268 0.046804 0.119210 0.016801 -0.017803 -0.010297 0.999647
23.483681 0.049430 0.047644 0.118161 0.015480 -0.017208 -0.009194 0.999690
23.533681 0.048305 0.048544 0.115556 0.014095 -0.016827 -0.008877 0.999720
23.583681 0.047037 0.049875 0.113873 0.013559 -0.016923 -0.008524 0.999729
23.633681 0.045844 0.050495 0.111143 0.013122 -0.018035 -0.008484 0.999715
23.683681 0.044328 0.051019 0.108499 0.012945 -0.019630 -0.008756 0.999685
23.733681 0.043705 0.052149 0.105662 0.013181 -0.021229 -0.009045 0.999647
23.783681 0.043588 0.052452 0.101971 0.013121 -0.022941 -0.009320 0.999607
23.833681 0.042991 0.052020 0.098694 0.013199 -0.023978 -0.010281 0.999573
23.883681 0.044698 0.051542 0.095003 0.013479 -0.025411 -0.011144 0.999524
23.933681 0.046673 0.052009 0.091934 0.013946 -0.026770 -0.011998 0.999472
23.983681 0.048427 0.052321 0.088566 0.014014 -0.027946 -0.012832 0.999429
24.033681 0.049519 0.052418 0.087180 0.014098 -0.027986 -0.013417 0.999419
24.083681 0.052768 0.051441 0.083413 0.013822 -0.029102 -0.012664 0.999401
24.133682 0.054904 0.051204 0.080210 0.013974 -0.029542 -0.011487 0.999400
24.183681 0.058248 0.051093 0.077183 0.013794 -0.029192 -0.009603 0.999433
24.233681 0.062376 0.051340 0.074318 0.013909 -0.029783 -0.008539 0.999423
24.283681 0.066615 0.051705 0.071113 0.014115 -0.030116 -0.008221 0.999413
24.333681 0.072529 0.052115 0.067981 0.014100 -0.030719 -0.008712 0.999391
24.383681 0.079252 0.052481 0.064391 0.013639 -0.030788 -0.009741 0.999385
24.433681 0.087208 0.054116 0.061833 0.012753 -0.030417 -0.009963 0.999406
24.483681 0.095692 0.055834 0.059464 0.010196 -0.030685 -0.011943 0.999406
24.533681 0.104257 0.057583 0.057385 0.007453 -0.029867 -0.014354 0.999423
24.583681 0.113164 0.059457 0.056210 0.004694 -0.028996 -0.015896 0.999442
24.633681 0.123507 0.061160 0.054931 0.002988 -0.029220 -0.016111 0.999439
24.685283 0.132946 0.062049 0.053871 0.003155 -0.030098 -0.016759 0.999401
24.733681 0.142912 0.061944 0.053337 0.004978 -0.032237 -0.017242 0.999319
24.783681 0.153090 0.060879 0.052547 0.007118 -0.034006 -0.017733 0.999239
24.833681 0.163767 0.059727 0.052742 0.009134 -0.035817 -0.017727 0.999159
24.883681 0.174792 0.058477 0.053047 0.011020 -0.037784 -0.016594 0.999087
24.933681 0.186443 0.057848 0.053796 0.013024 -0.039391 -0.016075 0.999010
24.983681 0.199770 0.057208 0.054155 0.014324 -0.039725 -0.016728 0.998968
25.033681 0.212508 0.058060 0.055303 0.015551 -0.040807 -0.019018 0.998865
25.083681 0.224840 0.058798 0.056454 0.016084 -0.041787 -0.020786 0.998781
25.133681 0.237598 0.059808 0.057607 0.016311 -0.043071 -0.021384 0.998710
25.183681 0.250472 0.060874 0.058317 0.016946 -0.044723 -0.021800 0.998618
25.233681 0.263676 0.061714 0.058758 0.017378 -0.047373 -0.021948 0.998485
25.283681 0.277317 0.062683 0.059325 0.017952 -0.048610 -0.023045 0.998391
25.333681 0.292101 0.063400 0.060718 0.018241 -0.049552 -0.023865 0.998320
25.383681 0.306549 0.064046 0.062092 0.017977 -0.050107 -0.023905 0.998296
25.433681 0.321316 0.064407 0.063977 0.017091 -0.050601 -0.023922 0.998286
25.483681 0.336301 0.065051 0.066164 0.016466 -0.050403 -0.024644 0.998289
25.533681 0.351679 0.065603 0.068625 0.016220 -0.049876 -0.025093 0.998308
25.583681 0.367244 0.065661 0.071517 0.016162 -0.048901 -0.025784 0.998340
25.633681 0.382126 0.066142 0.074522 0.015955 -0.048436 -0.026295 0.998353
25.683681 0.396694 0.066705 0.077478 0.015480 -0.048185 -0.027144 0.998350
25.733681 0.410573 0.067648 0.080678 0.015699 -0.047871 -0.028542 0.998322
25.783681 0.424549 0.068641 0.083787 0.015827 -0.048345 -0.029258 0.998277
25.833681 0.438004 0.069496 0.086672 0.015655 -0.047665 -0.029553 0.998303
25.883681 0.451230 0.071117 0.089439 0.015458 -0.047546 -0.029176 0.998323
25.933681 0.463892 0.072817 0.092125 0.014758 -0.047746 -0.028457 0.998345
25.983681 0.476198 0.074751 0.094690 0.013982 -0.047506 -0.029005 0.998352
26.033681 0.487686 0.076589 0.096524 0.013124 -0.048575 -0.029491 0.998298
26.083681 0.498386 0.078529 0.097981 0.013240 -0.050209 -0.030395 0.998188
26.133681 0.509379 0.079846 0.099037 0.013906 -0.051140 -0.031739 0.998090
26.183681 0.520286 0.081515 0.100211 0.014235 -0.052463 -0.032874 0.997980
26.233681 0.530479 0.082587 0.101022 0.014012 -0.054099 -0.033336 0.997881
26.283681 0.541125 0.083645 0.102139 0.014381 -0.054479 -0.033520 0.997849
26.333681 0.551549 0.084447 0.102957 0.014230 -0.054549 -0.033101 0.997861
26.383681 0.561848 0.086036 0.103737 0.013461 -0.055168 -0.032347 0.997862
26.433681 0.571659 0.087814 0.104023 0.012363 -0.055278 -0.031779 0.997889
26.483681 0.580921 0.090156 0.104110 0.011429 -0.054759 -0.031182 0.997947
26.533681 0.590112 0.092465 0.103500 0.010776 -0.053694 -0.031230 0.998011
26.583681 0.598369 0.094271 0.102791 0.009912 -0.053245 -0.030955 0.998052
26.633681 0.605915 0.095724 0.101574 0.009754 -0.052949 -0.030400 0.998087
26.683681 0.612709 0.096851 0.100269 0.010323 -0.052036 -0.029812 0.998147
26.733681 0.618577 0.097070 0.099267 0.011203 -0.051940 -0.029617 0.998148
26.783681 0.623640 0.095449 0.097886 0.012682 -0.052588 -0.028584 0.998127
26.833681 0.627839 0.093597 0.096380 0.014910 -0.052893 -0.027337 0.998115
26.883681 0.633259 0.091232 0.095108 0.017195 -0.054270 -0.025607 0.998050
26.933681 0.637987 0.089111 0.093646 0.019739 -0.055458 -0.023706 0.997984
26.983681 0.642948 0.088092 0.091943 0.022312 -0.056934 -0.022511 0.997875
27.033681 0.648971 0.086069 0.090489 0.023640 -0.057596 -0.022948 0.997796
27.083681 0.654759 0.085230 0.089414 0.024421 -0.057746 -0.023748 0.997750
27.133681 0.660699 0.084939 0.088351 0.024708 -0.057569 -0.024411 0.997737
27.183681 0.666286 0.084544 0.087116 0.024831 -0.056912 -0.024879 0.997760
27.233681 0.671844 0.083942 0.086344 0.025121 -0.056741 -0.024752 0.997766
27.283681 0.676568 0.083402 0.085162 0.025760 -0.056199 -0.024655 0.997783
27.333681 0.681510 0.083166 0.083975 0.027025 -0.055152 -0.024646 0.997808
27.383681 0.686724 0.082455 0.083272 0.027697 -0.054537 -0.024289 0.997832
27.433681 0.691019 0.082297 0.082431 0.028271 -0.053495 -0.023714 0.997886
27.483681 0.694464 0.082113 0.082234 0.027951 -0.052243 -0.023685 0.997962
27.533681 0.697193 0.082574 0.082416 0.027350 -0.050866 -0.023789 0.998048
27.583681 0.699011 0.082734 0.082171 0.027050 -0.050234 -0.023419 0.998096
27.633681 0.700531 0.081303 0.081871 0.027153 -0.049689 -0.022010 0.998153
27.683681 0.702280 0.080362 0.081697 0.028116 -0.048240 -0.021086 0.998217
27.733681 0.703727 0.081035 0.082287 0.028396 -0.048697 -0.020664 0.998196
27.783681 0.702463 0.080650 0.081624 0.027820 -0.048946 -0.021062 0.998192
27.833681 0.702626 0.079772 0.080466 0.027975 -0.049551 -0.021877 0.998140
27.883681 0.703480 0.079566 0.079599 0.028796 -0.049826 -0.022252 0.998095
27.933681 0.702641 0.079414 0.078764 0.029421 -0.050215 -0.022602 0.998049
27.983681 0.703031 0.080980 0.079654 0.029293 -0.049975 -0.023276 0.998049
28.033681 0.702306 0.081785 0.079449 0.027845 -0.049065 -0.024622 0.998104
28.083681 0.700186 0.083412 0.079380 0.027302 -0.048277 -0.026295 0.998115
28.133681 0.698724 0.083005 0.078936 0.027864 -0.048955 -0.027058 0.998046
28.183681 0.695218 0.082369 0.078322 0.028674 -0.050144 -0.027789 0.997944
28.233681 0.691353 0.082179 0.077491 0.029594 -0.051348 -0.028159 0.997845
28.283681 0.687352 0.080930 0.076647 0.030188 -0.051749 -0.027895 0.997814
28.333681 0.682786 0.080233 0.075882 0.030654 -0.051723 -0.027588 0.997810
28.383681 0.678309 0.080585 0.075882 0.030469 -0.051503 -0.027245 0.997836
28.433681 0.672959 0.081175 0.075879 0.029309 -0.049895 -0.027873 0.997935
28.483681 0.667679 0.081615 0.076162 0.026913 -0.048989 -0.028297 0.998036
28.533681 0.661291 0.082778 0.076428 0.025070 -0.048106 -0.029106 0.998103
28.583681 0.654446 0.083196 0.076268 0.025084 -0.046879 -0.029568 0.998148
28.633681 0.648027 0.082605 0.075837 0.026212 -0.045289 -0.028718 0.998217
28.683681 0.640615 0.081850 0.075971 0.026848 -0.043789 -0.027508 0.998301
28.733681 0.633386 0.081510 0.076851 0.026485 -0.041783 -0.026287 0.998430
28.783681 0.624836 0.081045 0.078410 0.025758 -0.040221 -0.026110 0.998518
28.833681 0.616225 0.080601 0.080689 0.025873 -0.038808 -0.026351 0.998564
28.883681 0.607386 0.079637 0.083452 0.026479 -0.037086 -0.027074 0.998594
28.933681 0.598831 0.078608 0.085869 0.026679 -0.035708 -0.028347 0.998604
28.983681 0.588542 0.077457 0.088360 0.027419 -0.034096 -0.029636 0.998603
29.033681 0.578510 0.076598 0.089741 0.027579 -0.033510 -0.029801 0.998613
29.083681 0.567966 0.076931 0.091378 0.027997 -0.032051 -0.029917 0.998646
29.133681 0.557510 0.077044 0.092782 0.027322 -0.031342 -0.029466 0.998701
29.183681 0.546257 0.077070 0.093965 0.026243 -0.030361 -0.029615 0.998756
29.233681 0.533908 0.077197 0.095043 0.025802 -0.029706 -0.029780 0.998782
29.283681 0.521350 0.077296 0.096377 0.025058 -0.029705 -0.029574 0.998807
29.333681 0.508351 0.076956 0.097426 0.024777 -0.029069 -0.029722 0.998828
29.383681 0.495313 0.076260 0.098187 0.025040 -0.028357 -0.030362 0.998823
29.433681 0.481708 0.075534 0.098396 0.025987 -0.028029 -0.030456 0.998805
29.483681 0.467869 0.074661 0.098600 0.026538 -0.027544 -0.030258 0.998810
29.533681 0.453734 0.073779 0.098734 0.026829 -0.027321 -0.030081 0.998814
29.586702 0.439256 0.072524 0.098155 0.026848 -0.026665 -0.029978 0.998834
29.633681 0.425041 0.071629 0.097837 0.026962 -0.026449 -0.029766 0.998843
29.683681 0.410432 0.071536 0.097003 0.026910 -0.026589 -0.028884 0.998867
29.733681 0.395666 0.071153 0.096279 0.025727 -0.026755 -0.028218 0.998912
29.783681 0.380821 0.071356 0.095555 0.024135 -0.025570 -0.028560 0.998974
29.833681 0.365923 0.071666 0.094595 0.021959 -0.025178 -0.028825 0.999026
29.883681 0.349685 0.072246 0.093117 0.019737 -0.025958 -0.027996 0.999076
29.933681 0.333404 0.072639 0.091120 0.018389 -0.027471 -0.026026 0.999115
29.983681 0.316299 0.073122 0.088669 0.018834 -0.030021 -0.025124 0.999056
30.033681 0.298630 0.073581 0.085889 0.020192 -0.034000 -0.025742 0.998886
30.083681 0.282056 0.073938 0.082981 0.022335 -0.038477 -0.026922 0.998647
30.133681 0.265683 0.073413 0.079688 0.023637 -0.043008 -0.027960 0.998404
30.183681 0.250486 0.072936 0.076935 0.025029 -0.046224 -0.028670 0.998206
30.233681 0.236762 0.072165 0.074996 0.026164 -0.048070 -0.029234 0.998073
30.283681 0.223124 0.071096 0.073822 0.026330 -0.050687 -0.029086 0.997944
30.333681 0.209677 0.070879 0.072964 0.026820 -0.052632 -0.028925 0.997835
30.383681 0.196681 0.069328 0.072838 0.027295 -0.052876 -0.028689 0.997816
30.433681 0.184889 0.067490 0.073232 0.028140 -0.051755 -0.027650 0.997880
30.483681 0.173411 0.065883 0.073830 0.028660 -0.050995 -0.026431 0.997938
30.533681 0.161960 0.064607 0.074467 0.028924 -0.049664 -0.025304 0.998026
30.583681 0.151035 0.063692 0.075506 0.028523 -0.048595 -0.024204 0.998118
30.633681 0.140602 0.063519 0.076099 0.028743 -0.047562 -0.023834 0.998170
30.683681 0.130996 0.062657 0.076470 0.029141 -0.045412 -0.022988 0.998279
30.733681 0.122297 0.061916 0.076750 0.029627 -0.043288 -0.021871 0.998384
30.783681 0.114532 0.061540 0.077221 0.030059 -0.041097 -0.020843 0.998485
30.833681 0.107398 0.060984 0.077869 0.029643 -0.038835 -0.019820 0.998609
30.883681 0.100618 0.060894 0.079262 0.028025 -0.037002 -0.019320 0.998735
30.933681 0.094912 0.062330 0.079646 0.027784 -0.036599 -0.019589 0.998752
30.983681 0.087992 0.063186 0.080289 0.027102 -0.035336 -0.020055 0.998807
31.033681 0.082675 0.063781 0.080201 0.026846 -0.034385 -0.020284 0.998842
31.083681 0.077013 0.064286 0.079939 0.027089 -0.033527 -0.020327 0.998864
31.133681 0.071800 0.065037 0.079938 0.026948 -0.033428 -0.020255 0.998872
31.183681 0.066848 0.065405 0.079638 0.026802 -0.034214 -0.020262 0.998850
31.233681 0.062129 0.065728 0.079367 0.026785 -0.035433 -0.020297 0.998807
31.283681 0.057480 0.065902 0.079268 0.027211 -0.035910 -0.021189 0.998760
31.333681 0.054859 0.066940 0.079535 0.027927 -0.035529 -0.022716 0.998720
31.383681 0.053050 0.067195 0.080094 0.027927 -0.035304 -0.022555 0.998732
31.433681 0.052112 0.066571 0.080646 0.027243 -0.035326 -0.022325 0.998755
31.483681 0.052447 0.066679 0.081706 0.027421 -0.035706 -0.021659 0.998751
31.533681 0.051377 0.065108 0.080876 0.026954 -0.034631 -0.021453 0.998806
31.583681 0.050297 0.065026 0.080061 0.027562 -0.035150 -0.020533 0.998791
31.633681 0.050551 0.063626 0.078699 0.027703 -0.036450 -0.020172 0.998748
31.683681 0.051097 0.063626 0.077531 0.028073 -0.037673 -0.019567 0.998704
31.733681 0.052021 0.062895 0.076360 0.027418 -0.038812 -0.018808 0.998693
31.783681 0.053573 0.062382 0.074760 0.027341 -0.040623 -0.016859 0.998658
31.833681 0.058725 0.061804 0.073617 0.027694 -0.042808 -0.015615 0.998577
31.883681 0.062309 0.061780 0.072376 0.027726 -0.042873 -0.015926 0.998569
31.933681 0.068326 0.061504 0.072407 0.026549 -0.044573 -0.017403 0.998502
31.983681 0.072684 0.062725 0.073133 0.025416 -0.044907 -0.019650 0.998475
32.033681 0.078872 0.063204 0.073782 0.024838 -0.043654 -0.021018 0.998517
32.083681 0.085983 0.062097 0.074504 0.024555 -0.043138 -0.020076 0.998566
32.133681 0.093111 0.059784 0.074580 0.024613 -0.044797 -0.017072 0.998547
32.183681 0.098075 0.058335 0.074093 0.025659 -0.044660 -0.015095 0.998559
32.233681 0.104650 0.056577 0.074446 0.026157 -0.046438 -0.013801 0.998483
32.283681 0.110175 0.055701 0.074753 0.026323 -0.048270 -0.012785 0.998406
32.333682 0.115135 0.053702 0.074503 0.025725 -0.049196 -0.012139 0.998384
32.383681 0.121883 0.053150 0.074294 0.026259 -0.050502 -0.011437 0.998313
32.433681 0.128711 0.053650 0.074571 0.026528 -0.052333 -0.010819 0.998219
32.483681 0.136754 0.054103 0.075476 0.025924 -0.054102 -0.011154 0.998137
32.535228 0.144891 0.054532 0.076232 0.025051 -0.054684 -0.012109 0.998116
32.583681 0.153502 0.055326 0.076943 0.023902 -0.055288 -0.012081 0.998111
32.633681 0.162435 0.055498 0.078058 0.022508 -0.055276 -0.011812 0.998148
32.683681 0.172446 0.056754 0.079406 0.022372 -0.054921 -0.012097 0.998167
32.733681 0.182081 0.057018 0.081156 0.021311 -0.054649 -0.012389 0.998201
32.783681 0.192135 0.057309 0.082950 0.020276 -0.054285 -0.012893 0.998236
32.833681 0.202839 0.057749 0.084642 0.020008 -0.053442 -0.013460 0.998280
32.883681 0.213183 0.057551 0.086623 0.019442 -0.052890 -0.012515 0.998333
32.933681 0.223210 0.057417 0.087782 0.019118 -0.053036 -0.011382 0.998345
32.983681 0.233567 0.057124 0.088782 0.019168 -0.053062 -0.011011 0.998347
33.033681 0.244042 0.057251 0.089312 0.019997 -0.054074 -0.011608 0.998269
33.083681 0.255264 0.057621 0.089927 0.020649 -0.055214 -0.013038 0.998176
33.133681 0.266583 0.057821 0.090928 0.020676 -0.055365 -0.014875 0.998141
33.183681 0.277654 0.058057 0.092011 0.020713 -0.055211 -0.016451 0.998124
33.234950 0.289711 0.058623 0.093264 0.021202 -0.056151 -0.016769 0.998056
33.283681 0.300607 0.058400 0.094405 0.021544 -0.056390 -0.017005 0.998032
33.333681 0.312152 0.058258 0.095777 0.021982 -0.056364 -0.016485 0.998032
33.383681 0.323612 0.058208 0.097259 0.022425 -0.056774 -0.015476 0.998015
33.433681 0.334566 0.058461 0.098357 0.022064 -0.058344 -0.014826 0.997943
33.483681 0.345594 0.059039 0.099306 0.021612 -0.058549 -0.015447 0.997931
33.533681 0.356442 0.059697 0.100155 0.020967 -0.058174 -0.016036 0.997957
33.583681 0.367745 0.061104 0.101468 0.020994 -0.059279 -0.015898 0.997894
33.633681 0.378332 0.061522 0.102156 0.020985 -0.060422 -0.015298 0.997835
33.683681 0.389324 0.062131 0.103291 0.021755 -0.060877 -0.014800 0.997798
33.733681 0.400432 0.061987 0.103976 0.022478 -0.060952 -0.014525 0.997782
33.783681 0.412268 0.062539 0.105703 0.022604 -0.062006 -0.014025 0.997721
33.833681 0.423157 0.063047 0.106735 0.022070 -0.062260 -0.014012 0.997718
33.883681 0.434031 0.064460 0.107856 0.022073 -0.063757 -0.014887 0.997610
33.933681 0.445117 0.065371 0.108926 0.021913 -0.065118 -0.016401 0.997502
33.983681 0.456940 0.066585 0.110315 0.022890 -0.065208 -0.017165 0.997461
34.033681 0.468911 0.067573 0.111151 0.024172 -0.065565 -0.016878 0.997413
34.083681 0.480940 0.068825 0.111742 0.025084 -0.066814 -0.016785 0.997309
34.135167 0.493328 0.070340 0.112802 0.025900 -0.067034 -0.017831 0.997255
34.183681 0.505827 0.071833 0.113442 0.026374 -0.067446 -0.019095 0.997191
34.233681 0.518351 0.073594 0.113932 0.026820 -0.067950 -0.019868 0.997130
34.283681 0.531098 0.075051 0.114523 0.026508 -0.068724 -0.020306 0.997077
34.333681 0.543401 0.077004 0.115241 0.025622 -0.069567 -0.021025 0.997027
34.383681 0.555656 0.079350 0.115618 0.024510 -0.069927 -0.021806 0.997013
34.433681 0.567218 0.082022 0.116497 0.023708 -0.069906 -0.022570 0.997016
34.483681 0.577989 0.083910 0.117089 0.022431 -0.070308 -0.023443 0.996998
34.533681 0.587958 0.085269 0.117131 0.021129 -0.070613 -0.023985 0.996992
34.583681 0.597258 0.086790 0.117627 0.020769 -0.070776 -0.024188 0.996983
34.633681 0.605678 0.087481 0.117934 0.020746 -0.071070 -0.024253 0.996961
34.683681 0.613240 0.087610 0.117953 0.021106 -0.071132 -0.023787 0.996960
34.733681 0.620766 0.088602 0.118695 0.021485 -0.071923 -0.023098 0.996911
34.783681 0.627631 0.088990 0.118491 0.021152 -0.072571 -0.022888 0.996876
34.833681 0.634877 0.089577 0.119020 0.021395 -0.072319 -0.022655 0.996895
34.883681 0.641933 0.089792 0.118652 0.021694 -0.071857 -0.022533 0.996924
34.933681 0.648250 0.089884 0.118006 0.021813 -0.072668 -0.022048 0.996874
34.983681 0.654603 0.089367 0.117169 0.021847 -0.073270 -0.021262 0.996846
35.033681 0.660079 0.088206 0.116280 0.021831 -0.073544 -0.020585 0.996841
35.083681 0.664577 0.087143 0.115117 0.022823 -0.074194 -0.020160 0.996779
35.133681 0.669604 0.085608 0.114194 0.024011 -0.075384 -0.019051 0.996683
35.183681 0.674044 0.084219 0.113035 0.025220 -0.076789 -0.017761 0.996570
35.233681 0.678770 0.082111 0.111609 0.026027 -0.077753 -0.015959 0.996505
35.283681 0.684470 0.080052 0.110477 0.027814 -0.077000 -0.014558 0.996537
35.333681 0.690310 0.078306 0.109187 0.030137 -0.075243 -0.013839 0.996614
35.383681 0.695836 0.076560 0.108636 0.030675 -0.075142 -0.014024 0.996602
35.433681 0.701272 0.075733 0.107672 0.030963 -0.073471 -0.015268 0.996700
35.483681 0.706771 0.075371 0.107186 0.031388 -0.072195 -0.016242 0.996764
35.533681 0.712222 0.074326 0.105262 0.032359 -0.071416 -0.016242 0.996789
35.583681 0.718528 0.073076 0.102372 0.034902 -0.069558 -0.015206 0.996851
35.633681 0.725442 0.071318 0.099711 0.037050 -0.067578 -0.013242 0.996938
35.683681 0.731922 0.069749 0.097231 0.038296 -0.065680 -0.012724 0.997024
35.733681 0.739077 0.067949 0.095821 0.038140 -0.062282 -0.012942 0.997246
35.783681 0.746105 0.066438 0.094502 0.037737 -0.058845 -0.013924 0.997456
35.833681 0.752537 0.064790 0.092966 0.037256 -0.056177 -0.014182 0.997625
35.883681 0.759637 0.063487 0.091846 0.037243 -0.053397 -0.014133 0.997779
35.933681 0.766198 0.062523 0.091791 0.036214 -0.049424 -0.013135 0.998035
35.983681 0.771979 0.061625 0.091649 0.034067 -0.045938 -0.010810 0.998305
36.033681 0.777344 0.060538 0.091325 0.032143 -0.042649 -0.009267 0.998530
36.083681 0.781766 0.059235 0.090448 0.032604 -0.040599 -0.009022 0.998603
36.133681 0.784755 0.056813 0.088528 0.032908 -0.041695 -0.009111 0.998547
36.183681 0.786023 0.054865 0.086273 0.033591 -0.043475 -0.010667 0.998433
36.233681 0.787497 0.054262 0.084863 0.034886 -0.044947 -0.013351 0.998291
36.283681 0.787779 0.053284 0.082876 0.036450 -0.047118 -0.014889 0.998113
36.333681 0.787742 0.052077 0.081631 0.037908 -0.049242 -0.015089 0.997953
36.383681 0.789297 0.051144 0.080116 0.039267 -0.049034 -0.016401 0.997890
36.433681 0.790084 0.049918 0.079359 0.040419 -0.047946 -0.018418 0.997862
36.483681 0.789938 0.048565 0.079761 0.041306 -0.047282 -0.019967 0.997827
36.533681 0.788932 0.047402 0.078710 0.042545 -0.046668 -0.019459 0.997814
36.583681 0.789555 0.046985 0.078767 0.043770 -0.047016 -0.016488 0.997799
36.633681 0.791085 0.046753 0.078266 0.044526 -0.046305 -0.014794 0.997825
36.683681 0.791674 0.046438 0.078391 0.045638 -0.044231 -0.015489 0.997858
36.733681 0.791487 0.046106 0.078251 0.046362 -0.043820 -0.017095 0.997817
36.783681 0.791667 0.046133 0.077782 0.047429 -0.043867 -0.018907 0.997732
36.833681 0.789880 0.045860 0.076456 0.048109 -0.043525 -0.021513 0.997661
36.883681 0.788621 0.046662 0.075579 0.049461 -0.044296 -0.023180 0.997524
36.933681 0.787849 0.046829 0.073601 0.050073 -0.044619 -0.024741 0.997442
36.983681 0.787281 0.047188 0.071962 0.051041 -0.045250 -0.026114 0.997329
37.033681 0.786216 0.047183 0.069518 0.052257 -0.046126 -0.027509 0.997189
37.083681 0.785429 0.047294 0.067163 0.052778 -0.047748 -0.027341 0.997089
37.133681 0.784543 0.047586 0.063923 0.053069 -0.049267 -0.027067 0.997007
37.183681 0.784664 0.047972 0.062940 0.052765 -0.050109 -0.027768 0.996962
37.233681 0.785071 0.048273 0.062224 0.051466 -0.050340 -0.027930 0.997014
37.283681 0.786437 0.048599 0.061907 0.050523 -0.049548 -0.027043 0.997126
37.333681 0.786074 0.048250 0.060261 0.049792 -0.048756 -0.026011 0.997230
37.383681 0.787442 0.047725 0.059973 0.049629 -0.048859 -0.024847 0.997262
37.433681 0.787625 0.046678 0.059652 0.050275 -0.048154 -0.024908 0.997263
37.483681 0.788042 0.045426 0.059381 0.051095 -0.048439 -0.024985 0.997205
