4.029576 -0.000000 -0.000000 -0.000000 -0.000000 -0.000000 -0.000000 1.000000
4.079576 -0.000000 -0.000000 -0.000000 -0.000000 -0.000000 -0.000000 1.000000
4.129576 -0.000000 -0.000000 -0.000000 -0.000000 -0.000000 -0.000000 1.000000
4.179576 -0.000000 -0.000000 -0.000000 -0.000000 -0.000000 -0.000000 1.000000
4.229576 -0.000000 -0.000000 -0.000000 -0.000000 -0.000000 -0.000000 1.000000
4.279576 -0.000000 -0.000000 -0.000000 -0.000000 -0.000000 -0.000000 1.000000
4.350619 -0.000000 -0.000000 -0.000000 -0.000000 -0.000000 -0.000000 1.000000
4.379576 -0.000000 -0.000000 -0.000000 -0.000000 -0.000000 -0.000000 1.000000
4.429576 -0.000000 -0.000000 -0.000000 -0.000000 -0.000000 -0.000000 1.000000
4.479576 -0.000000 -0.000000 -0.000000 -0.000000 -0.000000 -0.000000 1.000000
4.529576 -0.000000 -0.000000 -0.000000 -0.000000 -0.000000 -0.000000 1.000000
4.579576 -0.000000 -0.000000 -0.000000 -0.000000 -0.000000 -0.000000 1.000000
4.629576 -0.000000 -0.000000 -0.000000 -0.000000 -0.000000 -0.000000 1.000000
4.679576 -0.006183 0.024713 -0.003380 0.000089 0.000079 0.000235 1.000000
4.729576 -0.006183 0.024713 -0.003380 0.000089 0.000079 0.000235 1.000000
4.779576 -0.006183 0.024713 -0.003380 0.000089 0.000079 0.000235 1.000000
4.829576 -0.006183 0.024713 -0.003380 0.000089 0.000079 0.000235 1.000000
4.879576 -0.006183 0.024713 -0.003380 0.000089 0.000079 0.000235 1.000000
4.929576 -0.006183 0.024713 -0.003380 0.000089 0.000079 0.000235 1.000000
4.979576 -0.006183 0.024713 -0.003380 0.000089 0.000079 0.000235 1.000000
5.029576 -0.006183 0.024713 -0.003380 0.000089 0.000079 0.000235 1.000000
5.079576 -0.007065 0.029238 -0.005927 0.000469 0.000323 0.000900 0.999999
5.129576 -0.007065 0.029238 -0.005927 0.000469 0.000323 0.000900 0.999999
5.179576 -0.007065 0.029238 -0.005927 0.000469 0.000323 0.000900 0.999999
5.229576 -0.007065 0.029238 -0.005927 0.000469 0.000323 0.000900 0.999999
5.279576 -0.007065 0.029238 -0.005927 0.000469 0.000323 0.000900 0.999999
5.329576 -0.010379 0.027952 -0.005052 0.000488 -0.000012 0.002042 0.999998
5.379576 -0.010379 0.027952 -0.005052 0.000488 -0.000012 0.002042 0.999998
5.429576 -0.010379 0.027952 -0.005052 0.000488 -0.000012 0.002042 0.999998
5.479576 -0.005324 0.026803 -0.002179 -0.005188 -0.001819 0.010025 0.999935
5.529576 -0.005324 0.026803 -0.002179 -0.005188 -0.001819 0.010025 0.999935
5.579576 0.003744 0.028258 0.000083 -0.004941 -0.003227 0.010861 0.999924
5.629576 0.009772 0.027717 0.005907 -0.005348 -0.002852 0.013107 0.999896
5.679576 0.015672 0.022727 0.008675 -0.006164 -0.002533 0.014180 0.999877
5.729576 0.020965 0.022730 0.009531 -0.005301 -0.002344 0.013537 0.999892
5.780228 0.032876 0.015874 0.008870 -0.005219 -0.002178 0.013466 0.999893
5.829576 0.025127 0.008516 0.009597 -0.006060 0.007481 0.015574 0.999832
5.879576 0.033269 -0.001030 0.011671 -0.006137 0.007406 0.015294 0.999837
5.929576 0.039365 -0.014063 0.013762 -0.006328 0.007308 0.015757 0.999829
5.979576 0.042360 -0.026288 0.016009 -0.006221 0.007327 0.015606 0.999832
6.029576 0.042471 -0.019722 0.015417 0.005889 0.007028 0.013997 0.999860
6.079576 0.044023 -0.031067 0.018049 0.005887 0.007066 0.014066 0.999859
6.129576 0.045352 -0.043614 0.020630 0.005798 0.006938 0.014082 0.999860
6.179576 0.045227 -0.054111 0.023304 0.005661 0.007106 0.013923 0.999862
6.229576 0.040509 -0.062887 0.025734 0.005708 0.007048 0.014090 0.999860
6.279576 0.043703 -0.057598 0.027443 0.013503 -0.003382 0.015119 0.999789
6.329576 0.027190 -0.064079 0.031824 0.013692 -0.003316 0.014313 0.999798
6.379576 0.013379 -0.066727 0.032755 0.014030 -0.003356 0.012178 0.999822
6.429576 0.028494 -0.065378 0.035017 0.015385 -0.020236 0.011650 0.999609
6.479576 0.013536 -0.062854 0.037618 0.015354 -0.020399 0.010517 0.999619
6.529576 -0.002461 -0.056981 0.042181 0.015451 -0.020729 0.010237 0.999613
6.579576 -0.008527 -0.051098 0.045051 0.014698 -0.021187 0.009294 0.999624
6.629576 0.003148 -0.054927 0.045413 0.006356 -0.031381 0.011830 0.999417
6.679576 -0.004905 -0.048402 0.046802 0.004631 -0.033000 0.010461 0.999390
6.729576 -0.013884 -0.043000 0.045845 0.003937 -0.035705 0.010299 0.999302
6.779576 -0.020922 -0.036344 0.044430 0.003110 -0.036474 0.008187 0.999296
6.829576 -0.030157 -0.027222 0.043593 0.002485 -0.035807 0.004432 0.999346
6.879576 -0.038587 -0.018527 0.042278 0.001415 -0.039101 0.004185 0.999226
6.929576 -0.045412 -0.009490 0.040309 0.000462 -0.043110 0.006936 0.999046
6.979576 -0.049853 -0.001105 0.038861 -0.001886 -0.045039 0.008871 0.998944
7.029576 -0.051028 0.007092 0.037034 -0.004733 -0.047068 0.008918 0.998841
7.079576 -0.050343 0.014584 0.035527 -0.008362 -0.049386 0.008299 0.998710
7.129576 -0.047522 0.021310 0.035082 -0.012950 -0.050865 0.008507 0.998585
7.179576 -0.042437 0.027475 0.037426 -0.018250 -0.051189 0.010470 0.998467
7.229576 -0.035541 0.033987 0.039778 -0.022659 -0.052035 0.013379 0.998299
7.279576 -0.024245 0.038707 0.041967 -0.024917 -0.052246 0.016087 0.998194
7.329576 -0.009952 0.042282 0.043763 -0.026010 -0.050588 0.017044 0.998235
7.379576 0.007358 0.046432 0.046845 -0.027105 -0.047104 0.016515 0.998386
7.429576 0.028976 0.050083 0.050196 -0.028718 -0.041561 0.015465 0.998603
7.479576 0.052345 0.052497 0.053095 -0.029208 -0.035161 0.014248 0.998853
7.529576 0.078044 0.053064 0.055369 -0.029702 -0.029635 0.015846 0.998994
7.579576 0.104354 0.053752 0.058038 -0.030114 -0.023701 0.018730 0.999090
7.629576 0.131986 0.052119 0.060737 -0.032596 -0.015678 0.021196 0.999121
7.679576 0.159559 0.050367 0.063882 -0.033928 -0.006414 0.022358 0.999154
7.729576 0.184645 0.046188 0.066306 -0.033178 0.000963 0.024251 0.999155
7.779576 0.208185 0.038640 0.069066 -0.031900 0.005038 0.027308 0.999105
7.829576 0.229660 0.028987 0.071549 -0.028902 0.009489 0.029560 0.999100
7.879576 0.248400 0.017897 0.073939 -0.024299 0.013045 0.031035 0.999138
7.929576 0.263440 0.006516 0.074936 -0.018865 0.015026 0.031276 0.999220
7.979576 0.279872 -0.009518 0.076195 -0.013414 0.017555 0.030179 0.999300
8.029576 0.292559 -0.022414 0.077292 -0.007904 0.021107 0.028085 0.999352
8.079576 0.299958 -0.036835 0.078925 -0.004409 0.023962 0.026767 0.999345
8.129576 0.305091 -0.049873 0.080009 -0.001343 0.024328 0.027812 0.999316
8.179576 0.309072 -0.062061 0.081287 0.001398 0.026722 0.027622 0.999260
8.229576 0.311785 -0.074622 0.082721 0.003825 0.030080 0.027159 0.999171
8.279576 0.310790 -0.086291 0.083652 0.007428 0.031765 0.026371 0.999120
8.329576 0.305600 -0.096828 0.083933 0.012606 0.031114 0.026811 0.999077
8.379576 0.297081 -0.106311 0.083774 0.018033 0.028604 0.026900 0.999066
8.429576 0.285903 -0.113689 0.083675 0.023059 0.026978 0.024632 0.999066
8.479576 0.271703 -0.118877 0.083593 0.026787 0.025223 0.021770 0.999086
8.529576 0.256558 -0.120922 0.083519 0.029394 0.020114 0.020110 0.999163
8.579576 0.238133 -0.122098 0.082744 0.029439 0.014013 0.019107 0.999286
8.629576 0.221727 -0.119198 0.083952 0.028676 0.008815 0.018930 0.999371
8.679576 0.206168 -0.115180 0.085234 0.024414 0.004768 0.018503 0.999519
8.729576 0.191725 -0.108923 0.086753 0.019799 0.000845 0.018342 0.999635
8.779576 0.178679 -0.101838 0.087924 0.014783 -0.003236 0.018255 0.999719
8.829576 0.167235 -0.093802 0.088925 0.009783 -0.007197 0.017543 0.999772
8.879576 0.159820 -0.084133 0.090672 0.006030 -0.010771 0.016830 0.999782
8.929576 0.153799 -0.074992 0.091591 0.003077 -0.012187 0.016411 0.999786
8.979576 0.150209 -0.064863 0.092937 -0.001121 -0.014553 0.017373 0.999743
9.029576 0.146760 -0.054780 0.094528 -0.007257 -0.017473 0.018340 0.999653
9.079576 0.145443 -0.044009 0.096253 -0.014186 -0.021071 0.019706 0.999483
9.129577 0.144714 -0.034578 0.097074 -0.020852 -0.024101 0.020093 0.999290
9.179577 0.145537 -0.023374 0.097950 -0.025120 -0.026806 0.020569 0.999113
9.229577 0.147852 -0.014250 0.098095 -0.029719 -0.030899 0.020889 0.998862
9.279577 0.150946 -0.005479 0.098293 -0.035288 -0.035319 0.021071 0.998531
9.329577 0.157245 0.004197 0.098722 -0.040665 -0.040111 0.021174 0.998143
9.379577 0.164163 0.013009 0.098027 -0.046026 -0.044058 0.020198 0.997764
9.429577 0.171979 0.022141 0.096957 -0.050528 -0.047449 0.018856 0.997417
9.479577 0.181829 0.032160 0.095760 -0.053954 -0.049698 0.018121 0.997141
9.529577 0.193762 0.040648 0.094642 -0.058218 -0.050419 0.017790 0.996871
9.579577 0.207895 0.048515 0.094437 -0.062411 -0.050544 0.018121 0.996605
9.629577 0.222222 0.052633 0.094121 -0.066855 -0.050187 0.018825 0.996322
9.679577 0.239830 0.057203 0.093939 -0.068187 -0.051463 0.019609 0.996151
9.729577 0.259293 0.059167 0.094015 -0.070232 -0.050363 0.020964 0.996038
9.779577 0.281478 0.061763 0.095206 -0.070159 -0.047035 0.020724 0.996211
9.829577 0.304935 0.063132 0.096477 -0.070690 -0.042492 0.020056 0.996391
9.879577 0.328876 0.062672 0.097531 -0.072581 -0.038458 0.021133 0.996397
9.929577 0.352747 0.060570 0.097510 -0.072232 -0.036154 0.021576 0.996499
9.979577 0.376925 0.058893 0.098903 -0.070396 -0.028777 0.018566 0.996931
10.029577 0.398998 0.055868 0.100425 -0.067774 -0.021561 0.014346 0.997365
10.079577 0.418080 0.051000 0.100168 -0.064212 -0.019436 0.012866 0.997664
10.129577 0.435231 0.043829 0.098860 -0.060903 -0.020757 0.013902 0.997831
10.179577 0.451653 0.034827 0.096999 -0.056071 -0.019934 0.015272 0.998111
10.229577 0.467696 0.024930 0.094786 -0.050747 -0.016314 0.014944 0.998467
10.279577 0.481722 0.014598 0.092595 -0.046766 -0.013279 0.014745 0.998709
10.329921 0.494837 0.003988 0.089956 -0.043028 -0.010034 0.014307 0.998921
10.379577 0.506294 -0.005804 0.088312 -0.040608 -0.004906 0.013124 0.999077
10.429577 0.515435 -0.015392 0.086713 -0.038322 -0.000407 0.011988 0.999194
10.479577 0.520546 -0.024723 0.086022 -0.036532 0.002244 0.011973 0.999258
10.529577 0.521447 -0.034151 0.084967 -0.034688 0.003345 0.013449 0.999302
10.579577 0.520028 -0.043034 0.084658 -0.032177 0.004191 0.016943 0.999330
10.629577 0.517949 -0.052918 0.084185 -0.028968 0.004325 0.020937 0.999352
10.679577 0.512805 -0.062808 0.083492 -0.025851 0.003783 0.023983 0.999371
10.729577 0.504344 -0.069772 0.084135 -0.022473 0.003586 0.025158 0.999424
10.779577 0.494641 -0.076437 0.085335 -0.021304 0.004376 0.025271 0.999444
10.829577 0.484733 -0.079581 0.087061 -0.021166 0.005304 0.024306 0.999466
10.879577 0.473646 -0.081057 0.089238 -0.022744 0.005667 0.023342 0.999453
10.929577 0.462927 -0.079212 0.091726 -0.025041 0.006495 0.021610 0.999432
10.979577 0.451086 -0.074298 0.094821 -0.029411 0.008563 0.019724 0.999336
11.029577 0.439851 -0.068429 0.096637 -0.034301 0.007679 0.018885 0.999204
11.079577 0.428526 -0.062202 0.098445 -0.038787 0.003946 0.019545 0.999049
11.129577 0.417473 -0.055690 0.099397 -0.042906 0.000185 0.020771 0.998863
11.179577 0.407726 -0.048319 0.100098 -0.046274 -0.002477 0.021593 0.998692
11.229577 0.398724 -0.041036 0.100326 -0.048696 -0.005454 0.021658 0.998564
11.279577 0.390794 -0.033449 0.099919 -0.049441 -0.008595 0.020252 0.998535
11.329577 0.384856 -0.025554 0.099126 -0.049679 -0.010866 0.018111 0.998542
11.379577 0.381226 -0.017853 0.098082 -0.050920 -0.014021 0.015948 0.998477
11.429577 0.377353 -0.009207 0.096629 -0.052448 -0.017785 0.012796 0.998383
11.479577 0.375401 -0.001065 0.094919 -0.053228 -0.023353 0.010945 0.998249
11.529577 0.374394 0.006962 0.092817 -0.053565 -0.029414 0.009178 0.998089
11.581514 0.375048 0.016416 0.090777 -0.055254 -0.035076 0.007441 0.997828
11.629577 0.376328 0.025476 0.088393 -0.056789 -0.041549 0.006099 0.997503
11.679577 0.378936 0.034616 0.085702 -0.057285 -0.049151 0.004655 0.997136
11.729577 0.383728 0.044282 0.083300 -0.057118 -0.056700 0.002081 0.996754
11.779577 0.391066 0.053504 0.081305 -0.057363 -0.063040 -0.002859 0.996357
11.829577 0.400517 0.061478 0.079761 -0.058394 -0.065043 -0.008860 0.996133
11.879577 0.413072 0.068946 0.079389 -0.058597 -0.066182 -0.012528 0.996007
11.929577 0.426335 0.072107 0.078634 -0.061311 -0.068008 -0.012205 0.995724
11.979577 0.442296 0.074575 0.079006 -0.064529 -0.068664 -0.009916 0.995501
12.029577 0.459279 0.077241 0.080045 -0.066092 -0.067483 -0.008262 0.995495
12.079577 0.478097 0.077698 0.081846 -0.067393 -0.066566 -0.006632 0.995481
12.129577 0.498159 0.077151 0.083753 -0.067314 -0.065095 -0.005036 0.995593
12.179577 0.519300 0.076018 0.086325 -0.065939 -0.062264 -0.004007 0.995871
12.229577 0.541079 0.074206 0.089078 -0.063918 -0.058367 -0.003618 0.996240
12.279577 0.563080 0.071024 0.092072 -0.061915 -0.054427 -0.003107 0.996592
12.329577 0.584773 0.066835 0.095191 -0.059989 -0.050715 -0.002927 0.996906
12.379577 0.606153 0.061574 0.097608 -0.057740 -0.047489 -0.002291 0.997199
12.429577 0.627045 0.055223 0.100445 -0.056099 -0.042182 -0.002041 0.997532
12.479577 0.646304 0.048714 0.102362 -0.053233 -0.037934 -0.001489 0.997860
12.529577 0.663714 0.043063 0.103736 -0.051353 -0.034604 -0.002295 0.998078
12.579577 0.678550 0.037659 0.104720 -0.050170 -0.031628 -0.003962 0.998232
12.629577 0.690661 0.031088 0.105607 -0.049611 -0.030357 -0.004445 0.998297
12.679577 0.699540 0.023011 0.105247 -0.049330 -0.029998 -0.004028 0.998324
12.729577 0.707790 0.013390 0.104980 -0.048553 -0.029463 -0.002754 0.998382
12.779577 0.714168 0.002615 0.104630 -0.046918 -0.028649 -0.002649 0.998484
12.829577 0.718217 -0.008183 0.104371 -0.042912 -0.026626 -0.004041 0.998716
12.879577 0.721779 -0.020803 0.105198 -0.038639 -0.023107 -0.004589 0.998976
12.929577 0.722064 -0.032817 0.106719 -0.034319 -0.019205 -0.003754 0.999219
12.979577 0.721016 -0.044889 0.109881 -0.031643 -0.016213 -0.002395 0.999365
13.029577 0.717042 -0.055567 0.113318 -0.028815 -0.013694 -0.000949 0.999491
13.079577 0.710927 -0.064164 0.117057 -0.026885 -0.010833 0.001133 0.999579
13.129577 0.704012 -0.071969 0.121247 -0.026026 -0.008214 0.002672 0.999624
13.179577 0.694361 -0.077658 0.124819 -0.025006 -0.004824 0.002699 0.999672
13.229577 0.684083 -0.082615 0.128065 -0.025842 -0.003682 0.002225 0.999657
13.279577 0.671085 -0.085515 0.131251 -0.026895 -0.003729 0.000878 0.999631
13.329577 0.657825 -0.085630 0.133890 -0.028369 -0.005039 -0.000427 0.999585
13.379577 0.643261 -0.082680 0.136502 -0.030005 -0.006603 -0.001643 0.999527
13.429577 0.629183 -0.079064 0.138473 -0.032415 -0.008302 -0.003890 0.999433
13.479577 0.615253 -0.073447 0.140048 -0.035350 -0.010742 -0.006277 0.999298
13.529577 0.601954 -0.066788 0.140818 -0.038391 -0.013170 -0.008076 0.999143
13.579577 0.590030 -0.059065 0.141415 -0.041974 -0.015901 -0.009011 0.998952
13.629577 0.579671 -0.050576 0.141119 -0.047383 -0.018638 -0.009461 0.998658
13.679577 0.570784 -0.040873 0.140470 -0.052844 -0.022049 -0.009458 0.998314
13.729577 0.564297 -0.031796 0.139229 -0.058073 -0.024940 -0.008385 0.997966
13.779577 0.559957 -0.022359 0.137599 -0.063188 -0.027878 -0.007638 0.997583
13.829577 0.557535 -0.012832 0.136107 -0.068032 -0.030710 -0.006655 0.997188
13.879577 0.557508 -0.003888 0.134207 -0.072938 -0.031997 -0.006061 0.996805
13.929577 0.559123 0.004562 0.132770 -0.076940 -0.034286 -0.006286 0.996426
13.979577 0.560601 0.012340 0.130676 -0.079719 -0.039108 -0.007202 0.996024
14.029577 0.563400 0.019559 0.128759 -0.081398 -0.043812 -0.009238 0.995675
14.079577 0.568312 0.025585 0.127082 -0.081445 -0.046759 -0.012686 0.995500
14.129577 0.573715 0.030998 0.125131 -0.080341 -0.048511 -0.016447 0.995450
14.179577 0.580953 0.036274 0.123455 -0.080330 -0.052227 -0.018519 0.995227
14.229577 0.589630 0.040815 0.122331 -0.081819 -0.057328 -0.020158 0.994793
14.279577 0.599390 0.046927 0.121604 -0.081465 -0.060733 -0.023669 0.994543
14.329577 0.612182 0.051070 0.121666 -0.081545 -0.063176 -0.026946 0.994300
14.379577 0.625426 0.055000 0.121824 -0.081508 -0.065527 -0.029507 0.994078
14.429577 0.640365 0.058159 0.122652 -0.082406 -0.068141 -0.030938 0.993785
14.479577 0.657964 0.061619 0.124824 -0.082880 -0.069687 -0.031223 0.993630
14.529577 0.676177 0.063168 0.126852 -0.083517 -0.069355 -0.030419 0.993624
14.579577 0.697701 0.062301 0.130853 -0.084939 -0.068471 -0.029859 0.993582
14.629577 0.718995 0.060713 0.134654 -0.085697 -0.066087 -0.028954 0.993705
14.679577 0.740073 0.058994 0.138151 -0.086320 -0.064237 -0.027996 0.993800
14.729577 0.760352 0.056566 0.141584 -0.086212 -0.061724 -0.028051 0.993967
14.779577 0.778783 0.053308 0.144675 -0.085426 -0.059317 -0.029471 0.994141
14.829577 0.795855 0.049414 0.147130 -0.083725 -0.058403 -0.030524 0.994308
14.879577 0.810499 0.044384 0.148735 -0.081771 -0.058126 -0.030800 0.994478
14.929577 0.824191 0.038108 0.150030 -0.078987 -0.058403 -0.032349 0.994637
14.979577 0.837033 0.030786 0.151341 -0.076529 -0.058637 -0.034929 0.994729
15.029577 0.849523 0.021542 0.153970 -0.073663 -0.056465 -0.036273 0.995022
15.079577 0.859807 0.009899 0.155550 -0.070419 -0.050780 -0.037323 0.995525
15.129577 0.868813 -0.002772 0.158256 -0.067953 -0.046519 -0.035796 0.995960
15.179577 0.874483 -0.017060 0.159189 -0.065471 -0.043608 -0.032421 0.996374
15.229577 0.876572 -0.031941 0.159888 -0.063270 -0.042082 -0.028000 0.996716
15.279577 0.875104 -0.044989 0.160482 -0.058869 -0.040279 -0.024546 0.997151
15.329577 0.872242 -0.058461 0.159807 -0.051889 -0.037810 -0.021857 0.997697
15.379577 0.867561 -0.072113 0.157957 -0.043631 -0.034189 -0.018557 0.998290
15.429577 0.861428 -0.083638 0.155089 -0.035359 -0.031085 -0.015496 0.998771
15.479577 0.854202 -0.093491 0.150210 -0.027141 -0.030245 -0.013522 0.999082
15.529577 0.845440 -0.101708 0.145153 -0.019468 -0.027927 -0.013312 0.999332
15.579577 0.834959 -0.107036 0.141158 -0.013161 -0.025721 -0.014415 0.999479
15.629577 0.823658 -0.110565 0.136523 -0.009203 -0.026159 -0.015072 0.999502
15.679577 0.810025 -0.110424 0.132640 -0.006691 -0.027504 -0.015916 0.999473
15.729577 0.797284 -0.108959 0.128788 -0.006446 -0.029167 -0.016555 0.999417
15.779577 0.784319 -0.103868 0.126121 -0.006866 -0.030722 -0.016950 0.999361
15.829577 0.771241 -0.096420 0.123635 -0.008449 -0.033554 -0.017981 0.999239
15.879577 0.759680 -0.087256 0.122117 -0.012849 -0.036256 -0.020650 0.999047
15.929577 0.749652 -0.076282 0.120295 -0.018571 -0.039084 -0.022918 0.998801
15.979577 0.740972 -0.065331 0.118315 -0.023352 -0.042615 -0.024494 0.998518
16.029577 0.734105 -0.054439 0.115783 -0.028332 -0.047501 -0.025254 0.998150
16.079577 0.728292 -0.044807 0.112651 -0.032121 -0.052996 -0.027031 0.997712
16.129577 0.724075 -0.035822 0.109571 -0.035089 -0.059466 -0.028989 0.997192
16.179577 0.719410 -0.026540 0.106130 -0.037731 -0.067333 -0.032535 0.996486
16.229577 0.716000 -0.017239 0.102681 -0.040939 -0.077766 -0.036301 0.995469
16.279577 0.713348 -0.007059 0.098344 -0.043138 -0.088645 -0.040966 0.994285
16.329577 0.713664 0.003073 0.094834 -0.045718 -0.097086 -0.046047 0.993159
16.379577 0.716529 0.012773 0.091307 -0.048390 -0.103101 -0.051528 0.992156
16.429577 0.720227 0.022449 0.088202 -0.050504 -0.110030 -0.056763 0.991020
16.479577 0.726439 0.031940 0.085688 -0.053692 -0.116634 -0.060464 0.989878
16.529577 0.733998 0.041461 0.083602 -0.057666 -0.121943 -0.063805 0.988804
16.579577 0.742227 0.049787 0.081212 -0.061226 -0.125905 -0.065999 0.987949
16.629577 0.751920 0.056457 0.079496 -0.063643 -0.130552 -0.066790 0.987140
16.682628 0.763810 0.063015 0.077810 -0.065065 -0.134574 -0.067671 0.986447
16.729577 0.775695 0.068396 0.076808 -0.065904 -0.135790 -0.068665 0.986156
16.779577 0.787548 0.071795 0.075473 -0.066614 -0.136977 -0.069050 0.985917
16.829577 0.799859 0.072448 0.074245 -0.065912 -0.139607 -0.068224 0.985653
16.879577 0.811598 0.069737 0.072974 -0.066248 -0.141031 -0.066480 0.985546
16.929577 0.824781 0.066961 0.072217 -0.065206 -0.142055 -0.065087 0.985562
16.979577 0.837638 0.062929 0.072064 -0.063451 -0.140007 -0.064355 0.986018
17.029577 0.850938 0.058343 0.072919 -0.061763 -0.138987 -0.063128 0.986348
17.079577 0.862957 0.052686 0.073251 -0.060822 -0.138703 -0.061805 0.986530
17.129577 0.873948 0.046310 0.074158 -0.060388 -0.137270 -0.061468 0.986779
17.179577 0.884545 0.037614 0.075257 -0.060045 -0.134497 -0.060834 0.987221
17.229577 0.893199 0.028465 0.076060 -0.058270 -0.131508 -0.059434 0.987815
17.279577 0.900736 0.018423 0.077186 -0.055043 -0.129033 -0.057821 0.988422
17.329577 0.907751 0.007274 0.078478 -0.051823 -0.125258 -0.056671 0.989148
17.379577 0.912380 -0.004334 0.079596 -0.049327 -0.120157 -0.056085 0.989941
17.429577 0.915341 -0.016148 0.080938 -0.047355 -0.117163 -0.054779 0.990469
17.479577 0.916278 -0.028636 0.082080 -0.044728 -0.115180 -0.052720 0.990936
17.529577 0.914228 -0.041455 0.083362 -0.041564 -0.113054 -0.050305 0.991444
17.579577 0.911662 -0.053340 0.084329 -0.037040 -0.110317 -0.048138 0.992039
17.629577 0.906539 -0.064563 0.085398 -0.032828 -0.107808 -0.047512 0.992493
17.679577 0.900294 -0.072842 0.087241 -0.028126 -0.105922 -0.046983 0.992866
17.729577 0.892276 -0.080646 0.089339 -0.025576 -0.103043 -0.046305 0.993269
17.779577 0.883474 -0.086647 0.092375 -0.023814 -0.099723 -0.044858 0.993718
17.829577 0.873402 -0.090696 0.095448 -0.022768 -0.095535 -0.043181 0.994228
17.879577 0.862170 -0.093537 0.098224 -0.022369 -0.091391 -0.041453 0.994700
17.929577 0.849277 -0.094121 0.100819 -0.022469 -0.087451 -0.038952 0.995153
17.979577 0.835590 -0.094812 0.102916 -0.023640 -0.084867 -0.036761 0.995433
18.029577 0.820759 -0.094496 0.104391 -0.025162 -0.082619 -0.035210 0.995641
18.079577 0.804184 -0.092266 0.105106 -0.025253 -0.080460 -0.034978 0.995824
18.129577 0.787034 -0.089982 0.105824 -0.025469 -0.078645 -0.034769 0.995971
18.179577 0.769303 -0.086846 0.106591 -0.025173 -0.077499 -0.033152 0.996123
18.229577 0.752430 -0.083283 0.107452 -0.025798 -0.077361 -0.029676 0.996227
18.279577 0.735987 -0.079121 0.108143 -0.027858 -0.077205 -0.026202 0.996282
18.329577 0.721220 -0.073817 0.108203 -0.030216 -0.078685 -0.021909 0.996201
18.379577 0.706433 -0.067568 0.107342 -0.031173 -0.083568 -0.017662 0.995858
18.429577 0.692826 -0.061730 0.106728 -0.032846 -0.087876 -0.015449 0.995470
18.479577 0.680675 -0.054572 0.107988 -0.035577 -0.089495 -0.016402 0.995217
18.529577 0.668919 -0.045525 0.110286 -0.039265 -0.091912 -0.018738 0.994816
18.579577 0.658002 -0.035949 0.112001 -0.044779 -0.096531 -0.020631 0.994108
18.629577 0.648819 -0.025284 0.112811 -0.050110 -0.103891 -0.022259 0.993076
18.679577 0.642246 -0.015637 0.113314 -0.054785 -0.109905 -0.024487 0.992129
18.729577 0.639067 -0.006957 0.114703 -0.058116 -0.110625 -0.026850 0.991798
18.779577 0.636593 0.001592 0.116889 -0.060500 -0.109477 -0.029248 0.991715
18.829577 0.634673 0.008494 0.118550 -0.061140 -0.109663 -0.029825 0.991638
18.879577 0.635295 0.013067 0.118531 -0.058667 -0.108330 -0.028085 0.991985
18.929577 0.637633 0.015477 0.117956 -0.057416 -0.103051 -0.026291 0.992669
18.979577 0.640560 0.019948 0.116332 -0.059110 -0.097439 -0.025253 0.993164
19.029577 0.642979 0.027226 0.113663 -0.063312 -0.095382 -0.024112 0.993133
19.079577 0.645782 0.033477 0.109773 -0.070025 -0.092637 -0.021469 0.993003
19.129577 0.651803 0.039929 0.105665 -0.076982 -0.086355 -0.016838 0.993143
19.179577 0.659775 0.046065 0.101467 -0.081774 -0.078200 -0.011905 0.993507
19.229577 0.668631 0.049729 0.097975 -0.086649 -0.070519 -0.006240 0.993720
19.279577 0.678555 0.053052 0.095942 -0.091036 -0.062171 0.000011 0.993905
19.329577 0.689179 0.054162 0.095488 -0.093980 -0.054266 0.003834 0.994087
19.379577 0.699524 0.051784 0.095415 -0.095697 -0.045258 0.006738 0.994358
19.429577 0.709903 0.047852 0.096417 -0.094972 -0.038562 0.008243 0.994699
19.479577 0.718780 0.041073 0.097575 -0.093071 -0.032682 0.009948 0.995073
19.529577 0.726453 0.032650 0.099165 -0.088631 -0.025451 0.008417 0.995704
19.579577 0.733263 0.022366 0.100351 -0.083240 -0.019092 0.005375 0.996332
19.629577 0.738844 0.011859 0.101557 -0.078357 -0.014378 0.000146 0.996822
19.679577 0.742364 0.001076 0.103601 -0.073089 -0.009868 -0.004699 0.997266
19.729577 0.743835 -0.010945 0.106253 -0.067632 -0.006060 -0.006303 0.997672
19.779577 0.744320 -0.022428 0.109187 -0.064199 -0.006502 -0.005592 0.997900
19.829577 0.742648 -0.031900 0.113940 -0.063118 -0.006259 -0.005719 0.997970
19.879577 0.740307 -0.040586 0.119534 -0.063145 -0.004649 -0.006319 0.997974
19.929577 0.736017 -0.050157 0.127066 -0.062466 -0.004290 -0.007360 0.998011
19.979577 0.730445 -0.058258 0.134595 -0.061021 -0.003053 -0.009181 0.998090
20.029577 0.724067 -0.067007 0.142841 -0.059050 -0.002501 -0.011010 0.998191
20.079577 0.715880 -0.075212 0.151339 -0.056469 -0.003392 -0.012463 0.998321
20.129577 0.706893 -0.081125 0.159872 -0.055374 -0.003855 -0.012932 0.998375
20.179577 0.697564 -0.086296 0.168593 -0.055019 -0.005000 -0.013214 0.998385
20.229577 0.687697 -0.090545 0.177189 -0.053935 -0.006116 -0.013415 0.998436
20.279577 0.677123 -0.092776 0.185670 -0.052345 -0.006148 -0.014485 0.998505
20.329577 0.667265 -0.093611 0.194421 -0.052709 -0.008788 -0.014831 0.998461
20.379577 0.656248 -0.093126 0.203564 -0.054899 -0.011769 -0.015608 0.998301
20.429577 0.646619 -0.091646 0.213262 -0.058743 -0.012929 -0.016354 0.998055
20.479577 0.638273 -0.087718 0.223602 -0.061597 -0.012531 -0.017296 0.997873
20.529577 0.630503 -0.083413 0.234072 -0.065819 -0.013936 -0.017535 0.997580
20.579577 0.622928 -0.078471 0.244247 -0.069633 -0.015764 -0.017413 0.997296
20.629577 0.616649 -0.073258 0.254271 -0.072827 -0.016179 -0.016923 0.997070
20.679577 0.611684 -0.067765 0.263636 -0.075465 -0.016473 -0.016331 0.996879
20.729577 0.607113 -0.061946 0.272315 -0.077803 -0.017023 -0.015217 0.996707
20.779577 0.601351 -0.056375 0.279786 -0.080653 -0.020069 -0.012814 0.996458
20.829577 0.595294 -0.050501 0.285411 -0.083373 -0.024156 -0.009961 0.996176
20.879577 0.589410 -0.045020 0.289358 -0.084494 -0.027438 -0.008706 0.996008
20.929577 0.583403 -0.039721 0.292113 -0.083603 -0.030409 -0.008761 0.995997
20.979577 0.577398 -0.035008 0.293838 -0.081398 -0.033215 -0.009164 0.996086
21.029577 0.571250 -0.030197 0.294739 -0.079214 -0.036882 -0.009325 0.996131
21.079577 0.566459 -0.025531 0.295402 -0.078505 -0.039737 -0.009455 0.996077
21.129577 0.562766 -0.020081 0.294392 -0.078264 -0.040881 -0.009912 0.996045
21.179577 0.559992 -0.015129 0.292112 -0.077960 -0.040802 -0.009795 0.996073
21.229577 0.558618 -0.009863 0.288793 -0.077206 -0.039750 -0.009203 0.996180
21.279577 0.557381 -0.005207 0.284047 -0.076690 -0.038330 -0.008399 0.996283
21.329577 0.556871 -0.000696 0.278324 -0.076443 -0.037381 -0.007954 0.996341
21.379577 0.557325 0.003329 0.270571 -0.075382 -0.034718 -0.007747 0.996520
21.429577 0.557886 0.007543 0.261387 -0.072748 -0.031874 -0.007242 0.996815
21.479577 0.559511 0.011100 0.251123 -0.071648 -0.029863 -0.005985 0.996965
21.529577 0.560763 0.015842 0.240600 -0.071671 -0.027640 -0.004815 0.997034
21.579577 0.562260 0.020174 0.229976 -0.071952 -0.026007 -0.003431 0.997063
21.629577 0.566291 0.025936 0.218810 -0.071292 -0.022619 -0.001920 0.997197
21.679577 0.572171 0.030426 0.208268 -0.071823 -0.016944 -0.000068 0.997274
21.729577 0.578512 0.034283 0.197658 -0.071696 -0.010686 0.002682 0.997366
21.779577 0.587159 0.035955 0.187303 -0.070787 -0.003282 0.005565 0.997471
21.829577 0.597736 0.034892 0.176665 -0.067763 0.005196 0.008576 0.997651
21.879577 0.608259 0.032134 0.166577 -0.064335 0.013878 0.011297 0.997768
21.929577 0.618681 0.028239 0.156767 -0.060936 0.021807 0.012780 0.997822
21.979577 0.629027 0.022691 0.147741 -0.058546 0.031381 0.011879 0.997721
22.029577 0.639082 0.015549 0.139941 -0.055230 0.040968 0.009911 0.997584
22.079577 0.648505 0.005960 0.132822 -0.050971 0.049478 0.009235 0.997431
22.129577 0.655941 -0.005361 0.126091 -0.046900 0.058185 0.010232 0.997151
22.179577 0.662256 -0.017935 0.120864 -0.043519 0.064975 0.012920 0.996854
22.229577 0.667054 -0.031800 0.115153 -0.040876 0.070696 0.015640 0.996537
22.279577 0.670301 -0.045923 0.109982 -0.037061 0.075069 0.017431 0.996337
22.329577 0.670241 -0.061026 0.104614 -0.032928 0.077768 0.016730 0.996287
22.379577 0.667557 -0.074513 0.101200 -0.028638 0.078413 0.015859 0.996383
22.429577 0.663450 -0.088070 0.097162 -0.024795 0.076661 0.015724 0.996625
22.479577 0.657375 -0.098866 0.093966 -0.019974 0.074756 0.016436 0.996866
22.529577 0.647747 -0.110625 0.092409 -0.016713 0.072526 0.015298 0.997109
22.579577 0.636635 -0.120218 0.091443 -0.012698 0.068391 0.015234 0.997461
22.629577 0.624632 -0.126896 0.090176 -0.009430 0.062090 0.016037 0.997897
22.679577 0.611000 -0.131754 0.091084 -0.008030 0.056743 0.015103 0.998242
22.729577 0.596659 -0.133748 0.092981 -0.006587 0.051277 0.013210 0.998575
22.779577 0.582321 -0.134081 0.095658 -0.006681 0.045340 0.011564 0.998882
22.829577 0.567574 -0.132743 0.098894 -0.008219 0.040464 0.011230 0.999084
22.879577 0.553290 -0.131137 0.102770 -0.010036 0.035662 0.012040 0.999241
22.929577 0.539757 -0.127433 0.106421 -0.012135 0.030356 0.013499 0.999374
22.979577 0.526596 -0.123229 0.109346 -0.014901 0.023679 0.014463 0.999504
23.029577 0.513259 -0.118891 0.112267 -0.015560 0.018826 0.015148 0.999587
23.079577 0.502971 -0.114166 0.113755 -0.015301 0.016853 0.016530 0.999604
23.129577 0.493676 -0.108204 0.116090 -0.016616 0.017160 0.017921 0.999554
23.179577 0.485124 -0.101684 0.118386 -0.020238 0.016732 0.019316 0.999469
23.229577 0.477088 -0.093024 0.120622 -0.025644 0.014925 0.020854 0.999342
23.279577 0.469653 -0.084354 0.122157 -0.031267 0.014276 0.021682 0.999174
23.329577 0.463320 -0.074901 0.123089 -0.036064 0.015522 0.021985 0.998987
23.379577 0.457829 -0.064867 0.123349 -0.039943 0.016440 0.021470 0.998836
23.429577 0.451793 -0.055315 0.122556 -0.044130 0.015700 0.021346 0.998674
23.479577 0.446436 -0.045991 0.121440 -0.047592 0.014014 0.021910 0.998528
23.529577 0.441565 -0.037188 0.119872 -0.050873 0.013298 0.023844 0.998332
23.579577 0.438117 -0.028182 0.118509 -0.052966 0.013346 0.026573 0.998153
23.629577 0.435306 -0.019793 0.116678 -0.054103 0.011049 0.029650 0.998034
23.679577 0.432930 -0.011348 0.114700 -0.054290 0.009474 0.031964 0.997968
23.729577 0.431542 -0.002098 0.112981 -0.054049 0.009714 0.032710 0.997955
23.779577 0.430525 0.007112 0.111438 -0.053384 0.010014 0.032847 0.997983
23.829577 0.431616 0.015892 0.110417 -0.051929 0.010308 0.033964 0.998020
23.879577 0.434030 0.024483 0.110459 -0.051583 0.014375 0.034008 0.997986
23.929577 0.439712 0.032986 0.112664 -0.052902 0.018597 0.033130 0.997877
23.979577 0.444730 0.039979 0.115634 -0.055034 0.022888 0.031575 0.997723
24.029577 0.450329 0.045806 0.119591 -0.056531 0.026507 0.029833 0.997603
24.079577 0.456535 0.049929 0.124695 -0.057613 0.029662 0.027809 0.997511
24.129577 0.463091 0.053243 0.130611 -0.057727 0.032082 0.025856 0.997482
24.179577 0.470024 0.055425 0.137527 -0.057936 0.034988 0.022752 0.997448
24.229577 0.476771 0.057205 0.145310 -0.058261 0.038257 0.017859 0.997408
24.279577 0.483471 0.058187 0.155416 -0.059387 0.040325 0.012960 0.997336
24.329577 0.488791 0.057879 0.166796 -0.061696 0.041296 0.007415 0.997213
24.379577 0.492880 0.057299 0.178344 -0.063897 0.041889 0.001781 0.997075
24.429577 0.497048 0.055072 0.193070 -0.066438 0.043097 -0.003904 0.996852
24.479577 0.500247 0.051840 0.207089 -0.067498 0.045266 -0.006316 0.996672
24.529577 0.502420 0.048098 0.221388 -0.068204 0.045818 -0.007516 0.996590
24.579577 0.502667 0.044305 0.236497 -0.069568 0.045388 -0.008730 0.996506
24.629577 0.502344 0.040868 0.251109 -0.071230 0.044932 -0.010741 0.996390
24.683183 0.500411 0.037334 0.266568 -0.073231 0.043839 -0.012324 0.996275
24.729577 0.497622 0.034268 0.280557 -0.074876 0.042316 -0.013979 0.996197
24.779577 0.494732 0.031470 0.293786 -0.075807 0.040894 -0.014602 0.996177
24.829577 0.491501 0.029266 0.305889 -0.076880 0.040009 -0.014891 0.996126
24.879577 0.487996 0.027321 0.316100 -0.079718 0.038580 -0.014270 0.995968
24.929577 0.483986 0.026441 0.326621 -0.083633 0.037357 -0.013658 0.995703
24.979577 0.479588 0.026011 0.335136 -0.087244 0.036106 -0.012892 0.995449
25.029577 0.474267 0.026181 0.341824 -0.090168 0.033285 -0.011360 0.995305
25.079577 0.468242 0.026859 0.346838 -0.092752 0.030065 -0.009908 0.995186
25.129577 0.461637 0.027138 0.350459 -0.094070 0.026102 -0.008756 0.995185
25.179577 0.455712 0.027789 0.353381 -0.093815 0.022536 -0.006532 0.995313
25.229577 0.450349 0.028012 0.356454 -0.094093 0.020618 -0.005561 0.995334
25.279577 0.445273 0.028588 0.358986 -0.095083 0.018328 -0.003698 0.995294
25.329577 0.440379 0.028818 0.359948 -0.095870 0.017037 -0.001543 0.995247
25.379577 0.436885 0.027577 0.358419 -0.095156 0.016825 0.001741 0.995319
25.429577 0.434092 0.025416 0.353756 -0.092327 0.016838 0.005840 0.995569
25.479577 0.431059 0.022558 0.347089 -0.089556 0.015820 0.010777 0.995798
25.529577 0.428892 0.019618 0.338162 -0.087880 0.015265 0.015293 0.995897
25.579577 0.426674 0.017526 0.327767 -0.085392 0.014164 0.018178 0.996081
25.629577 0.424476 0.015348 0.316168 -0.082972 0.013522 0.020475 0.996250
25.679577 0.422350 0.013678 0.302904 -0.080097 0.013082 0.023221 0.996431
25.729577 0.420398 0.012416 0.288737 -0.078353 0.012500 0.026955 0.996483
25.779577 0.418203 0.012621 0.274290 -0.077046 0.011234 0.030092 0.996510
25.829577 0.416087 0.013695 0.259416 -0.076216 0.009771 0.032869 0.996502
25.879577 0.413516 0.015738 0.244418 -0.075640 0.008092 0.035669 0.996464
25.929577 0.411625 0.018155 0.229870 -0.075462 0.006645 0.038509 0.996383
25.979577 0.409791 0.020816 0.215419 -0.075450 0.006154 0.041647 0.996260
26.029577 0.408213 0.023213 0.201076 -0.074954 0.004907 0.043962 0.996205
26.083957 0.407737 0.025450 0.186714 -0.074000 0.004536 0.045634 0.996203
26.129577 0.409000 0.027344 0.173482 -0.071951 0.005667 0.046756 0.996296
26.179577 0.412178 0.027676 0.161292 -0.070488 0.007994 0.047628 0.996343
26.229577 0.416209 0.027341 0.149042 -0.069097 0.010889 0.048136 0.996389
26.279577 0.423205 0.026384 0.137982 -0.068132 0.015602 0.047975 0.996400
26.329577 0.431554 0.025483 0.127581 -0.066687 0.021432 0.048489 0.996365
26.379577 0.441103 0.024220 0.117972 -0.065056 0.027508 0.050298 0.996234
26.429577 0.451110 0.023961 0.109177 -0.062605 0.033694 0.051230 0.996153
26.479577 0.462251 0.023927 0.101272 -0.061691 0.040469 0.051327 0.995953
26.529577 0.474354 0.023535 0.094282 -0.061907 0.048255 0.051712 0.995573
26.579577 0.487342 0.021924 0.087724 -0.062001 0.055168 0.051122 0.995238
26.629577 0.500397 0.018665 0.081344 -0.061191 0.062230 0.048548 0.995001
26.679577 0.513821 0.012806 0.076054 -0.058732 0.069491 0.045498 0.994812
26.729577 0.527022 0.005358 0.071684 -0.054948 0.078217 0.042349 0.994520
26.779577 0.538290 -0.003786 0.068465 -0.050998 0.085436 0.040183 0.994226
26.829577 0.546869 -0.013094 0.066496 -0.047354 0.090157 0.038339 0.994062
26.879577 0.553247 -0.023837 0.064791 -0.042867 0.092275 0.036943 0.994124
26.929577 0.557743 -0.035301 0.064795 -0.038336 0.093780 0.035239 0.994230
26.979577 0.560308 -0.046053 0.064871 -0.033718 0.095315 0.032640 0.994340
27.029577 0.559838 -0.058080 0.067133 -0.031665 0.096224 0.028085 0.994459
27.079577 0.556376 -0.068310 0.069545 -0.029256 0.095175 0.023703 0.994748
27.129577 0.549178 -0.078346 0.073806 -0.027019 0.092371 0.019874 0.995160
27.179577 0.538724 -0.087683 0.079311 -0.025263 0.087353 0.017854 0.995697
27.229577 0.526365 -0.095195 0.085292 -0.023535 0.079998 0.016156 0.996386
27.279577 0.512340 -0.101130 0.091904 -0.022549 0.074057 0.013209 0.996912
27.329577 0.498262 -0.105680 0.099940 -0.022304 0.068768 0.011907 0.997312
27.379577 0.483394 -0.110236 0.108864 -0.023837 0.061737 0.012731 0.997727
27.429577 0.468160 -0.113502 0.118564 -0.026851 0.055302 0.013879 0.998012
27.479577 0.453205 -0.114585 0.128742 -0.029683 0.050158 0.014007 0.998202
27.529577 0.438380 -0.114191 0.138964 -0.031779 0.045669 0.012972 0.998367
27.579577 0.423691 -0.112012 0.147835 -0.033595 0.041286 0.011323 0.998518
27.629577 0.409230 -0.107826 0.156050 -0.035652 0.037095 0.008533 0.998639
27.679577 0.394616 -0.102741 0.162930 -0.038820 0.032301 0.005651 0.998708
27.729577 0.380314 -0.097110 0.169257 -0.042034 0.027638 0.003530 0.998728
27.779577 0.366143 -0.090915 0.174445 -0.044713 0.021703 0.003404 0.998758
27.830990 0.351643 -0.084209 0.178265 -0.047582 0.014623 0.005564 0.998745
27.879577 0.339365 -0.077317 0.179940 -0.051362 0.008820 0.007334 0.998614
27.929577 0.329344 -0.070221 0.180676 -0.055356 0.004614 0.008851 0.998417
27.979577 0.321488 -0.062826 0.180024 -0.059927 0.001409 0.010442 0.998147
28.029577 0.314958 -0.055121 0.178533 -0.063123 -0.000369 0.012207 0.997931
28.079577 0.309659 -0.046964 0.176459 -0.065261 -0.002089 0.014685 0.997758
28.129577 0.305975 -0.039445 0.174332 -0.066126 -0.003901 0.018278 0.997636
28.179577 0.303183 -0.030220 0.171064 -0.067131 -0.004543 0.021523 0.997502
28.229577 0.302027 -0.019672 0.168447 -0.069261 -0.002952 0.023883 0.997308
28.279577 0.302288 -0.009489 0.165125 -0.071881 -0.000633 0.024837 0.997104
28.329577 0.304644 0.000682 0.161077 -0.073047 0.002469 0.025371 0.997003
28.379577 0.309336 0.010417 0.156712 -0.073949 0.006190 0.025535 0.996916
28.431847 0.315415 0.020387 0.151965 -0.075882 0.010586 0.025978 0.996722
28.479577 0.321999 0.029098 0.146928 -0.079236 0.015223 0.026734 0.996381
28.529577 0.329872 0.036345 0.141696 -0.080840 0.020245 0.026102 0.996180
28.579577 0.341317 0.041546 0.135433 -0.080545 0.027708 0.026313 0.996018
28.629577 0.352928 0.044500 0.129462 -0.079699 0.034290 0.028706 0.995815
28.679577 0.364826 0.045410 0.123868 -0.079624 0.040238 0.031288 0.995521
28.729577 0.378188 0.045311 0.119755 -0.079654 0.049483 0.031915 0.995082
28.779577 0.391071 0.043043 0.115934 -0.079347 0.057266 0.031267 0.994710
28.829577 0.403733 0.039301 0.111243 -0.077099 0.063764 0.031683 0.994478
28.879577 0.413619 0.033559 0.107515 -0.074402 0.069570 0.031802 0.994290
28.929577 0.421548 0.026543 0.103617 -0.071948 0.074399 0.032544 0.994097
28.979577 0.426674 0.019105 0.100993 -0.070002 0.078580 0.032832 0.993905
29.029577 0.429457 0.008253 0.097800 -0.067995 0.080701 0.033196 0.993862
29.079577 0.428729 -0.002523 0.095096 -0.064157 0.080457 0.034080 0.994107
29.129577 0.424402 -0.014200 0.093272 -0.058687 0.076199 0.034682 0.994760
29.179577 0.417501 -0.024660 0.092075 -0.053461 0.071769 0.033288 0.995431
29.229577 0.409063 -0.034319 0.091614 -0.048901 0.067495 0.030024 0.996068
29.279577 0.399163 -0.042043 0.092407 -0.045901 0.064905 0.025771 0.996502
29.330212 0.386876 -0.049072 0.093306 -0.043538 0.059879 0.022202 0.997009
29.379577 0.373275 -0.055013 0.095202 -0.042434 0.053385 0.020536 0.997461
29.429577 0.359270 -0.059632 0.097161 -0.041365 0.045305 0.019927 0.997918
29.479577 0.344585 -0.063656 0.099194 -0.040448 0.037975 0.019063 0.998278
29.529577 0.330352 -0.066211 0.101843 -0.039489 0.031758 0.016980 0.998571
29.579577 0.316595 -0.068330 0.105023 -0.039271 0.026338 0.014752 0.998773
29.629577 0.303832 -0.068953 0.108779 -0.040362 0.021499 0.013029 0.998869
29.679577 0.289783 -0.068495 0.112975 -0.042446 0.015297 0.010901 0.998922
29.729577 0.275921 -0.067067 0.117601 -0.044950 0.007554 0.008578 0.998924
29.779577 0.261937 -0.064247 0.122071 -0.047120 0.000858 0.005764 0.998872
29.829577 0.248647 -0.060248 0.126441 -0.048927 -0.004711 0.002351 0.998788
29.879577 0.236273 -0.055587 0.129718 -0.050281 -0.010401 -0.001811 0.998679
29.929577 0.224403 -0.050563 0.132802 -0.051879 -0.015631 -0.006030 0.998513
29.979577 0.213524 -0.046055 0.135361 -0.053772 -0.022811 -0.008626 0.998255
30.029577 0.203020 -0.040926 0.136749 -0.056230 -0.029805 -0.009978 0.997923
30.079577 0.192608 -0.034276 0.137359 -0.059596 -0.036175 -0.011735 0.997498
30.129577 0.183264 -0.027330 0.136990 -0.063318 -0.041045 -0.013778 0.997054
30.179577 0.175729 -0.020219 0.135789 -0.066015 -0.045474 -0.015114 0.996667
30.229577 0.170256 -0.014123 0.133750 -0.068571 -0.047812 -0.015869 0.996374
30.279577 0.167210 -0.008159 0.130766 -0.071466 -0.047522 -0.016251 0.996178
30.329577 0.166499 -0.002443 0.127846 -0.073303 -0.046506 -0.016386 0.996090
30.379577 0.166368 0.003271 0.123760 -0.075054 -0.045170 -0.016037 0.996027
30.429577 0.168589 0.009307 0.120069 -0.076965 -0.045687 -0.014557 0.995880
30.479577 0.171027 0.014961 0.114876 -0.078658 -0.043606 -0.013936 0.995850
30.529577 0.175451 0.020611 0.109878 -0.079529 -0.040874 -0.012666 0.995914
30.579577 0.181257 0.026246 0.105313 -0.081377 -0.038477 -0.011295 0.995876
30.629577 0.189046 0.032823 0.100908 -0.084084 -0.034697 -0.010264 0.995802
30.679577 0.198612 0.037980 0.096934 -0.085644 -0.028728 -0.008199 0.995878
30.729577 0.210411 0.042115 0.094242 -0.086480 -0.022601 -0.004958 0.995985
30.779577 0.223500 0.044539 0.092180 -0.087007 -0.015873 -0.001428 0.996080
30.829577 0.236417 0.045629 0.090772 -0.086840 -0.006824 0.001007 0.996198
30.879577 0.251651 0.045686 0.090100 -0.087068 0.002682 0.002569 0.996195
30.929577 0.266209 0.044074 0.090303 -0.087765 0.012637 0.003242 0.996056
30.979577 0.279579 0.040666 0.090536 -0.088056 0.021438 0.004919 0.995873
31.029577 0.291587 0.034290 0.090559 -0.087168 0.027586 0.008535 0.995775
31.079577 0.302417 0.025532 0.090588 -0.083834 0.032773 0.012168 0.995866
31.129577 0.312000 0.016709 0.090581 -0.078377 0.036943 0.013856 0.996143
31.179577 0.320204 0.006203 0.091686 -0.073473 0.042162 0.013932 0.996308
31.229577 0.327298 -0.004342 0.093377 -0.069961 0.046996 0.012292 0.996366
31.279577 0.331917 -0.014750 0.095913 -0.066829 0.050513 0.010640 0.996428
31.329577 0.333834 -0.026022 0.099064 -0.063721 0.050010 0.011426 0.996648
31.379577 0.334201 -0.038272 0.101624 -0.060089 0.049706 0.013580 0.996862
31.429577 0.333002 -0.049992 0.104372 -0.055567 0.050672 0.016101 0.997038
31.479577 0.329155 -0.061309 0.106279 -0.051190 0.049360 0.017994 0.997306
31.529577 0.321160 -0.070403 0.108631 -0.046327 0.045365 0.018891 0.997717
31.579577 0.312693 -0.078685 0.110583 -0.040894 0.040621 0.019193 0.998153
31.629577 0.302652 -0.085746 0.112606 -0.035923 0.038388 0.018053 0.998454
31.679577 0.292001 -0.091309 0.115233 -0.032819 0.035947 0.015788 0.998690
31.729577 0.279454 -0.094901 0.117474 -0.030852 0.030857 0.014174 0.998947
31.779577 0.265801 -0.096659 0.119222 -0.029408 0.023588 0.013435 0.999199
31.829577 0.252665 -0.097910 0.120317 -0.029021 0.015997 0.013185 0.999364
31.879577 0.240461 -0.096536 0.121016 -0.028608 0.011479 0.012452 0.999447
31.929577 0.229499 -0.092949 0.122375 -0.029763 0.008005 0.010661 0.999468
31.979577 0.219779 -0.087069 0.124054 -0.032416 0.005122 0.009424 0.999417
32.029577 0.210995 -0.080272 0.125770 -0.036537 0.002545 0.009311 0.999286
32.079577 0.203689 -0.072427 0.126927 -0.040429 -0.000069 0.009394 0.999138
32.129577 0.196376 -0.064144 0.127449 -0.043969 -0.001446 0.008676 0.998994
32.179577 0.190511 -0.055193 0.127071 -0.047145 -0.003145 0.006707 0.998861
32.229577 0.185020 -0.045809 0.125525 -0.048974 -0.004227 0.004123 0.998783
32.279577 0.180294 -0.035331 0.122845 -0.050106 -0.005934 0.000500 0.998726
32.329577 0.175167 -0.024612 0.119173 -0.051482 -0.008698 -0.003752 0.998629
32.379577 0.170160 -0.013093 0.114795 -0.054042 -0.013700 -0.007907 0.998413
32.429577 0.166287 -0.001701 0.110604 -0.057579 -0.018320 -0.011440 0.998107
32.479577 0.164294 0.009335 0.107304 -0.061728 -0.019776 -0.014942 0.997785
32.529577 0.165365 0.018475 0.106095 -0.065756 -0.020687 -0.016036 0.997492
32.579577 0.167598 0.025595 0.105728 -0.070098 -0.020765 -0.015355 0.997206
32.629577 0.173007 0.031578 0.107829 -0.073806 -0.019035 -0.014250 0.996989
32.679577 0.181011 0.037101 0.111481 -0.076548 -0.015899 -0.014926 0.996827
32.729577 0.189198 0.040439 0.116646 -0.079413 -0.012072 -0.016213 0.996637
32.779577 0.197675 0.044138 0.123613 -0.079900 -0.007228 -0.017907 0.996616
32.829577 0.207613 0.045166 0.132902 -0.082055 -0.001345 -0.019001 0.996446
32.879577 0.217411 0.046097 0.142532 -0.083756 0.005382 -0.019448 0.996282
32.929577 0.226789 0.044744 0.153301 -0.086451 0.011367 -0.018687 0.996016
32.979577 0.235159 0.042605 0.164074 -0.088178 0.016714 -0.017107 0.995818
33.029577 0.242983 0.040026 0.175341 -0.089390 0.021677 -0.015502 0.995640
33.079577 0.249621 0.036888 0.186520 -0.090533 0.026114 -0.015186 0.995435
33.129577 0.254838 0.032971 0.197736 -0.091221 0.030295 -0.015608 0.995247
33.179577 0.258541 0.028514 0.208792 -0.091347 0.033301 -0.015273 0.995145
33.229577 0.260934 0.023783 0.219874 -0.091438 0.034083 -0.014149 0.995127
33.279577 0.262355 0.019808 0.231126 -0.091793 0.034991 -0.013321 0.995074
33.329577 0.264077 0.017238 0.243267 -0.093450 0.037029 -0.012737 0.994854
33.379577 0.265132 0.015247 0.255657 -0.096076 0.038714 -0.012536 0.994542
33.429577 0.265748 0.014371 0.267923 -0.098291 0.040450 -0.011919 0.994264
33.479577 0.266539 0.013547 0.279773 -0.100276 0.042461 -0.011557 0.993986
33.529577 0.267629 0.012961 0.291048 -0.102374 0.044634 -0.011805 0.993674
33.579577 0.267830 0.012976 0.301577 -0.104563 0.046791 -0.012426 0.993339
33.635841 0.267764 0.013154 0.311788 -0.107437 0.047930 -0.012929 0.992972
33.679577 0.267277 0.013541 0.320725 -0.109933 0.047945 -0.013261 0.992693
33.729577 0.266324 0.014539 0.328572 -0.111600 0.048170 -0.012674 0.992504
33.779577 0.265524 0.015012 0.335638 -0.114275 0.047474 -0.012346 0.992237
33.829577 0.264219 0.016112 0.342496 -0.117171 0.046822 -0.011545 0.991940
33.879577 0.263521 0.017253 0.348319 -0.120005 0.046380 -0.010908 0.991629
33.929577 0.262730 0.018430 0.352992 -0.122289 0.046210 -0.010695 0.991360
33.979577 0.263156 0.018919 0.356435 -0.123184 0.046467 -0.010800 0.991237
34.029577 0.264252 0.017975 0.356960 -0.122754 0.047049 -0.010699 0.991264
