1.031032 -0.000000 -0.000000 -0.000000 -0.000000 -0.000000 -0.000000 1.000000
1.081032 -0.000000 -0.000000 -0.000000 -0.000000 -0.000000 -0.000000 1.000000
1.131033 0.002901 -0.004972 0.005061 -0.000739 0.002515 0.001663 0.999995
1.181033 0.005446 -0.010112 0.008140 -0.000345 0.007454 0.002696 0.999969
1.231033 0.007849 -0.017540 0.012701 -0.002494 0.013123 0.002572 0.999908
1.281033 0.008845 -0.023863 0.016537 -0.003291 0.016742 0.002343 0.999852
1.331033 0.009549 -0.028251 0.019794 -0.001897 0.018009 0.002901 0.999832
1.381033 0.006833 -0.032329 0.024779 -0.003207 0.021393 -0.000484 0.999766
1.431033 0.006916 -0.039000 0.023212 -0.002284 0.020279 0.001958 0.999790
1.481033 0.005269 -0.043928 0.026290 -0.003529 0.019170 0.002071 0.999808
1.531033 0.000244 -0.043598 0.028972 -0.001943 0.019134 0.004197 0.999806
1.581033 0.002219 -0.037615 0.029769 0.000532 0.014650 0.002198 0.999890
1.631033 0.005374 -0.030228 0.036344 0.003144 0.012745 0.006506 0.999893
1.681033 0.005266 -0.029700 0.033635 0.003183 0.014884 0.012092 0.999811
1.731033 0.008910 -0.026608 0.034098 0.006278 0.013185 0.013699 0.999800
1.781033 0.007607 -0.034238 0.022704 0.002191 0.013436 0.016374 0.999773
1.831033 0.007900 -0.029806 0.022422 0.005844 0.011555 0.011247 0.999853
1.881033 0.009188 -0.027265 0.035630 0.004614 0.010484 0.006730 0.999912
1.931033 0.008234 -0.035163 0.045929 -0.002096 0.010822 0.006687 0.999917
1.988756 -0.000979 -0.033923 0.036036 -0.004320 0.014039 0.007516 0.999864
2.031033 -0.001014 -0.040460 0.031945 -0.009126 0.012527 0.005920 0.999862
2.081033 -0.001919 -0.040070 0.033931 -0.011519 0.013848 0.002532 0.999835
2.131033 -0.005375 -0.041613 0.033512 -0.013734 0.016717 0.002561 0.999763
2.181032 -0.002909 -0.039233 0.034954 -0.013740 0.014904 0.003789 0.999787
2.231032 -0.003726 -0.040281 0.033324 -0.015135 0.014576 0.002638 0.999776
2.281032 -0.001821 -0.039176 0.033923 -0.015312 0.013646 0.002932 0.999785
2.331032 -0.002229 -0.038293 0.032957 -0.014928 0.013368 0.002517 0.999796
2.381032 -0.002331 -0.037811 0.032138 -0.015310 0.013230 0.002977 0.999791
2.431032 -0.001607 -0.038369 0.032263 -0.015974 0.012764 0.004508 0.999781
2.481032 -0.002014 -0.037959 0.031605 -0.015894 0.012578 0.004343 0.999785
2.531032 -0.001157 -0.038637 0.031409 -0.016745 0.012468 0.004252 0.999773
2.581032 -0.000738 -0.037059 0.031473 -0.015100 0.012855 0.004114 0.999795
2.631032 -0.000861 -0.040201 0.031000 -0.016698 0.013936 0.001889 0.999762
2.681032 -0.000518 -0.039047 0.031584 -0.015423 0.015154 0.002354 0.999763
2.732396 0.000436 -0.041507 0.032011 -0.016173 0.017413 0.000512 0.999717
2.781032 0.000405 -0.045171 0.032704 -0.018311 0.020239 -0.000775 0.999627
2.831032 0.000354 -0.048806 0.035041 -0.020011 0.022830 -0.000533 0.999539
2.881032 -0.001480 -0.053001 0.035380 -0.021117 0.025153 0.000032 0.999461
2.931032 -0.005786 -0.058340 0.038413 -0.022538 0.027039 -0.000836 0.999380
2.981032 -0.012587 -0.066794 0.040442 -0.024277 0.030215 -0.003316 0.999243
3.031032 -0.020287 -0.073414 0.041344 -0.023976 0.032931 -0.005798 0.999153
3.081032 -0.027137 -0.080280 0.041734 -0.022031 0.032153 -0.007335 0.999213
3.131032 -0.041543 -0.085765 0.046974 -0.020937 0.031728 -0.012988 0.999193
3.181032 -0.054739 -0.092729 0.049202 -0.021653 0.030285 -0.018289 0.999139
3.231032 -0.071922 -0.096103 0.053256 -0.018763 0.029934 -0.019341 0.999189
3.281032 -0.088497 -0.097101 0.054986 -0.019700 0.024607 -0.015715 0.999380
3.331032 -0.106342 -0.095312 0.055718 -0.020582 0.013814 -0.009418 0.999648
3.381032 -0.121479 -0.093133 0.054420 -0.019621 0.000553 -0.001473 0.999806
3.431032 -0.134926 -0.088546 0.051058 -0.017248 -0.010211 0.005333 0.999785
3.481032 -0.145398 -0.082216 0.046756 -0.013856 -0.019442 0.008830 0.999676
3.531032 -0.153708 -0.072609 0.040566 -0.008775 -0.030092 0.009790 0.999461
3.581032 -0.159189 -0.060882 0.032927 -0.006076 -0.039680 0.009017 0.999153
3.631032 -0.159639 -0.048889 0.025857 -0.006513 -0.047245 0.008457 0.998826
3.681032 -0.155197 -0.035618 0.018523 -0.007134 -0.053280 0.006549 0.998533
3.731032 -0.146566 -0.023145 0.010972 -0.006871 -0.053963 0.006820 0.998496
3.781032 -0.133057 -0.011518 0.005368 -0.005416 -0.050323 0.006660 0.998696
3.831032 -0.118970 -0.001852 -0.001286 -0.007649 -0.043889 0.004204 0.998998
3.881032 -0.105126 0.011428 -0.005919 -0.011147 -0.039730 -0.000390 0.999148
3.931032 -0.088258 0.022777 -0.008023 -0.018785 -0.035461 -0.005012 0.999182
3.981032 -0.070608 0.029235 -0.011975 -0.028870 -0.027137 -0.006900 0.999191
4.031032 -0.053838 0.033544 -0.015001 -0.033808 -0.020567 -0.008270 0.999183
4.081032 -0.035820 0.035743 -0.017437 -0.034904 -0.013879 -0.009163 0.999252
4.131032 -0.018484 0.034335 -0.018383 -0.037528 -0.006107 -0.011514 0.999211
4.181032 -0.002432 0.029580 -0.017581 -0.039669 0.001800 -0.010773 0.999153
4.231032 0.011812 0.021143 -0.016801 -0.041179 0.011840 -0.012469 0.999004
4.281032 0.024364 0.009397 -0.015168 -0.040688 0.020415 -0.014484 0.998858
4.331032 0.032420 -0.005494 -0.013187 -0.039412 0.027233 -0.017816 0.998693
4.381032 0.035368 -0.023677 -0.010596 -0.039467 0.032389 -0.020270 0.998490
4.431032 0.038060 -0.039125 -0.007127 -0.039653 0.034162 -0.019175 0.998445
4.481032 0.039787 -0.052725 -0.001534 -0.037404 0.038340 -0.015122 0.998450
4.531032 0.040162 -0.067489 0.004014 -0.036639 0.045266 -0.010223 0.998251
4.581032 0.036978 -0.077283 0.009842 -0.035292 0.049266 -0.006645 0.998140
4.631032 0.029601 -0.088595 0.015677 -0.035780 0.046113 -0.007123 0.998270
4.681032 0.017247 -0.096734 0.022171 -0.034672 0.039966 -0.008129 0.998566
4.731032 0.002028 -0.103081 0.027124 -0.034269 0.032148 -0.007575 0.998867
4.781032 -0.014730 -0.105031 0.029943 -0.033332 0.022419 -0.007251 0.999167
4.831032 -0.031338 -0.100355 0.029896 -0.035642 0.011066 -0.007146 0.999278
4.881032 -0.048127 -0.093233 0.028469 -0.041468 0.000205 -0.005159 0.999127
4.931032 -0.064355 -0.084977 0.025523 -0.046285 -0.009672 -0.001035 0.998881
4.981032 -0.080698 -0.075784 0.022740 -0.047299 -0.022276 0.002610 0.998629
5.031032 -0.095719 -0.067101 0.019213 -0.044693 -0.036264 0.001704 0.998341
5.081032 -0.107967 -0.056733 0.013547 -0.040104 -0.047118 -0.003733 0.998077
5.133683 -0.115868 -0.045742 0.008224 -0.036257 -0.054196 -0.009999 0.997822
5.181032 -0.121023 -0.033097 0.003354 -0.032108 -0.059277 -0.014723 0.997616
5.231032 -0.123526 -0.021726 -0.002921 -0.029769 -0.066333 -0.016419 0.997218
5.281032 -0.124781 -0.009116 -0.011023 -0.025159 -0.074181 -0.017232 0.996778
5.331032 -0.119248 0.000744 -0.017082 -0.021232 -0.079633 -0.016538 0.996461
5.381032 -0.111191 0.011174 -0.023519 -0.020626 -0.080556 -0.015221 0.996420
5.431032 -0.100294 0.022908 -0.027460 -0.022093 -0.079563 -0.011763 0.996516
5.481032 -0.086702 0.033527 -0.031018 -0.024100 -0.076077 -0.006278 0.996791
5.531032 -0.069649 0.044498 -0.033157 -0.028898 -0.068277 -0.000275 0.997248
5.581032 -0.050079 0.052517 -0.032689 -0.033609 -0.057605 0.002370 0.997771
5.631032 -0.030072 0.056497 -0.031149 -0.037496 -0.044492 0.003450 0.998300
5.681032 -0.009234 0.057260 -0.030493 -0.040641 -0.027311 0.003493 0.998794
5.731032 0.012983 0.053086 -0.030646 -0.040514 -0.011651 0.007284 0.999085
5.781032 0.034345 0.045262 -0.031635 -0.036922 0.001196 0.009297 0.999274
5.831032 0.053930 0.035108 -0.031262 -0.033672 0.013927 0.008391 0.999301
5.881644 0.073448 0.020353 -0.032014 -0.028464 0.026692 0.008589 0.999201
5.931032 0.088136 0.006419 -0.030432 -0.023966 0.036466 0.007898 0.999016
5.981032 0.098045 -0.005524 -0.024737 -0.021155 0.043101 0.007000 0.998822
6.031032 0.104071 -0.020714 -0.020160 -0.023720 0.045169 0.003392 0.998692
6.081032 0.105820 -0.033551 -0.011596 -0.029143 0.043406 0.002861 0.998628
6.131032 0.103510 -0.048973 -0.000841 -0.035704 0.038121 0.000894 0.998635
6.181032 0.097421 -0.060377 0.012086 -0.038638 0.032077 -0.001957 0.998736
6.231032 0.090056 -0.069791 0.026729 -0.040217 0.027503 -0.004711 0.998801
6.281032 0.082446 -0.077554 0.040106 -0.042674 0.021869 -0.005114 0.998837
6.331032 0.071777 -0.084634 0.054633 -0.046566 0.018116 -0.005917 0.998733
6.381032 0.062304 -0.090004 0.068682 -0.049442 0.014963 -0.003839 0.998658
6.431032 0.049338 -0.096035 0.083176 -0.052998 0.013508 -0.004950 0.998491
6.481032 0.036956 -0.098439 0.098931 -0.056147 0.009256 -0.006732 0.998357
6.531032 0.025296 -0.099256 0.115992 -0.060758 0.004497 -0.009556 0.998097
6.581032 0.012891 -0.099128 0.133014 -0.064495 0.003044 -0.012303 0.997838
6.631032 0.000524 -0.097542 0.150141 -0.070787 0.002533 -0.013099 0.997402
6.681032 -0.010673 -0.094968 0.166697 -0.077269 0.002753 -0.012194 0.996932
6.731032 -0.020108 -0.092506 0.181874 -0.083986 0.003323 -0.012014 0.996389
6.781032 -0.028978 -0.089596 0.194898 -0.091728 0.001281 -0.012379 0.995706
6.831032 -0.038384 -0.085848 0.206749 -0.098513 0.000392 -0.012870 0.995053
6.881032 -0.046568 -0.081069 0.216482 -0.104102 -0.003636 -0.013911 0.994463
6.931032 -0.055917 -0.075749 0.223323 -0.109885 -0.009148 -0.015616 0.993780
6.981032 -0.063998 -0.071234 0.228742 -0.114882 -0.014326 -0.016108 0.993145
7.031032 -0.069242 -0.069023 0.231632 -0.115795 -0.017415 -0.015577 0.992998
7.081032 -0.076816 -0.065854 0.231313 -0.113873 -0.019460 -0.016352 0.993170
7.131032 -0.083723 -0.060335 0.227235 -0.114499 -0.025623 -0.014261 0.992991
7.181032 -0.088526 -0.051585 0.222122 -0.119024 -0.030073 -0.013334 0.992346
7.231032 -0.091383 -0.042978 0.212917 -0.122339 -0.030230 -0.011213 0.991965
7.281032 -0.093260 -0.035806 0.201537 -0.122244 -0.034042 -0.006167 0.991897
7.331032 -0.093810 -0.029421 0.188689 -0.120993 -0.035686 0.000508 0.992012
7.381032 -0.093023 -0.023021 0.172777 -0.117384 -0.034999 0.004053 0.992461
7.431032 -0.093148 -0.013828 0.157120 -0.112458 -0.034103 0.003775 0.993064
7.481032 -0.094758 -0.004833 0.138593 -0.109928 -0.038682 0.002786 0.993183
7.531032 -0.097508 0.004602 0.119798 -0.105265 -0.047441 -0.000978 0.993311
7.581032 -0.098456 0.011758 0.098632 -0.099113 -0.056329 -0.002458 0.993478
7.631032 -0.097037 0.018463 0.079802 -0.092461 -0.061102 -0.004188 0.993831
7.681032 -0.094575 0.026054 0.061092 -0.085157 -0.064588 -0.007742 0.994242
7.731032 -0.090122 0.032981 0.038988 -0.077618 -0.071267 -0.011192 0.994370
7.781032 -0.084749 0.040851 0.018010 -0.071105 -0.077770 -0.013866 0.994336
7.831032 -0.076095 0.047873 -0.000975 -0.068858 -0.082716 -0.014691 0.994083
7.881032 -0.066123 0.053487 -0.017773 -0.065319 -0.082326 -0.014724 0.994354
7.931032 -0.053739 0.058811 -0.030964 -0.060515 -0.079322 -0.014759 0.994901
7.981032 -0.039842 0.062055 -0.043172 -0.056796 -0.074350 -0.015570 0.995492
8.031032 -0.024429 0.062903 -0.053820 -0.054982 -0.069483 -0.014374 0.995963
8.081032 -0.007535 0.061381 -0.063016 -0.055038 -0.063765 -0.010997 0.996385
8.131032 0.011795 0.055835 -0.070550 -0.055314 -0.054740 -0.004543 0.996957
8.181032 0.031553 0.048379 -0.076002 -0.054716 -0.042124 0.002751 0.997609
8.231907 0.054239 0.036930 -0.080411 -0.050751 -0.027976 0.011815 0.998250
8.281032 0.073563 0.024092 -0.084683 -0.045799 -0.013181 0.016046 0.998735
8.331032 0.092050 0.011816 -0.088188 -0.043445 0.000440 0.017295 0.998906
8.381032 0.105078 -0.002547 -0.089400 -0.042138 0.010590 0.016861 0.998913
8.431032 0.115428 -0.015769 -0.090018 -0.040946 0.014355 0.014611 0.998951
8.481032 0.123884 -0.032635 -0.091568 -0.041658 0.013495 0.009995 0.998991
8.531032 0.129869 -0.045127 -0.089562 -0.043632 0.011891 0.004688 0.998966
8.581032 0.130785 -0.062547 -0.086692 -0.047216 0.011939 -0.002196 0.998811
8.631032 0.133598 -0.078250 -0.080929 -0.050758 0.008956 -0.005584 0.998655
8.681032 0.133774 -0.094832 -0.074448 -0.055136 0.008328 -0.006007 0.998426
8.731032 0.132575 -0.112080 -0.065552 -0.058500 0.009816 -0.005698 0.998223
8.781032 0.128682 -0.128990 -0.056075 -0.060730 0.010779 -0.004408 0.998086
8.831032 0.123861 -0.145010 -0.045018 -0.061392 0.010110 -0.004033 0.998054
8.881032 0.114640 -0.161622 -0.033548 -0.067842 0.007348 -0.005420 0.997654
8.931032 0.101084 -0.173997 -0.021520 -0.077056 0.002760 -0.006389 0.997003
8.981032 0.086395 -0.186756 -0.011054 -0.083724 -0.003231 -0.006299 0.996464
9.031032 0.069565 -0.197738 0.002432 -0.088177 -0.007976 -0.004329 0.996064
9.081032 0.052294 -0.206485 0.014971 -0.089602 -0.011623 -0.004651 0.995899
9.131032 0.033404 -0.214027 0.026668 -0.088762 -0.016245 -0.004137 0.995912
9.181032 0.016744 -0.220268 0.039223 -0.088597 -0.018862 -0.002298 0.995886
9.231032 0.001068 -0.223477 0.052175 -0.087262 -0.016216 -0.000823 0.996053
9.281032 -0.015395 -0.224958 0.063781 -0.082054 -0.012885 -0.002996 0.996540
9.331032 -0.031165 -0.221153 0.076060 -0.079855 -0.011633 -0.008865 0.996699
9.381032 -0.046744 -0.213256 0.088940 -0.082911 -0.010452 -0.011702 0.996433
9.431032 -0.059588 -0.202673 0.103910 -0.087432 -0.007507 -0.012337 0.996066
9.481032 -0.072809 -0.193371 0.117438 -0.087854 -0.001768 -0.011948 0.996060
9.531033 -0.085378 -0.182077 0.132925 -0.089187 0.003319 -0.010163 0.995958
9.581033 -0.096758 -0.167113 0.148455 -0.096116 0.006317 -0.009438 0.995305
9.631033 -0.109572 -0.154545 0.162845 -0.100569 0.005394 -0.011531 0.994849
9.681033 -0.120848 -0.140772 0.176066 -0.097619 0.000625 -0.013676 0.995130
9.731033 -0.132364 -0.126820 0.187516 -0.096980 -0.003186 -0.014531 0.995175
9.781033 -0.143035 -0.109771 0.194164 -0.103799 -0.007766 -0.012719 0.994487
9.831033 -0.153222 -0.092592 0.194869 -0.112927 -0.014022 -0.014477 0.993399
9.881033 -0.163945 -0.079791 0.189748 -0.117892 -0.024072 -0.019347 0.992546
9.932776 -0.170397 -0.068200 0.179989 -0.113384 -0.031395 -0.022638 0.992797
9.981033 -0.176771 -0.057836 0.165884 -0.109275 -0.034265 -0.025243 0.993100
10.031033 -0.177918 -0.050136 0.150298 -0.102941 -0.030292 -0.024408 0.993926
10.081033 -0.174293 -0.041088 0.135899 -0.092630 -0.030345 -0.025113 0.994921
10.131033 -0.173615 -0.034598 0.120758 -0.081346 -0.030446 -0.026174 0.995877
10.181033 -0.171797 -0.027958 0.106265 -0.070501 -0.033076 -0.026073 0.996622
10.231033 -0.166149 -0.020814 0.092491 -0.061413 -0.036808 -0.023556 0.997155
10.281033 -0.161278 -0.007165 0.080842 -0.052894 -0.035652 -0.024791 0.997656
10.331033 -0.155845 0.005779 0.068817 -0.049311 -0.036437 -0.027015 0.997753
10.381033 -0.148859 0.022289 0.058841 -0.045012 -0.035411 -0.028997 0.997938
10.431033 -0.142009 0.035757 0.046933 -0.041561 -0.040179 -0.028428 0.997923
10.481033 -0.133388 0.048870 0.036250 -0.039668 -0.044127 -0.025447 0.997914
10.531033 -0.124758 0.061609 0.025351 -0.036792 -0.048123 -0.024478 0.997863
10.581033 -0.114177 0.073434 0.017516 -0.032119 -0.049393 -0.023422 0.997988
10.631033 -0.103345 0.083178 0.009898 -0.029485 -0.050123 -0.023050 0.998042
10.681033 -0.090476 0.092280 0.002356 -0.032351 -0.051674 -0.021055 0.997918
10.732771 -0.077829 0.100608 -0.006533 -0.036391 -0.053116 -0.019429 0.997736
10.781033 -0.064136 0.107881 -0.012992 -0.039723 -0.054626 -0.017583 0.997562
10.831033 -0.048712 0.114695 -0.017561 -0.042345 -0.054333 -0.015400 0.997506
10.881033 -0.028103 0.118132 -0.020798 -0.043102 -0.049780 -0.012026 0.997757
10.931033 -0.008848 0.120034 -0.022383 -0.041258 -0.047620 -0.013044 0.997928
10.981033 0.013108 0.118952 -0.023494 -0.037660 -0.044336 -0.015162 0.998191
11.031033 0.033630 0.115395 -0.024312 -0.032218 -0.044053 -0.014833 0.998399
11.081033 0.053016 0.110163 -0.024751 -0.028024 -0.044516 -0.015665 0.998493
11.131033 0.072589 0.104491 -0.022635 -0.024056 -0.044712 -0.018561 0.998538
11.181033 0.090082 0.097916 -0.017544 -0.021112 -0.045109 -0.022882 0.998497
11.231033 0.105127 0.088413 -0.010373 -0.020782 -0.046395 -0.024810 0.998399
11.281033 0.116781 0.078200 -0.002267 -0.020105 -0.050882 -0.023439 0.998227
11.331033 0.124435 0.068792 0.009439 -0.020321 -0.056966 -0.021000 0.997948
11.381033 0.129648 0.057751 0.021699 -0.018487 -0.063993 -0.020757 0.997563
11.431033 0.134024 0.047377 0.036432 -0.016736 -0.069047 -0.022911 0.997210
11.481033 0.138317 0.036362 0.053510 -0.016525 -0.071247 -0.025608 0.996993
11.531033 0.143524 0.027059 0.070150 -0.015903 -0.072939 -0.024285 0.996914
11.581033 0.147337 0.017258 0.087221 -0.019788 -0.075107 -0.022332 0.996729
11.634549 0.152327 0.007494 0.103974 -0.023628 -0.075750 -0.021602 0.996613
11.681033 0.156435 -0.000774 0.119573 -0.023423 -0.075418 -0.022867 0.996615
11.731033 0.159660 -0.008792 0.133192 -0.026657 -0.075278 -0.025695 0.996475
11.781033 0.162098 -0.012693 0.144973 -0.032421 -0.075329 -0.027246 0.996259
11.831033 0.163667 -0.015710 0.156343 -0.038880 -0.073392 -0.030092 0.996091
11.881033 0.166313 -0.018941 0.164589 -0.046953 -0.071192 -0.034867 0.995747
11.931033 0.165133 -0.020097 0.171903 -0.053370 -0.067181 -0.038336 0.995575
11.981033 0.161020 -0.022480 0.177595 -0.057963 -0.067362 -0.039311 0.995268
12.031033 0.153028 -0.024648 0.183567 -0.060517 -0.068628 -0.039045 0.995039
12.081033 0.144503 -0.028482 0.188839 -0.062108 -0.071822 -0.036214 0.994823
12.131033 0.134326 -0.032895 0.193983 -0.061046 -0.073112 -0.034936 0.994840
12.181033 0.123958 -0.036565 0.199130 -0.059804 -0.076333 -0.036867 0.994604
12.231033 0.110502 -0.039695 0.203491 -0.061864 -0.079974 -0.040480 0.994052
12.281033 0.098098 -0.041725 0.207598 -0.063859 -0.085483 -0.041301 0.993433
12.331526 0.083104 -0.041837 0.212623 -0.064948 -0.091747 -0.045862 0.992603
12.381033 0.067544 -0.039526 0.215697 -0.065024 -0.097517 -0.051760 0.991758
12.431033 0.051388 -0.032470 0.215971 -0.066019 -0.105408 -0.063088 0.990227
12.481033 0.037005 -0.023392 0.213408 -0.068434 -0.113322 -0.078018 0.988124
12.531033 0.022721 -0.009490 0.208726 -0.071625 -0.117846 -0.098131 0.985572
12.581033 0.011939 0.003720 0.202922 -0.075312 -0.121294 -0.119009 0.982575
12.631033 0.002925 0.016412 0.196317 -0.078937 -0.122853 -0.142227 0.979003
12.681033 -0.003800 0.027997 0.189145 -0.080247 -0.118666 -0.160416 0.976599
12.731033 -0.009347 0.038236 0.180503 -0.076355 -0.113152 -0.169967 0.975950
12.781033 -0.014038 0.046810 0.169403 -0.069903 -0.108279 -0.168367 0.977262
12.831033 -0.020794 0.055667 0.156480 -0.066423 -0.105126 -0.160587 0.979157
12.881033 -0.026720 0.064260 0.142881 -0.066564 -0.099879 -0.146184 0.981949
12.931033 -0.031168 0.071296 0.130470 -0.062876 -0.089208 -0.132069 0.985214
12.981033 -0.035729 0.075971 0.117635 -0.057911 -0.077240 -0.116103 0.988535
13.031033 -0.039611 0.079687 0.105706 -0.051979 -0.069618 -0.099505 0.991237
13.081033 -0.046573 0.082534 0.092952 -0.048171 -0.063352 -0.078414 0.993739
13.131033 -0.053619 0.084184 0.081112 -0.045080 -0.061763 -0.058829 0.995335
13.181033 -0.059205 0.083226 0.069733 -0.042768 -0.057719 -0.035157 0.996797
13.231033 -0.063570 0.081889 0.061140 -0.039980 -0.051972 -0.008139 0.997815
13.281033 -0.066954 0.077925 0.051817 -0.037713 -0.047683 0.024614 0.997847
13.331033 -0.067786 0.072957 0.043960 -0.033980 -0.044077 0.056547 0.996848
13.381033 -0.069372 0.069339 0.037583 -0.030554 -0.036663 0.078202 0.995795
13.431033 -0.070317 0.068145 0.031002 -0.031248 -0.031251 0.086485 0.995272
13.481033 -0.071855 0.069107 0.023366 -0.036020 -0.028699 0.079145 0.995799
13.531033 -0.074598 0.071732 0.017257 -0.040460 -0.027128 0.060651 0.996970
13.581033 -0.078680 0.074418 0.013698 -0.047498 -0.026302 0.030224 0.998067
13.631033 -0.081291 0.077480 0.012786 -0.056469 -0.023152 -0.002670 0.998132
13.681033 -0.083025 0.080792 0.015828 -0.064411 -0.016901 -0.041702 0.996909
13.731033 -0.085659 0.081678 0.022409 -0.069551 -0.012744 -0.082152 0.994108
13.781033 -0.089046 0.078503 0.030540 -0.071980 -0.013717 -0.111343 0.991077
13.831033 -0.093820 0.073326 0.040617 -0.078815 -0.017604 -0.126916 0.988621
13.881033 -0.098059 0.066364 0.051722 -0.086245 -0.018589 -0.137454 0.986571
13.931033 -0.102429 0.055973 0.063991 -0.093422 -0.018246 -0.145634 0.984749
13.981033 -0.106274 0.042148 0.076607 -0.095506 -0.018774 -0.144077 0.984768
14.031033 -0.109669 0.025443 0.087772 -0.097961 -0.020584 -0.133288 0.986009
14.081033 -0.110438 0.009045 0.098790 -0.101996 -0.018667 -0.115788 0.987847
14.131033 -0.111251 -0.010580 0.111505 -0.103630 -0.012471 -0.094889 0.990001
14.181033 -0.108259 -0.029734 0.122792 -0.100655 -0.007827 -0.072026 0.992280
14.231033 -0.105216 -0.046704 0.133418 -0.096533 -0.003750 -0.047839 0.994172
14.281033 -0.100656 -0.063019 0.143143 -0.094388 -0.002397 -0.020680 0.995318
14.331033 -0.095477 -0.079876 0.151711 -0.093285 -0.003486 0.013712 0.995539
14.381033 -0.091515 -0.095558 0.158568 -0.087099 -0.008157 0.047314 0.995042
14.431033 -0.087510 -0.109894 0.162330 -0.075889 -0.014708 0.082213 0.993612
14.481033 -0.084011 -0.120628 0.162777 -0.067055 -0.024918 0.114996 0.990787
14.531033 -0.083873 -0.125639 0.159834 -0.063254 -0.041047 0.140501 0.987205
14.581033 -0.084356 -0.126988 0.157295 -0.062221 -0.055354 0.154751 0.984437
14.631033 -0.082931 -0.125282 0.154933 -0.060396 -0.059217 0.163989 0.982829
14.681033 -0.079914 -0.121080 0.152017 -0.060609 -0.049863 0.167524 0.982739
14.731033 -0.074806 -0.108380 0.144869 -0.063682 -0.038774 0.157818 0.984650
14.781033 -0.071674 -0.091462 0.134739 -0.063397 -0.027398 0.133280 0.988669
14.831033 -0.066718 -0.075321 0.121337 -0.061462 -0.014831 0.105744 0.992381
14.881033 -0.060663 -0.059211 0.107333 -0.057011 -0.005572 0.081112 0.995058
14.931033 -0.055286 -0.044709 0.091985 -0.052400 0.000601 0.061504 0.996730
14.981033 -0.052023 -0.031337 0.075561 -0.046071 0.004522 0.042674 0.998016
15.031033 -0.046566 -0.017030 0.058152 -0.040333 0.004361 0.025221 0.998858
15.081033 -0.042612 -0.003059 0.040500 -0.037250 0.002800 0.009223 0.999260
15.131033 -0.039281 0.012233 0.024282 -0.037602 -0.000989 -0.003928 0.999285
15.181033 -0.036065 0.026334 0.008640 -0.042013 -0.003263 -0.013962 0.999014
15.231033 -0.032994 0.040145 -0.005184 -0.045442 -0.005189 -0.020405 0.998745
15.281033 -0.028977 0.051323 -0.018378 -0.047410 -0.005233 -0.029649 0.998422
15.331033 -0.024579 0.062394 -0.029069 -0.046373 -0.003178 -0.039330 0.998145
15.381493 -0.019891 0.073140 -0.041042 -0.047864 -0.002878 -0.050832 0.997555
15.431033 -0.018295 0.083362 -0.050647 -0.051868 -0.004164 -0.062905 0.996662
15.481033 -0.015226 0.092629 -0.056258 -0.053682 -0.001568 -0.077182 0.995570
15.531033 -0.008164 0.098376 -0.058771 -0.052861 0.002940 -0.097970 0.993780
15.581033 -0.003563 0.096154 -0.056560 -0.053710 0.009702 -0.111246 0.992293
15.631033 0.002404 0.093749 -0.050468 -0.053497 0.015691 -0.124045 0.990709
15.681033 0.009137 0.085843 -0.042085 -0.054884 0.023155 -0.136512 0.988846
15.731033 0.014259 0.078705 -0.032116 -0.055995 0.028389 -0.150653 0.986591
15.781033 0.017791 0.068609 -0.021934 -0.056825 0.028539 -0.163865 0.984431
15.831033 0.019213 0.057793 -0.012042 -0.057479 0.024944 -0.179759 0.981713
15.881033 0.019436 0.046969 0.002293 -0.052924 0.021715 -0.198429 0.978444
15.931033 0.020079 0.036218 0.016221 -0.048653 0.015021 -0.214057 0.975493
15.981033 0.017857 0.029342 0.030737 -0.051838 0.005348 -0.226631 0.972586
16.031033 0.016050 0.023877 0.045990 -0.062609 -0.004947 -0.229663 0.971242
16.081033 0.013994 0.019504 0.061191 -0.076113 -0.014417 -0.224419 0.971409
16.131033 0.010398 0.015371 0.076221 -0.088275 -0.025577 -0.217457 0.971733
16.181033 0.004897 0.011201 0.091226 -0.095122 -0.043063 -0.207938 0.972553
16.231033 -0.004032 0.006113 0.103354 -0.101917 -0.065776 -0.198207 0.972626
16.281033 -0.014023 0.000363 0.111822 -0.109805 -0.091875 -0.180890 0.973027
16.331033 -0.024396 -0.008033 0.121471 -0.113834 -0.114043 -0.156859 0.974388
16.381033 -0.033171 -0.019511 0.130728 -0.117705 -0.129245 -0.127759 0.976278
16.431033 -0.039318 -0.029650 0.141521 -0.119152 -0.135244 -0.099142 0.978613
16.481033 -0.039670 -0.038210 0.155854 -0.116310 -0.128584 -0.070688 0.982314
16.531033 -0.041431 -0.044994 0.168725 -0.113250 -0.115472 -0.047445 0.985693
16.581033 -0.041659 -0.050463 0.180622 -0.114927 -0.098638 -0.029196 0.988033
16.631033 -0.042345 -0.051736 0.190074 -0.113186 -0.082764 -0.011221 0.990057
16.681033 -0.041320 -0.053622 0.197554 -0.108899 -0.069099 0.007676 0.991619
16.731033 -0.040706 -0.054663 0.202552 -0.100795 -0.053842 0.029565 0.993009
16.781033 -0.039452 -0.054391 0.204642 -0.095725 -0.040271 0.051606 0.993253
16.831033 -0.037251 -0.052745 0.205187 -0.090619 -0.019328 0.075934 0.992798
16.881033 -0.035624 -0.050268 0.202882 -0.083283 -0.002973 0.091026 0.992355
16.931033 -0.036404 -0.045199 0.197584 -0.078547 0.007169 0.102584 0.991593
16.981033 -0.039006 -0.038687 0.190876 -0.071791 0.013539 0.112898 0.990917
17.031033 -0.039972 -0.032278 0.181663 -0.067815 0.016694 0.120368 0.990270
17.081033 -0.040871 -0.022800 0.171368 -0.063850 0.021405 0.120913 0.990376
17.131033 -0.040363 -0.014154 0.159481 -0.061661 0.026403 0.114171 0.991194
17.183225 -0.038234 -0.004023 0.147367 -0.059344 0.032971 0.098261 0.992842
17.231033 -0.032452 0.004471 0.136927 -0.053953 0.049707 0.082288 0.993905
17.281033 -0.024235 0.013812 0.130891 -0.047322 0.070949 0.066459 0.994138
17.331033 -0.013644 0.023850 0.123147 -0.043576 0.091898 0.044850 0.993803
17.381033 -0.009711 0.032487 0.116664 -0.044013 0.094754 0.024757 0.994219
17.431033 -0.011232 0.042763 0.111770 -0.045101 0.077885 0.005377 0.995927
17.481033 -0.013146 0.047844 0.106875 -0.045888 0.057462 -0.010193 0.997240
17.531033 -0.014458 0.052574 0.103328 -0.045832 0.041117 -0.029683 0.997661
17.581033 -0.014585 0.057442 0.100812 -0.048215 0.028031 -0.050005 0.997191
17.631033 -0.015520 0.060112 0.096931 -0.054276 0.014665 -0.070667 0.995914
17.681033 -0.016974 0.061770 0.094462 -0.058550 -0.000675 -0.082014 0.994910
17.731033 -0.018418 0.057290 0.095335 -0.060297 -0.016172 -0.083180 0.994577
17.781033 -0.017756 0.048467 0.101017 -0.054226 -0.026761 -0.075506 0.995310
17.831033 -0.015335 0.038620 0.111873 -0.047618 -0.031447 -0.065167 0.996241
17.881033 -0.014156 0.032644 0.121983 -0.049833 -0.035811 -0.057048 0.996484
17.931033 -0.016098 0.029465 0.131688 -0.057384 -0.043870 -0.055757 0.995828
17.981033 -0.018343 0.028772 0.140537 -0.063314 -0.051979 -0.061863 0.994717
18.031033 -0.020029 0.027156 0.149297 -0.065635 -0.054680 -0.076331 0.993416
18.081033 -0.019342 0.024714 0.157922 -0.063554 -0.053758 -0.089136 0.992535
18.131033 -0.017365 0.019609 0.165290 -0.061703 -0.048736 -0.093390 0.992520
18.181033 -0.014017 0.013263 0.171228 -0.062003 -0.037974 -0.091840 0.993116
18.231033 -0.011723 0.008034 0.174083 -0.058727 -0.027818 -0.088579 0.993947
18.281033 -0.012955 0.004896 0.171644 -0.053212 -0.032381 -0.086054 0.994341
18.331033 -0.020029 0.006324 0.164507 -0.051178 -0.047739 -0.086064 0.993828
18.381033 -0.026090 0.009745 0.154919 -0.050988 -0.061906 -0.088142 0.992874
18.431033 -0.030388 0.014446 0.145483 -0.048611 -0.065676 -0.089371 0.992641
18.481033 -0.031497 0.018863 0.136400 -0.041747 -0.061171 -0.084759 0.993645
18.531033 -0.033028 0.025600 0.126240 -0.039080 -0.055952 -0.078059 0.994610
18.581033 -0.035788 0.034758 0.113846 -0.040697 -0.056811 -0.071347 0.995000
18.631033 -0.040020 0.043139 0.099765 -0.043295 -0.058920 -0.067055 0.995067
18.681033 -0.042914 0.051504 0.085376 -0.041311 -0.060123 -0.064991 0.995216
18.731033 -0.045261 0.059443 0.071003 -0.036404 -0.057388 -0.060853 0.995831
18.781033 -0.047046 0.064223 0.055613 -0.033851 -0.053322 -0.056173 0.996421
18.831033 -0.048755 0.070885 0.039658 -0.032326 -0.051869 -0.054094 0.996664
18.881033 -0.051615 0.076167 0.023275 -0.029415 -0.052930 -0.052120 0.996803
18.931033 -0.053090 0.081118 0.007265 -0.027789 -0.053485 -0.051301 0.996863
18.985363 -0.054800 0.085009 -0.008573 -0.027122 -0.050325 -0.050248 0.997099
19.031033 -0.055331 0.088530 -0.019792 -0.028040 -0.047565 -0.048405 0.997301
19.081033 -0.054685 0.090643 -0.027305 -0.029244 -0.044137 -0.046223 0.997527
19.131033 -0.052964 0.090470 -0.031366 -0.028308 -0.039389 -0.043827 0.997861
19.181033 -0.052453 0.089337 -0.033688 -0.025897 -0.034701 -0.041584 0.998196
19.231033 -0.050292 0.088446 -0.034532 -0.023690 -0.034196 -0.039049 0.998371
19.281033 -0.050218 0.086906 -0.033664 -0.021461 -0.033796 -0.035525 0.998567
19.331033 -0.049165 0.086234 -0.031956 -0.018597 -0.033106 -0.033278 0.998725
19.381033 -0.047948 0.085758 -0.030299 -0.017699 -0.033320 -0.031649 0.998787
19.431033 -0.048415 0.086602 -0.028079 -0.018324 -0.032557 -0.030195 0.998846
19.481033 -0.047503 0.086336 -0.027264 -0.021686 -0.032887 -0.029075 0.998801
19.531033 -0.047531 0.086572 -0.025904 -0.022408 -0.030933 -0.027609 0.998889
19.581033 -0.046251 0.085593 -0.023637 -0.021971 -0.029215 -0.026814 0.998972
19.631033 -0.045358 0.084804 -0.023294 -0.021575 -0.027251 -0.026199 0.999052
19.681033 -0.043931 0.084278 -0.022102 -0.020918 -0.025235 -0.024913 0.999152
19.731033 -0.042555 0.083015 -0.021059 -0.020309 -0.024411 -0.022739 0.999237
19.781033 -0.043702 0.083485 -0.020618 -0.019705 -0.024006 -0.021625 0.999284
19.831033 -0.043940 0.083830 -0.020208 -0.020160 -0.024935 -0.021281 0.999259
19.881033 -0.043324 0.083784 -0.019822 -0.020523 -0.026906 -0.021412 0.999198
19.931033 -0.042986 0.083898 -0.018944 -0.020916 -0.027974 -0.021841 0.999151
19.981033 -0.041977 0.084214 -0.018123 -0.020598 -0.027262 -0.022404 0.999165
20.031033 -0.042020 0.083545 -0.017729 -0.019863 -0.026556 -0.021979 0.999208
20.081033 -0.041831 0.083455 -0.016617 -0.018074 -0.025656 -0.021969 0.999266
20.131033 -0.041842 0.082665 -0.016504 -0.017692 -0.024781 -0.022209 0.999290
20.181033 -0.040943 0.082570 -0.015371 -0.017095 -0.024338 -0.022087 0.999314
20.231033 -0.040799 0.082036 -0.014706 -0.017440 -0.024253 -0.022564 0.999299
20.281033 -0.041659 0.081993 -0.014276 -0.017533 -0.024416 -0.022355 0.999298
20.331033 -0.039833 0.081750 -0.014103 -0.016922 -0.025478 -0.021349 0.999304
20.381033 -0.039229 0.081852 -0.013705 -0.016222 -0.026301 -0.020085 0.999321
20.431033 -0.039160 0.081795 -0.013487 -0.015128 -0.024933 -0.018398 0.999405
20.481033 -0.038743 0.081689 -0.012761 -0.013779 -0.023284 -0.016848 0.999492
