2.058801 -0.000000 -0.000000 -0.000000 -0.000000 -0.000000 -0.000000 1.000000
2.158801 -0.000110 0.000008 -0.001143 -0.000769 -0.002222 0.001063 0.999997
2.258801 -0.000110 0.000008 -0.001143 -0.000769 -0.002222 0.001063 0.999997
2.358802 -0.002681 0.001265 0.000442 -0.003524 -0.001937 0.000341 0.999992
2.458802 -0.004314 0.002680 0.000916 -0.004332 -0.001584 -0.000024 0.999989
2.558802 -0.004314 0.002680 0.000916 -0.004332 -0.001584 -0.000024 0.999989
2.658802 -0.004314 0.002680 0.000916 -0.004332 -0.001584 -0.000024 0.999989
2.758802 -0.001935 0.003746 0.002311 -0.007054 -0.007450 0.005113 0.999934
2.858802 0.001737 0.009012 0.004955 -0.011509 -0.004707 0.005546 0.999907
2.958802 0.008815 0.014601 0.007165 -0.016144 -0.000666 0.005423 0.999855
3.058802 0.019460 0.019161 0.008689 -0.019163 0.004586 0.002414 0.999803
3.158802 0.033026 0.019783 0.010719 -0.020312 0.013806 0.002000 0.999696
3.258802 0.048249 0.016099 0.011714 -0.021497 0.022801 0.003392 0.999503
3.358802 0.062267 0.009332 0.012512 -0.020838 0.032053 0.001752 0.999267
3.458802 0.072251 -0.000884 0.013818 -0.020952 0.035262 -0.001718 0.999157
3.558802 0.079428 -0.013616 0.015161 -0.020085 0.039899 -0.003980 0.998994
3.658802 0.083337 -0.027810 0.018096 -0.020623 0.044607 -0.007542 0.998763
3.758802 0.084492 -0.042055 0.021415 -0.020595 0.051013 -0.010925 0.998426
3.858802 0.080224 -0.055853 0.024369 -0.020830 0.055515 -0.014683 0.998133
3.958803 0.073768 -0.064994 0.028252 -0.024335 0.055791 -0.015645 0.998023
4.058802 0.057203 -0.068345 0.033588 -0.029622 0.048467 -0.015687 0.998262
4.158802 0.039441 -0.065469 0.037878 -0.034413 0.037224 -0.015757 0.998590
4.258802 0.019365 -0.061314 0.041414 -0.036562 0.028437 -0.017732 0.998769
4.358802 -0.000130 -0.055711 0.044191 -0.037810 0.020651 -0.014238 0.998970
4.458801 -0.019652 -0.047934 0.044980 -0.038964 0.011359 -0.009779 0.999128
4.558801 -0.035527 -0.036417 0.046071 -0.041383 0.004028 -0.005919 0.999118
4.658801 -0.048506 -0.022394 0.045965 -0.043439 -0.002351 -0.006014 0.999035
4.758801 -0.054755 -0.005899 0.045433 -0.047535 -0.008041 -0.004983 0.998825
4.858801 -0.058596 0.010333 0.043341 -0.053939 -0.014747 -0.005572 0.998420
4.958801 -0.054389 0.024904 0.041434 -0.057051 -0.014780 -0.006665 0.998240
5.058801 -0.041250 0.036577 0.038737 -0.062319 -0.008655 -0.006499 0.997998
5.158801 -0.020926 0.047467 0.036223 -0.065627 0.000573 -0.001270 0.997843
5.258801 0.002870 0.055245 0.033000 -0.070581 0.008807 0.005405 0.997453
5.358801 0.028568 0.059464 0.031583 -0.073429 0.023101 0.004301 0.997024
5.458801 0.054403 0.056167 0.030378 -0.071978 0.037810 -0.001430 0.996688
5.558801 0.078404 0.049966 0.028425 -0.074141 0.050865 -0.010043 0.995899
5.658801 0.097377 0.038298 0.027593 -0.072587 0.059929 -0.013634 0.995467
5.758801 0.113713 0.021359 0.028540 -0.065317 0.069210 -0.011401 0.995396
5.858801 0.124759 0.000990 0.030696 -0.057701 0.074222 -0.007838 0.995540
5.958801 0.131679 -0.021654 0.032151 -0.049607 0.077980 -0.009999 0.995670
6.058801 0.134379 -0.043627 0.034715 -0.043674 0.082693 -0.012863 0.995535
6.158801 0.131780 -0.063801 0.036754 -0.039966 0.088014 -0.014695 0.995209
6.258801 0.116949 -0.080430 0.035440 -0.034344 0.086095 -0.018829 0.995517
6.358801 0.095740 -0.092023 0.033780 -0.028626 0.080234 -0.019696 0.996170
6.458801 0.069394 -0.098120 0.032913 -0.028842 0.067498 -0.017992 0.997140
6.558801 0.034972 -0.099260 0.032606 -0.031683 0.047700 -0.015873 0.998233
6.658801 -0.000824 -0.096656 0.029487 -0.033990 0.020984 -0.015518 0.999081
6.758801 -0.033316 -0.090537 0.023323 -0.033306 -0.007211 -0.013078 0.999334
6.858801 -0.056365 -0.078297 0.014292 -0.031305 -0.034817 -0.008509 0.998867
6.958801 -0.069413 -0.065919 0.005463 -0.028282 -0.049333 -0.002879 0.998378
7.058801 -0.073317 -0.050084 -0.003334 -0.029551 -0.063085 -0.000475 0.997571
7.158801 -0.070442 -0.035136 -0.010473 -0.031678 -0.067789 -0.003034 0.997192
7.260031 -0.060546 -0.018323 -0.015591 -0.036080 -0.067715 -0.006552 0.997031
7.358801 -0.040647 -0.002341 -0.017400 -0.041455 -0.064254 -0.003029 0.997068
7.458801 -0.017376 0.012558 -0.016548 -0.047239 -0.055391 0.003310 0.997341
7.558801 0.012637 0.023013 -0.009872 -0.054170 -0.037985 -0.000068 0.997809
7.658801 0.048508 0.021926 -0.003167 -0.058031 -0.012063 -0.005970 0.998224
7.758801 0.083400 0.006388 0.000516 -0.055225 0.006742 -0.004047 0.998443
7.858801 0.115898 -0.017114 0.001166 -0.047981 0.027302 -0.000977 0.998475
7.958801 0.140929 -0.044660 0.000418 -0.037177 0.045913 -0.000424 0.998253
8.058801 0.156996 -0.073125 0.002323 -0.031964 0.059436 -0.000868 0.997720
8.158801 0.159411 -0.099618 0.004731 -0.026584 0.062827 0.000388 0.997670
8.258801 0.147805 -0.120087 0.005578 -0.020362 0.060707 0.002370 0.997945
8.358801 0.129793 -0.139772 0.004857 -0.017392 0.051851 0.002246 0.998501
8.458801 0.100144 -0.152762 0.007534 -0.017932 0.048690 -0.000785 0.998653
8.558801 0.065317 -0.153077 0.007100 -0.019182 0.032717 0.000730 0.999280
8.658801 0.031580 -0.147735 0.006629 -0.025445 0.009899 0.005738 0.999611
8.758801 0.001034 -0.132939 0.007631 -0.029146 -0.005265 0.007357 0.999534
8.858801 -0.026076 -0.119658 0.004810 -0.029849 -0.018431 0.005996 0.999367
8.958801 -0.051097 -0.108184 -0.002959 -0.027777 -0.032245 0.006194 0.999075
9.058801 -0.069411 -0.097258 -0.010654 -0.027725 -0.042876 0.012781 0.998614
9.158801 -0.082710 -0.082841 -0.019701 -0.027176 -0.059939 0.022793 0.997572
9.258801 -0.093018 -0.065593 -0.028334 -0.028749 -0.072988 0.028019 0.996525
9.358801 -0.093786 -0.041032 -0.029857 -0.033516 -0.074182 0.021634 0.996447
9.458801 -0.086373 -0.013169 -0.023888 -0.049586 -0.066588 0.014833 0.996437
9.558801 -0.065220 0.014190 -0.012857 -0.065229 -0.052050 0.009771 0.996464
9.658801 -0.037041 0.032584 -0.003880 -0.072907 -0.032927 0.007794 0.996765
9.758801 -0.005585 0.043653 0.002845 -0.078677 -0.013071 0.008849 0.996775
9.858801 0.031583 0.047703 0.009829 -0.081802 0.011223 0.008136 0.996552
9.958801 0.067033 0.039834 0.013597 -0.078491 0.035986 0.002467 0.996262
10.058801 0.098730 0.025018 0.017837 -0.075124 0.058508 -0.002924 0.995452
10.158801 0.126672 0.001876 0.022475 -0.071476 0.079448 -0.008651 0.994236
10.258801 0.148968 -0.025176 0.026989 -0.066594 0.096878 -0.017146 0.992918
10.358801 0.164043 -0.056849 0.029711 -0.059011 0.106769 -0.021075 0.992307
10.460560 0.172820 -0.091802 0.033325 -0.052178 0.118853 -0.016802 0.991398
10.558801 0.171385 -0.119602 0.035205 -0.046984 0.123696 -0.008296 0.991173
10.658801 0.154688 -0.141949 0.037982 -0.046381 0.112327 -0.000737 0.992588
10.758801 0.127597 -0.154325 0.040709 -0.043408 0.103794 -0.001226 0.993650
10.858801 0.097121 -0.159320 0.042164 -0.043924 0.089214 -0.003383 0.995038
10.958801 0.060809 -0.161115 0.041598 -0.044495 0.069658 -0.004467 0.996568
11.058801 0.022746 -0.160642 0.039629 -0.045708 0.048599 -0.004794 0.997760
11.158801 -0.012461 -0.156733 0.035982 -0.050019 0.028020 -0.005634 0.998339
11.258801 -0.046386 -0.148409 0.031607 -0.055667 0.007407 -0.006200 0.998403
11.358801 -0.074007 -0.138159 0.026515 -0.056955 -0.010653 -0.002188 0.998318
11.458801 -0.098618 -0.123307 0.019174 -0.059684 -0.026986 0.002413 0.997850
11.558801 -0.111355 -0.100238 0.013578 -0.064974 -0.033896 0.007617 0.997282
11.658801 -0.117384 -0.074428 0.005976 -0.065090 -0.037416 0.010488 0.997123
11.758801 -0.120182 -0.046704 0.000815 -0.068156 -0.047161 0.014020 0.996461
11.858801 -0.114319 -0.019752 -0.003658 -0.070397 -0.045376 0.012489 0.996408
11.958801 -0.098405 0.004363 -0.006420 -0.074779 -0.041546 0.010977 0.996274
12.058801 -0.077742 0.026193 -0.007656 -0.082704 -0.041344 0.011712 0.995647
12.158801 -0.046201 0.040319 -0.005854 -0.087110 -0.026187 0.009453 0.995810
12.258801 -0.006532 0.048277 -0.000961 -0.087890 0.001762 0.004081 0.996120
12.358801 0.032475 0.046353 0.001307 -0.087640 0.019728 0.003903 0.995949
12.458801 0.068269 0.036907 0.004388 -0.087258 0.037870 0.003298 0.995460
12.558801 0.103718 0.021153 0.007065 -0.085727 0.056149 -0.001312 0.994734
12.658801 0.135073 0.001229 0.012537 -0.079167 0.079455 -0.005579 0.993674
12.758801 0.159665 -0.021707 0.016224 -0.073417 0.092744 -0.009353 0.992936
12.858801 0.176302 -0.047500 0.021299 -0.069344 0.099843 -0.009048 0.992543
12.958801 0.189132 -0.076211 0.025868 -0.064135 0.112629 -0.008492 0.991529
13.058801 0.190984 -0.106027 0.031239 -0.063250 0.115711 -0.002914 0.991263
13.158801 0.181631 -0.135620 0.039890 -0.067859 0.110466 0.009352 0.991517
13.258801 0.165986 -0.165881 0.048375 -0.071906 0.106950 0.019725 0.991465
13.358801 0.147840 -0.195647 0.056003 -0.065698 0.113023 0.013517 0.991326
13.458801 0.117282 -0.216073 0.061711 -0.063562 0.110732 0.010334 0.991762
13.558801 0.078021 -0.232471 0.066517 -0.070225 0.086529 0.018647 0.993596
13.658801 0.039413 -0.244247 0.065616 -0.072217 0.067930 0.019242 0.994887
13.758801 -0.001956 -0.246018 0.061088 -0.071083 0.057702 0.017954 0.995638
13.858801 -0.041780 -0.235499 0.052657 -0.069538 0.042533 0.022046 0.996428
13.958801 -0.078148 -0.215100 0.043891 -0.065664 0.026290 0.022887 0.997233
14.058801 -0.112411 -0.188556 0.036007 -0.065454 0.013847 0.020262 0.997554
14.158801 -0.141512 -0.159443 0.028125 -0.066467 0.006349 0.019941 0.997569
14.258801 -0.164537 -0.132651 0.019018 -0.065372 -0.007901 0.024469 0.997530
14.358801 -0.175463 -0.100857 0.008956 -0.063037 -0.016629 0.029369 0.997440
14.458801 -0.175292 -0.069535 0.000499 -0.057030 -0.015861 0.029289 0.997817
14.558801 -0.165197 -0.034615 -0.004574 -0.058081 -0.013067 0.022238 0.997979
14.658801 -0.148082 -0.002061 -0.007135 -0.061410 -0.009576 0.014985 0.997954
14.758801 -0.124275 0.022945 -0.007853 -0.060384 -0.008801 0.003871 0.998129
14.858801 -0.091233 0.037008 -0.004018 -0.056324 0.002875 -0.006882 0.998385
14.958801 -0.051519 0.044093 0.000764 -0.058152 0.014775 -0.006771 0.998175
15.058801 -0.007903 0.047398 0.004908 -0.062050 0.021807 -0.005986 0.997817
15.158801 0.036872 0.042237 0.009277 -0.066984 0.029048 -0.010316 0.997278
15.258801 0.080140 0.027023 0.013682 -0.073123 0.040733 -0.004915 0.996479
15.358801 0.125043 0.003250 0.020471 -0.069417 0.069472 0.003416 0.995160
15.458801 0.164968 -0.029919 0.025228 -0.064922 0.097556 0.011562 0.993043
15.558801 0.188011 -0.064322 0.025336 -0.063220 0.109042 0.008733 0.991986
15.658801 0.199518 -0.100351 0.026043 -0.062510 0.112872 0.007015 0.991617
15.758801 0.195436 -0.138603 0.026880 -0.059046 0.114595 0.011076 0.991594
15.858801 0.180894 -0.174513 0.029471 -0.056088 0.118432 0.012360 0.991300
15.958801 0.151754 -0.202769 0.028456 -0.048225 0.117263 0.014019 0.991830
16.058801 0.105155 -0.226132 0.024770 -0.045590 0.098211 0.012076 0.994047
16.160932 0.050472 -0.239706 0.018895 -0.034888 0.083480 0.009310 0.995855
16.258801 -0.004486 -0.249701 0.012443 -0.026113 0.062495 0.005848 0.997686
16.358801 -0.060030 -0.241730 0.005164 -0.022687 0.033708 0.011331 0.999110
16.458801 -0.115006 -0.224933 -0.008906 -0.032860 -0.008375 0.013962 0.999327
16.558801 -0.162826 -0.198557 -0.021216 -0.040068 -0.049022 0.021109 0.997770
16.658801 -0.193185 -0.175145 -0.030976 -0.042808 -0.067010 0.026761 0.996474
16.758801 -0.209229 -0.144994 -0.037864 -0.042902 -0.070643 0.026392 0.996229
16.858801 -0.223316 -0.119016 -0.044540 -0.043520 -0.073182 0.028145 0.995971
16.958801 -0.210644 -0.085944 -0.043797 -0.050128 -0.078073 0.025275 0.995366
17.058801 -0.198804 -0.052962 -0.042422 -0.056065 -0.067256 0.016460 0.996023
17.158801 -0.177249 -0.022325 -0.040633 -0.063891 -0.050193 0.008225 0.996660
17.258801 -0.150401 0.007256 -0.035011 -0.073339 -0.037701 0.008500 0.996558
17.358801 -0.114229 0.030016 -0.025241 -0.080588 -0.016386 0.006828 0.996589
17.458801 -0.069974 0.044520 -0.013173 -0.085773 0.013221 0.008022 0.996195
17.558801 -0.023623 0.051351 -0.003783 -0.092220 0.042998 0.012072 0.994737
17.658801 0.021545 0.051625 0.004457 -0.097173 0.066546 0.017827 0.992880
17.758801 0.061998 0.049490 0.013653 -0.102828 0.087464 0.016117 0.990715
17.858801 0.103218 0.044252 0.019670 -0.103307 0.108044 0.015808 0.988638
17.960920 0.136027 0.034400 0.025338 -0.101820 0.125121 0.012195 0.986828
18.058801 0.162249 0.018724 0.029207 -0.097776 0.142370 0.008020 0.984940
18.158801 0.180129 -0.004950 0.029470 -0.091906 0.150015 0.006706 0.984380
18.258801 0.190349 -0.032910 0.029384 -0.086437 0.150952 0.006947 0.984730
18.358801 0.193036 -0.064711 0.028344 -0.078146 0.149048 0.009634 0.985690
18.458801 0.186165 -0.095483 0.028419 -0.071361 0.149959 0.009764 0.986065
18.558801 0.171209 -0.122877 0.029976 -0.065009 0.145012 0.006964 0.987267
18.658801 0.148259 -0.144271 0.029324 -0.058013 0.139578 0.007443 0.988482
18.758801 0.113078 -0.158268 0.028327 -0.053146 0.119314 0.009165 0.991391
18.858801 0.072998 -0.163954 0.026340 -0.047848 0.091755 0.010421 0.994577
18.958801 0.034217 -0.160065 0.027388 -0.049412 0.075143 0.015577 0.995826
19.058802 -0.001558 -0.147271 0.029287 -0.050691 0.056423 0.010868 0.997060
19.158802 -0.032170 -0.135926 0.030664 -0.045271 0.041619 0.006615 0.998086
19.258802 -0.054106 -0.125816 0.030529 -0.035835 0.025483 0.009894 0.998984
19.358802 -0.066475 -0.115619 0.030059 -0.024926 0.019854 0.013862 0.999396
19.458802 -0.074520 -0.105225 0.032847 -0.013789 0.021755 0.012359 0.999592
19.558802 -0.077426 -0.094237 0.037436 -0.012495 0.026536 0.003778 0.999563
19.662948 -0.079611 -0.074009 0.045997 -0.015362 0.034365 -0.008833 0.999252
19.758802 -0.087518 -0.051289 0.050737 -0.015186 0.023699 -0.006813 0.999581
19.858909 -0.101096 -0.023848 0.052358 -0.013122 -0.000002 -0.000232 0.999914
19.958802 -0.103770 0.002847 0.055764 -0.027658 -0.017913 0.002379 0.999454
20.058802 -0.089046 0.028023 0.059250 -0.035495 -0.017057 -0.000163 0.999224
20.158802 -0.066487 0.042849 0.062148 -0.045813 -0.010424 0.000622 0.998895
20.258802 -0.037444 0.050823 0.062678 -0.047815 0.002647 -0.001881 0.998851
20.358802 -0.006649 0.053378 0.058221 -0.049257 0.014313 -0.006004 0.998666
20.458802 0.024596 0.051378 0.051463 -0.051550 0.023484 -0.005579 0.998379
20.558802 0.057301 0.050831 0.044482 -0.054851 0.033056 -0.009424 0.997903
20.658802 0.093652 0.047012 0.039203 -0.055145 0.051031 -0.011641 0.997105
20.758802 0.128069 0.042468 0.034606 -0.056049 0.066005 -0.012858 0.996161
20.858802 0.156311 0.034132 0.033436 -0.052457 0.077052 -0.012444 0.995568
20.958802 0.184778 0.020450 0.034198 -0.051067 0.085468 -0.013282 0.994943
21.058802 0.210479 0.003209 0.040279 -0.054241 0.085705 -0.014044 0.994744
21.158802 0.238315 -0.016981 0.051299 -0.059430 0.099808 -0.017025 0.993084
21.258802 0.274203 -0.044042 0.062405 -0.054751 0.127821 -0.019853 0.990086
21.358802 0.298642 -0.073363 0.070923 -0.053059 0.136749 -0.012374 0.989106
21.458802 0.308666 -0.100154 0.076946 -0.053822 0.124072 0.003202 0.990807
21.558802 0.311228 -0.121057 0.083826 -0.053505 0.118489 0.014442 0.991408
21.658802 0.302713 -0.138738 0.091197 -0.056606 0.117870 0.017684 0.991257
21.758802 0.285661 -0.152447 0.097136 -0.059914 0.110591 0.017833 0.991898
21.858802 0.259981 -0.161053 0.097414 -0.060183 0.101222 0.015537 0.992920
21.958802 0.225967 -0.168804 0.094586 -0.058811 0.080232 0.016125 0.994909
22.058802 0.186963 -0.172867 0.090908 -0.058172 0.060901 0.015643 0.996324
22.158802 0.148312 -0.173938 0.085588 -0.053727 0.044304 0.017074 0.997426
22.258802 0.107867 -0.168215 0.076404 -0.049052 0.019719 0.025324 0.998280
22.358802 0.069697 -0.160989 0.063474 -0.043425 -0.011614 0.035894 0.998344
22.458802 0.042588 -0.146856 0.052361 -0.039204 -0.030972 0.038510 0.998008
22.558802 0.026171 -0.124353 0.042162 -0.037846 -0.035575 0.036741 0.997974
22.658802 0.017711 -0.099095 0.035435 -0.046975 -0.041363 0.036594 0.997368
22.758802 0.016742 -0.072417 0.028508 -0.058545 -0.047636 0.031639 0.996646
22.858802 0.027847 -0.048754 0.025510 -0.066174 -0.042314 0.027862 0.996521
22.958802 0.050199 -0.026568 0.023238 -0.073363 -0.028773 0.026831 0.996529
23.058802 0.080322 -0.009309 0.022458 -0.083707 -0.012672 0.032161 0.995891
23.158802 0.115519 0.004383 0.021659 -0.086715 0.008196 0.038719 0.995447
23.258802 0.150830 0.012150 0.019762 -0.088223 0.028749 0.040399 0.994866
23.358802 0.183002 0.012551 0.017940 -0.087478 0.044203 0.034053 0.994603
23.458802 0.214110 0.005698 0.018786 -0.084732 0.060624 0.029792 0.994112
23.558802 0.245260 -0.006492 0.021600 -0.079149 0.076346 0.027670 0.993550
23.658802 0.275378 -0.022198 0.027757 -0.075871 0.096856 0.027948 0.992009
23.758802 0.304512 -0.040091 0.033529 -0.069717 0.119535 0.025965 0.990039
23.858802 0.324856 -0.058695 0.040379 -0.066337 0.134956 0.025319 0.988304
23.958802 0.338593 -0.078722 0.047657 -0.064619 0.146261 0.026322 0.986782
24.058802 0.344758 -0.099074 0.055516 -0.062412 0.151159 0.031213 0.986043
24.158802 0.344730 -0.121606 0.066189 -0.063424 0.157438 0.031734 0.984979
24.258802 0.333079 -0.137545 0.076928 -0.064884 0.153627 0.028507 0.985584
24.358802 0.315313 -0.155027 0.086551 -0.063310 0.144509 0.028128 0.987075
24.458802 0.291612 -0.163119 0.090461 -0.060233 0.130186 0.032519 0.989124
24.558802 0.266318 -0.157664 0.092058 -0.061291 0.107264 0.037468 0.991632
24.658802 0.243779 -0.143341 0.096002 -0.070029 0.089472 0.041414 0.992661
24.758802 0.234161 -0.119742 0.096414 -0.081335 0.086023 0.041219 0.992112
24.858802 0.227279 -0.093308 0.094355 -0.092533 0.085433 0.037546 0.991327
24.960005 0.225243 -0.069840 0.087561 -0.098568 0.080033 0.032424 0.991377
25.058802 0.233000 -0.051934 0.078379 -0.103449 0.082494 0.031510 0.990707
25.158802 0.246949 -0.036720 0.066769 -0.101786 0.091776 0.030564 0.990092
25.258802 0.266821 -0.026521 0.056741 -0.098830 0.102981 0.033653 0.989189
25.358802 0.291572 -0.020454 0.047627 -0.096308 0.116853 0.033006 0.987917
25.458802 0.317217 -0.020997 0.043141 -0.093219 0.130969 0.031193 0.986501
25.558802 0.346368 -0.030069 0.043050 -0.090459 0.152092 0.028340 0.983810
25.658802 0.375284 -0.046878 0.046162 -0.088070 0.174761 0.026798 0.980298
25.758802 0.400492 -0.068201 0.053008 -0.089041 0.186480 0.030458 0.977941
25.858802 0.419416 -0.095359 0.061319 -0.085864 0.198959 0.036502 0.975556
25.958802 0.429487 -0.124273 0.068452 -0.078481 0.202711 0.041765 0.975195
26.058802 0.431189 -0.151619 0.078066 -0.072774 0.207816 0.043887 0.974469
26.158802 0.422989 -0.170860 0.090374 -0.073429 0.208519 0.040541 0.974415
26.258802 0.402407 -0.183630 0.102947 -0.072525 0.199301 0.038546 0.976490
26.358802 0.374238 -0.191124 0.116821 -0.075884 0.184592 0.039849 0.979071
26.460173 0.342126 -0.189140 0.129923 -0.078290 0.171609 0.042218 0.981142
26.558802 0.299617 -0.177060 0.140020 -0.082184 0.153657 0.044156 0.983710
26.658802 0.260632 -0.157590 0.145336 -0.088128 0.125265 0.047102 0.987078
26.758802 0.225419 -0.136189 0.147237 -0.092245 0.108070 0.041469 0.988985
26.858802 0.194499 -0.116615 0.144974 -0.091234 0.096267 0.030437 0.990698
26.958802 0.170989 -0.099007 0.137844 -0.088135 0.083223 0.026906 0.992261
27.062483 0.158673 -0.083069 0.128671 -0.084090 0.074636 0.028003 0.993264
27.158802 0.158298 -0.061751 0.120193 -0.083777 0.080134 0.023286 0.992984
27.258802 0.171964 -0.040263 0.112528 -0.087987 0.088118 0.021609 0.991981
27.358802 0.199799 -0.023909 0.107068 -0.096520 0.101966 0.025988 0.989753
27.458802 0.239008 -0.013747 0.102484 -0.102126 0.125899 0.032330 0.986243
27.558802 0.273100 -0.011309 0.100948 -0.104101 0.137416 0.043322 0.984075
27.658802 0.310865 -0.018419 0.098827 -0.104378 0.155009 0.051153 0.981051
27.758802 0.347593 -0.033423 0.100152 -0.103314 0.178726 0.052479 0.977051
27.858802 0.378331 -0.055548 0.100235 -0.096202 0.198657 0.045368 0.974280
27.958802 0.397118 -0.078365 0.100954 -0.094568 0.200486 0.040967 0.974261
28.058802 0.414596 -0.102464 0.103463 -0.092847 0.203023 0.040214 0.973932
28.158802 0.430004 -0.126986 0.106872 -0.088576 0.222031 0.030747 0.970521
28.258802 0.422350 -0.149936 0.113709 -0.082727 0.222456 0.022605 0.971164
28.358802 0.400608 -0.172640 0.119880 -0.081040 0.202430 0.021469 0.975702
28.458802 0.370160 -0.191315 0.130826 -0.078733 0.190065 0.018342 0.978438
28.558802 0.333255 -0.204894 0.141194 -0.079318 0.177366 0.011253 0.980879
28.658802 0.287880 -0.213785 0.147018 -0.077302 0.156803 0.008377 0.984565
28.758802 0.238629 -0.220363 0.146210 -0.070979 0.131430 0.007382 0.988754
28.858802 0.185186 -0.220653 0.138445 -0.062616 0.104937 0.011413 0.992440
28.958802 0.130143 -0.212262 0.129776 -0.058545 0.075735 0.009173 0.995366
29.058802 0.085467 -0.195463 0.118274 -0.058622 0.051146 0.005853 0.996952
29.158802 0.048943 -0.171757 0.111713 -0.066894 0.029360 -0.001642 0.997327
29.258802 0.024857 -0.145161 0.108983 -0.072832 0.021457 -0.008113 0.997080
29.358802 0.005692 -0.122434 0.107324 -0.077673 0.014460 -0.011470 0.996808
29.458802 -0.004518 -0.098564 0.103077 -0.080247 0.010641 -0.012294 0.996642
29.558802 -0.002697 -0.071070 0.096905 -0.088361 0.011587 -0.012580 0.995942
29.658802 0.012293 -0.043449 0.089652 -0.098456 0.026655 -0.012022 0.994712
29.758802 0.036808 -0.017042 0.082337 -0.109862 0.048357 -0.006330 0.992750
29.858802 0.068938 0.002120 0.072559 -0.119903 0.074637 -0.003362 0.989970
29.958802 0.104820 0.010820 0.064171 -0.124062 0.092650 0.003227 0.987934
30.058802 0.141859 0.009102 0.057882 -0.125589 0.112414 0.012511 0.985614
30.158802 0.180949 -0.001397 0.050771 -0.123704 0.138518 0.018310 0.982433
30.258802 0.215843 -0.020082 0.043473 -0.118751 0.162573 0.023122 0.979252
30.358802 0.239619 -0.046734 0.038890 -0.107670 0.174806 0.026055 0.978351
30.458802 0.253645 -0.076491 0.038688 -0.101574 0.186031 0.021972 0.977033
30.558802 0.263076 -0.108882 0.038151 -0.094314 0.196826 0.029191 0.975455
30.658802 0.258334 -0.139195 0.041048 -0.090817 0.197827 0.035562 0.975373
30.758802 0.234221 -0.163893 0.046568 -0.088027 0.187248 0.037603 0.977638
30.858802 0.200680 -0.179349 0.053576 -0.086409 0.171622 0.028912 0.980940
30.958802 0.161337 -0.186518 0.060480 -0.087796 0.159788 0.017370 0.983086
31.058802 0.119657 -0.186347 0.064102 -0.087949 0.145748 0.017090 0.985257
31.158802 0.077657 -0.179260 0.065141 -0.086072 0.135252 0.021912 0.986822
31.258802 0.034892 -0.168165 0.062197 -0.082517 0.115975 0.025818 0.989482
31.358802 -0.001839 -0.153330 0.058175 -0.081882 0.098164 0.026899 0.991431
31.458802 -0.023214 -0.130201 0.052777 -0.082361 0.106707 0.020665 0.990658
31.558802 -0.040684 -0.107853 0.045470 -0.082740 0.110556 0.012785 0.990337
31.658802 -0.054143 -0.082828 0.036649 -0.088258 0.101783 0.013434 0.990793
31.758802 -0.052433 -0.055778 0.027896 -0.094534 0.109166 0.010550 0.989462
31.858802 -0.044515 -0.031769 0.017778 -0.100165 0.118539 0.002350 0.987881
31.958802 -0.032235 -0.011732 0.005822 -0.104214 0.125837 0.006265 0.986542
32.058802 -0.015737 0.001784 -0.006912 -0.107356 0.132048 0.009379 0.985368
32.158802 0.007246 0.009830 -0.014626 -0.114787 0.145306 0.006543 0.982684
32.258802 0.035874 0.009358 -0.019603 -0.116432 0.162676 0.009405 0.979741
32.358802 0.065283 0.001447 -0.023089 -0.112341 0.176743 0.015422 0.977703
32.458802 0.090507 -0.011120 -0.025755 -0.111118 0.188971 0.019336 0.975484
32.558802 0.111501 -0.031251 -0.027930 -0.107039 0.199976 0.023855 0.973644
32.658802 0.126263 -0.055997 -0.029789 -0.101405 0.205276 0.027630 0.973044
32.758802 0.132726 -0.083351 -0.029106 -0.097151 0.206531 0.026969 0.973231
32.858802 0.126842 -0.109331 -0.026938 -0.090175 0.199095 0.027749 0.975428
32.958802 0.115390 -0.131796 -0.024591 -0.086311 0.189456 0.033360 0.977519
33.058802 0.099254 -0.147726 -0.016786 -0.083436 0.183083 0.035558 0.978905
33.158802 0.073624 -0.158576 -0.009516 -0.074451 0.165884 0.029188 0.982898
33.258802 0.045293 -0.164511 -0.001154 -0.069107 0.141978 0.027628 0.987068
33.358802 0.019286 -0.163904 0.006652 -0.060491 0.113790 0.026580 0.991305
33.458802 -0.002429 -0.152585 0.011987 -0.046539 0.096792 0.024113 0.993923
33.558802 -0.024710 -0.136552 0.014786 -0.039318 0.074885 0.021034 0.996195
33.658802 -0.041753 -0.115807 0.018181 -0.035689 0.059189 0.013979 0.997511
33.758802 -0.051736 -0.090320 0.024635 -0.035752 0.059934 0.002389 0.997559
33.858802 -0.063294 -0.060603 0.026682 -0.040211 0.054362 -0.009488 0.997666
33.958802 -0.073489 -0.032739 0.025833 -0.054738 0.041142 -0.013938 0.997555
34.058802 -0.071624 -0.008367 0.023391 -0.064087 0.041390 -0.013492 0.996994
34.158802 -0.059620 0.013528 0.018743 -0.072547 0.044358 -0.007152 0.996352
34.258802 -0.035533 0.026075 0.015941 -0.078186 0.063104 0.001050 0.994939
34.358802 -0.003742 0.030157 0.011962 -0.080185 0.085819 0.009248 0.993036
34.458802 0.030449 0.024120 0.005996 -0.077238 0.108738 0.019252 0.990878
34.558802 0.063777 0.014387 0.000753 -0.072695 0.138879 0.021372 0.987406
34.658802 0.090697 0.002132 -0.003877 -0.072213 0.157191 0.018401 0.984753
34.758802 0.110528 -0.012371 -0.004193 -0.068754 0.172081 0.012331 0.982603
34.858802 0.121335 -0.029485 -0.002530 -0.065745 0.183307 0.004668 0.980844
34.958802 0.126028 -0.046750 0.000741 -0.061306 0.188921 0.004392 0.980067
35.058802 0.119953 -0.060024 0.006159 -0.062788 0.182940 0.005846 0.981100
35.158802 0.110953 -0.070807 0.008749 -0.057761 0.177738 0.006305 0.982361
35.259386 0.099416 -0.078183 0.008531 -0.048543 0.174599 0.003118 0.983437
35.358802 0.081959 -0.084424 0.008218 -0.038118 0.165194 -0.001009 0.985524
35.458802 0.061314 -0.084183 0.008230 -0.034845 0.154192 -0.007522 0.987398
35.558802 0.044846 -0.076597 0.011479 -0.034464 0.145289 -0.011051 0.988727
35.658802 0.030439 -0.065328 0.014899 -0.039005 0.135766 -0.011902 0.989901
35.758802 0.018274 -0.046933 0.020192 -0.046988 0.129192 -0.008763 0.990467
35.858802 0.009362 -0.022970 0.025081 -0.051587 0.120841 -0.005984 0.991312
35.958802 0.002724 -0.000538 0.026894 -0.062054 0.104924 0.003683 0.992536
36.058802 0.002179 0.019047 0.025719 -0.069145 0.094474 0.012625 0.993043
36.158802 0.012336 0.032227 0.024515 -0.066226 0.098124 0.014440 0.992863
36.258802 0.031658 0.040968 0.024002 -0.060515 0.113332 0.009524 0.991667
36.358802 0.056530 0.047200 0.022298 -0.060331 0.131494 0.014905 0.989367
36.458802 0.078035 0.050986 0.022241 -0.062469 0.141263 0.019192 0.987813
36.558802 0.097126 0.048934 0.022283 -0.059976 0.158286 0.015846 0.985443
36.658802 0.109615 0.043492 0.021147 -0.052925 0.169783 0.013376 0.983968
36.758802 0.117211 0.037966 0.017285 -0.043733 0.172590 0.015502 0.983900
36.858802 0.118284 0.036221 0.014319 -0.034452 0.169635 0.019339 0.984715
36.958802 0.115598 0.040388 0.016012 -0.030448 0.168225 0.019239 0.985090
37.058802 0.110571 0.040506 0.022041 -0.038524 0.163631 0.017294 0.985618
37.158802 0.107137 0.029634 0.027274 -0.047498 0.157945 0.015271 0.986187
37.258802 0.106993 0.013094 0.030485 -0.046793 0.164822 0.010434 0.985158
37.358802 0.105973 -0.005194 0.028036 -0.044025 0.166682 0.007799 0.984996
37.458802 0.099735 -0.020219 0.023423 -0.036785 0.164824 0.006483 0.985616
37.558802 0.085414 -0.028864 0.018828 -0.031827 0.160679 0.002328 0.986491
37.658802 0.065840 -0.028569 0.013467 -0.028771 0.150426 -0.002955 0.988198
37.758802 0.043053 -0.020259 0.011269 -0.032153 0.130341 -0.004035 0.990940
37.858802 0.024282 -0.008084 0.012223 -0.038314 0.114723 -0.001445 0.992657
37.958802 0.012469 0.006419 0.013973 -0.038043 0.107041 0.003578 0.993520
38.058802 0.004492 0.019261 0.019668 -0.039074 0.104597 -0.003066 0.993742
38.158802 0.002516 0.033891 0.026917 -0.050071 0.109173 -0.010840 0.992702
38.258802 0.000990 0.038823 0.032491 -0.051945 0.108420 -0.008498 0.992711
38.358802 0.003253 0.038820 0.032415 -0.045226 0.108013 -0.002281 0.993118
