3.033801 -0.000000 -0.000000 -0.000000 -0.000000 -0.000000 -0.000000 1.000000
3.083801 0.006192 0.001342 0.001079 -0.000820 0.004275 -0.001307 0.999990
3.133801 0.013241 0.001639 0.001980 -0.001287 0.008884 -0.001322 0.999959
3.183801 0.020597 0.000914 0.002950 -0.001892 0.013129 -0.000838 0.999912
3.233801 0.028564 -0.000714 0.003650 -0.002201 0.017468 0.000063 0.999845
3.283801 0.035796 -0.003449 0.004634 -0.002649 0.022784 0.000431 0.999737
3.333801 0.042812 -0.007210 0.004815 -0.002227 0.027565 -0.000357 0.999618
3.383801 0.048347 -0.011802 0.005614 -0.002263 0.030997 -0.001967 0.999515
3.433801 0.053802 -0.016388 0.005945 -0.001837 0.031937 -0.003481 0.999482
3.483801 0.057370 -0.021752 0.006398 -0.001663 0.034190 -0.005184 0.999401
3.533801 0.061243 -0.027880 0.006816 -0.001123 0.036163 -0.006033 0.999327
3.583801 0.063927 -0.035078 0.007725 -0.000655 0.039024 -0.006936 0.999214
3.633801 0.065607 -0.041803 0.008943 -0.000731 0.041259 -0.008962 0.999108
3.683801 0.067171 -0.049529 0.010453 -0.001808 0.044125 -0.010752 0.998967
3.733801 0.067914 -0.057231 0.011802 -0.001997 0.047457 -0.012066 0.998798
3.783801 0.067525 -0.065220 0.013452 -0.002220 0.050207 -0.013648 0.998643
3.833801 0.066124 -0.070947 0.014625 -0.001408 0.052008 -0.015349 0.998528
3.883801 0.062914 -0.077309 0.016631 -0.002809 0.053814 -0.017881 0.998387
3.933801 0.058018 -0.080703 0.018355 -0.003927 0.054815 -0.017928 0.998328
3.983801 0.053172 -0.086277 0.019124 -0.007225 0.052997 -0.017771 0.998410
4.033801 0.044758 -0.089847 0.022320 -0.010984 0.049175 -0.016978 0.998585
4.083801 0.036082 -0.089590 0.024346 -0.013676 0.042997 -0.017185 0.998834
4.133801 0.026865 -0.087252 0.026379 -0.015792 0.037693 -0.017405 0.999013
4.183801 0.017615 -0.086023 0.027956 -0.017714 0.032687 -0.018435 0.999139
4.233801 0.008125 -0.084150 0.029750 -0.018811 0.027852 -0.019419 0.999246
4.283801 -0.001796 -0.081454 0.031267 -0.019428 0.024155 -0.019139 0.999336
4.333801 -0.011606 -0.078777 0.033244 -0.020231 0.020464 -0.017558 0.999432
4.383801 -0.021764 -0.075864 0.033889 -0.020732 0.016203 -0.015526 0.999533
4.433801 -0.030855 -0.070531 0.034662 -0.020693 0.010967 -0.013345 0.999637
4.483801 -0.039900 -0.065990 0.034384 -0.021505 0.006561 -0.011108 0.999686
4.533801 -0.048118 -0.060140 0.034538 -0.022770 0.003034 -0.009452 0.999691
4.583801 -0.055390 -0.053868 0.034558 -0.023811 -0.000409 -0.008536 0.999680
4.633801 -0.061580 -0.045514 0.035265 -0.024116 -0.003971 -0.008841 0.999662
4.683801 -0.066838 -0.037758 0.035192 -0.025323 -0.006073 -0.008820 0.999622
4.733801 -0.070390 -0.030070 0.035052 -0.027608 -0.008245 -0.008297 0.999550
4.783801 -0.072999 -0.022866 0.034387 -0.031156 -0.011527 -0.008187 0.999415
4.833801 -0.075413 -0.014317 0.033268 -0.034652 -0.015065 -0.008722 0.999248
4.883801 -0.074964 -0.007064 0.032839 -0.037292 -0.017121 -0.009090 0.999116
4.933801 -0.073030 0.001181 0.031923 -0.038122 -0.016927 -0.010022 0.999080
4.984164 -0.069610 0.007292 0.031560 -0.040345 -0.014492 -0.010672 0.999024
5.033801 -0.062778 0.014072 0.030568 -0.042535 -0.012155 -0.010975 0.998961
5.083801 -0.054241 0.018242 0.029486 -0.045209 -0.007723 -0.008694 0.998910
5.133801 -0.043691 0.023405 0.028078 -0.047104 -0.003313 -0.005581 0.998869
5.183801 -0.032742 0.027662 0.027008 -0.048764 0.000818 -0.002281 0.998807
5.233801 -0.020246 0.031852 0.026077 -0.051226 0.004428 0.001157 0.998677
5.283801 -0.008313 0.034865 0.024221 -0.054004 0.009828 0.002663 0.998489
5.333801 0.005124 0.036802 0.023595 -0.055542 0.016666 0.002509 0.998314
5.383801 0.018335 0.037345 0.022914 -0.055501 0.024703 0.000529 0.998153
5.433801 0.031956 0.035470 0.021816 -0.054043 0.031699 -0.001406 0.998034
5.483801 0.044235 0.032479 0.020243 -0.054276 0.037965 -0.005100 0.997791
5.533801 0.056762 0.028570 0.018758 -0.056156 0.044453 -0.009602 0.997386
5.583801 0.067133 0.025279 0.018635 -0.055895 0.050498 -0.012726 0.997078
5.633801 0.077431 0.019219 0.017507 -0.055198 0.054763 -0.014389 0.996869
5.683801 0.086635 0.011695 0.016800 -0.053273 0.058118 -0.014703 0.996779
5.733801 0.094974 0.003284 0.016919 -0.049634 0.062762 -0.013831 0.996698
5.783801 0.101653 -0.006583 0.018168 -0.045791 0.067083 -0.012199 0.996621
5.833801 0.107524 -0.016550 0.018441 -0.041883 0.069326 -0.009909 0.996665
5.883801 0.111707 -0.028113 0.018967 -0.038468 0.069811 -0.009084 0.996777
5.933801 0.115139 -0.038937 0.019222 -0.034075 0.072034 -0.010275 0.996767
5.983801 0.117216 -0.049355 0.019920 -0.029655 0.074887 -0.011793 0.996681
6.033801 0.118596 -0.060265 0.020644 -0.026691 0.077019 -0.013034 0.996587
6.083801 0.119136 -0.070979 0.021323 -0.024239 0.079612 -0.013634 0.996438
6.133801 0.116977 -0.081023 0.023148 -0.022957 0.082817 -0.013966 0.996202
6.183801 0.113194 -0.090452 0.023172 -0.021113 0.084509 -0.016111 0.996069
6.233801 0.106516 -0.099238 0.022531 -0.018611 0.083160 -0.018032 0.996199
6.283801 0.098375 -0.105919 0.019741 -0.014755 0.079802 -0.019040 0.996520
6.333801 0.088690 -0.111850 0.018049 -0.011833 0.076774 -0.019671 0.996784
6.383801 0.076971 -0.117838 0.016768 -0.011006 0.072407 -0.018892 0.997135
6.433801 0.064332 -0.121161 0.015284 -0.011116 0.066087 -0.018389 0.997582
6.483801 0.048932 -0.123094 0.014880 -0.012715 0.057715 -0.017021 0.998107
6.533801 0.032277 -0.123518 0.013996 -0.013984 0.047654 -0.015906 0.998639
6.583801 0.014263 -0.123960 0.012426 -0.015261 0.036231 -0.014648 0.999120
6.633801 -0.004323 -0.123027 0.010892 -0.016666 0.023121 -0.014549 0.999488
6.683801 -0.021806 -0.119598 0.008025 -0.016650 0.009771 -0.015201 0.999698
6.733801 -0.038499 -0.116060 0.004795 -0.015868 -0.004401 -0.014413 0.999761
6.783801 -0.053745 -0.111593 0.001143 -0.015474 -0.018619 -0.012500 0.999629
6.833801 -0.064526 -0.106149 -0.003088 -0.015014 -0.033583 -0.010058 0.999273
6.883801 -0.073227 -0.100350 -0.007237 -0.013736 -0.044188 -0.007799 0.998898
6.933801 -0.079244 -0.093043 -0.011989 -0.011489 -0.051614 -0.005018 0.998588
6.983801 -0.083465 -0.086635 -0.016159 -0.011714 -0.058328 -0.003185 0.998224
7.033801 -0.085387 -0.078809 -0.020676 -0.012602 -0.065641 -0.001959 0.997762
7.083801 -0.084501 -0.069439 -0.021719 -0.013149 -0.071002 -0.002415 0.997387
7.133801 -0.082612 -0.061135 -0.024318 -0.014091 -0.073980 -0.003576 0.997154
7.183801 -0.081448 -0.053013 -0.028874 -0.015136 -0.072854 -0.005807 0.997211
7.235031 -0.074707 -0.045407 -0.030086 -0.017919 -0.073724 -0.007520 0.997089
7.283801 -0.069087 -0.038130 -0.031967 -0.021093 -0.073155 -0.007671 0.997068
7.333801 -0.061142 -0.030207 -0.032192 -0.023785 -0.070493 -0.006368 0.997208
7.383801 -0.050760 -0.023338 -0.032126 -0.026575 -0.066372 -0.003268 0.997436
7.433801 -0.037555 -0.017156 -0.030285 -0.030113 -0.062429 0.001312 0.997594
7.483801 -0.025979 -0.011205 -0.028190 -0.033950 -0.056456 0.003218 0.997823
7.533801 -0.011913 -0.007475 -0.024851 -0.038615 -0.047905 0.001340 0.998104
7.583801 0.003164 -0.004249 -0.020504 -0.041152 -0.034756 -0.002883 0.998544
7.633801 0.019034 -0.004498 -0.016838 -0.042934 -0.020344 -0.006241 0.998851
7.683801 0.034484 -0.008237 -0.013537 -0.043271 -0.007821 -0.007502 0.999005
7.733801 0.050778 -0.014799 -0.012045 -0.040461 0.002305 -0.005852 0.999161
7.783801 0.066096 -0.023989 -0.011471 -0.037573 0.011627 -0.004069 0.999218
7.833801 0.080982 -0.033491 -0.011238 -0.032854 0.022733 -0.002062 0.999200
7.883801 0.095235 -0.045768 -0.012490 -0.027663 0.033640 -0.001688 0.999050
7.933801 0.106736 -0.058155 -0.014106 -0.020915 0.043284 -0.001393 0.998843
7.983801 0.117411 -0.071559 -0.015276 -0.016086 0.051480 -0.001190 0.998544
8.033801 0.124785 -0.083447 -0.014086 -0.012741 0.058737 -0.001245 0.998191
8.083801 0.130251 -0.095793 -0.014286 -0.009459 0.062455 -0.000892 0.998003
8.133801 0.132946 -0.108284 -0.015286 -0.006125 0.063143 0.000280 0.997986
8.183801 0.129007 -0.119458 -0.014381 -0.002996 0.063947 0.000686 0.997949
8.233801 0.125584 -0.129133 -0.015049 0.000224 0.061752 0.002320 0.998089
8.283801 0.118738 -0.138965 -0.016516 0.003440 0.058649 0.003436 0.998267
8.333801 0.106291 -0.148271 -0.014943 0.004716 0.055542 0.002957 0.998441
8.383801 0.094364 -0.155830 -0.015872 0.005851 0.052194 0.001690 0.998618
8.433801 0.080786 -0.160158 -0.014527 0.006459 0.050001 0.000013 0.998728
8.484662 0.064972 -0.162203 -0.014351 0.007025 0.047162 0.000187 0.998863
8.533801 0.048863 -0.164692 -0.012683 0.005058 0.038582 0.000313 0.999243
8.583801 0.033447 -0.161733 -0.013331 0.003806 0.027293 0.002224 0.999618
8.633801 0.016169 -0.156752 -0.014043 0.002002 0.015884 0.004553 0.999861
8.683801 -0.000432 -0.151301 -0.012681 -0.001062 0.004932 0.006195 0.999968
8.733801 -0.016255 -0.145036 -0.012693 -0.003423 -0.002409 0.006651 0.999969
8.783801 -0.029927 -0.139302 -0.011903 -0.005668 -0.007387 0.006596 0.999935
8.833801 -0.043828 -0.133297 -0.013415 -0.006261 -0.013757 0.005759 0.999869
8.883801 -0.056523 -0.128980 -0.015860 -0.006474 -0.021833 0.005215 0.999727
8.933801 -0.068713 -0.122989 -0.018898 -0.005395 -0.028743 0.005161 0.999559
8.983801 -0.078080 -0.117852 -0.021249 -0.005265 -0.035061 0.006822 0.999348
9.033801 -0.087092 -0.111797 -0.024746 -0.004855 -0.039885 0.009811 0.999144
9.083801 -0.092959 -0.106196 -0.028178 -0.004939 -0.047085 0.014588 0.998772
9.133801 -0.100365 -0.100153 -0.032269 -0.004969 -0.055469 0.020096 0.998246
9.183801 -0.106636 -0.092327 -0.037870 -0.005485 -0.064403 0.023608 0.997630
9.233801 -0.112381 -0.083243 -0.041285 -0.005944 -0.070848 0.026579 0.997115
9.283801 -0.114462 -0.074798 -0.043198 -0.007651 -0.075219 0.026140 0.996795
9.333801 -0.110483 -0.060344 -0.040453 -0.008981 -0.077856 0.022263 0.996676
9.383802 -0.108280 -0.048162 -0.037894 -0.014251 -0.075888 0.018710 0.996839
9.433802 -0.106104 -0.033825 -0.036478 -0.022536 -0.071413 0.014603 0.997085
9.483802 -0.098348 -0.021022 -0.032378 -0.031732 -0.066431 0.012752 0.997205
9.533802 -0.086890 -0.008448 -0.026265 -0.040262 -0.059230 0.010971 0.997372
9.583802 -0.076486 0.001782 -0.021193 -0.046049 -0.050669 0.008078 0.997621
9.633802 -0.063322 0.010915 -0.016018 -0.049643 -0.040300 0.007399 0.997926
9.683802 -0.048197 0.016965 -0.013457 -0.052111 -0.030720 0.008534 0.998132
9.733802 -0.032805 0.021964 -0.010283 -0.055455 -0.021409 0.009143 0.998190
9.783802 -0.016076 0.024688 -0.007697 -0.058690 -0.010072 0.009839 0.998177
9.833802 0.001294 0.026311 -0.004841 -0.060986 0.003148 0.009921 0.998084
9.883802 0.017955 0.024420 -0.002308 -0.061154 0.015070 0.008177 0.997981
9.933802 0.034836 0.021068 -0.000526 -0.059518 0.028003 0.004981 0.997822
9.983802 0.052017 0.015712 0.001223 -0.056036 0.040760 0.003197 0.997591
10.033802 0.066999 0.009057 0.002985 -0.054528 0.051790 0.000284 0.997168
10.083802 0.082275 -0.000312 0.004577 -0.052677 0.063051 -0.001878 0.996617
10.133802 0.096200 -0.011581 0.005904 -0.050378 0.073507 -0.004281 0.996012
10.183802 0.107680 -0.023162 0.007505 -0.048486 0.083194 -0.008268 0.995319
10.233802 0.118825 -0.035697 0.008718 -0.045568 0.091989 -0.012445 0.994639
10.283802 0.128816 -0.049683 0.010036 -0.042063 0.099640 -0.015549 0.994012
10.333802 0.135986 -0.064474 0.010536 -0.037778 0.104436 -0.017829 0.993654
10.383802 0.142253 -0.081183 0.010792 -0.033184 0.108777 -0.016481 0.993375
10.435560 0.146595 -0.097642 0.011152 -0.029310 0.114941 -0.014343 0.992836
10.483802 0.150506 -0.113004 0.011124 -0.025265 0.120568 -0.010933 0.992323
10.533802 0.152339 -0.126902 0.010231 -0.022217 0.121701 -0.006269 0.992298
10.583802 0.145905 -0.137427 0.011920 -0.020876 0.120018 -0.001232 0.992552
10.633802 0.135811 -0.149126 0.013409 -0.020839 0.114102 0.002110 0.993248
10.683802 0.124565 -0.156556 0.014054 -0.019571 0.108810 0.003486 0.993864
10.733802 0.114099 -0.162913 0.014032 -0.017696 0.103063 0.003508 0.994511
10.783802 0.100625 -0.167247 0.014111 -0.017237 0.098009 0.002205 0.995034
10.833802 0.084234 -0.170433 0.014233 -0.017748 0.091075 0.001042 0.995685
10.883802 0.068028 -0.171972 0.013677 -0.017704 0.082181 0.000412 0.996460
10.933802 0.049925 -0.172387 0.012997 -0.017606 0.072289 -0.000439 0.997228
10.983802 0.030801 -0.173844 0.012585 -0.018514 0.062630 -0.001545 0.997864
11.033802 0.012351 -0.173365 0.010886 -0.018681 0.051549 -0.001846 0.998494
11.083802 -0.007266 -0.171782 0.010069 -0.019199 0.041522 -0.002027 0.998951
11.133802 -0.025435 -0.169324 0.008821 -0.021095 0.031739 -0.002799 0.999270
11.183802 -0.042663 -0.165565 0.006891 -0.024214 0.021170 -0.004093 0.999474
11.233802 -0.059585 -0.162141 0.004971 -0.027850 0.010845 -0.004826 0.999542
11.283802 -0.076012 -0.157967 0.001778 -0.029105 0.001060 -0.004221 0.999567
11.333802 -0.090574 -0.153450 -0.001169 -0.029827 -0.007420 -0.002389 0.999525
11.383802 -0.105166 -0.146536 -0.005360 -0.029603 -0.015199 -0.001739 0.999445
11.433802 -0.117189 -0.138321 -0.008564 -0.030743 -0.023208 0.000484 0.999258
11.483802 -0.126177 -0.129795 -0.011942 -0.033516 -0.031873 0.004320 0.998921
11.533802 -0.132852 -0.118209 -0.013552 -0.036701 -0.034307 0.006911 0.998713
11.583802 -0.134969 -0.104184 -0.015034 -0.037855 -0.036383 0.007226 0.998595
11.633802 -0.138610 -0.091775 -0.017776 -0.038165 -0.037531 0.008468 0.998531
11.683802 -0.140989 -0.078937 -0.020634 -0.038117 -0.041300 0.010917 0.998360
11.733802 -0.143873 -0.065670 -0.024786 -0.039765 -0.046335 0.013037 0.998049
11.783802 -0.144178 -0.052253 -0.026880 -0.042233 -0.048718 0.013259 0.997831
11.833802 -0.141956 -0.038151 -0.028102 -0.043224 -0.046945 0.011993 0.997890
11.883802 -0.135020 -0.023764 -0.029639 -0.042912 -0.045771 0.009635 0.997983
11.933802 -0.126953 -0.011853 -0.029823 -0.045255 -0.043534 0.009088 0.997985
11.983802 -0.118072 -0.000516 -0.030970 -0.049119 -0.042680 0.009792 0.997833
12.033802 -0.107733 0.010354 -0.031542 -0.053116 -0.043476 0.009824 0.997593
12.083802 -0.094043 0.019706 -0.031011 -0.056736 -0.041512 0.009845 0.997477
12.133802 -0.078550 0.027144 -0.029336 -0.058791 -0.033964 0.009096 0.997651
12.183802 -0.058323 0.033144 -0.026635 -0.059246 -0.021562 0.006858 0.997987
12.233802 -0.038198 0.036660 -0.023658 -0.059861 -0.007054 0.004714 0.998171
12.283802 -0.017787 0.038085 -0.021574 -0.060297 0.004562 0.003391 0.998164
12.333802 0.002126 0.037099 -0.020701 -0.059680 0.013039 0.003883 0.998125
12.383802 0.019831 0.034574 -0.019697 -0.059590 0.021591 0.005014 0.997977
12.433802 0.037076 0.029480 -0.018037 -0.059248 0.031770 0.005034 0.997725
12.483802 0.054758 0.022610 -0.017768 -0.059834 0.039761 0.003052 0.997411
12.533802 0.071784 0.015897 -0.015785 -0.058663 0.049774 0.000568 0.997036
12.583802 0.088737 0.006221 -0.014645 -0.056016 0.060036 -0.000552 0.996623
12.633802 0.104520 -0.004135 -0.012381 -0.052799 0.072784 -0.002126 0.995947
12.683802 0.119461 -0.015986 -0.011624 -0.049732 0.082756 -0.004996 0.995316
12.733802 0.131228 -0.027001 -0.010387 -0.046590 0.089867 -0.007014 0.994839
12.783802 0.141031 -0.039789 -0.008910 -0.044748 0.093156 -0.007239 0.994619
12.833802 0.148360 -0.052272 -0.006948 -0.042977 0.096444 -0.007137 0.994385
12.883802 0.155937 -0.066493 -0.004954 -0.040430 0.102752 -0.006726 0.993862
12.933802 0.162076 -0.080217 -0.003260 -0.037462 0.109997 -0.006250 0.993206
12.983802 0.165401 -0.094088 -0.001905 -0.034728 0.114042 -0.005717 0.992852
13.033802 0.166028 -0.108718 -0.000229 -0.033800 0.116035 -0.002741 0.992666
13.083802 0.163703 -0.122095 0.001593 -0.034739 0.114487 0.001919 0.992815
13.133802 0.159102 -0.137017 0.004198 -0.037011 0.111299 0.007717 0.993068
13.183802 0.153413 -0.151730 0.007232 -0.039125 0.107307 0.014803 0.993346
13.233802 0.146728 -0.165563 0.009403 -0.040081 0.104327 0.020371 0.993526
13.283802 0.138398 -0.181256 0.014105 -0.041460 0.104717 0.021743 0.993400
13.333802 0.130294 -0.193811 0.016153 -0.036179 0.107420 0.018825 0.993377
13.383802 0.119332 -0.207738 0.019451 -0.032790 0.112312 0.012822 0.993049
13.433802 0.104977 -0.217284 0.020914 -0.030554 0.110976 0.011355 0.993289
13.483802 0.091967 -0.228161 0.022427 -0.034874 0.099775 0.014238 0.994297
13.533802 0.073528 -0.236699 0.023616 -0.038439 0.086621 0.018456 0.995328
13.583802 0.052679 -0.242912 0.024830 -0.040627 0.074754 0.020831 0.996156
13.633802 0.032072 -0.247365 0.023609 -0.040942 0.066384 0.020632 0.996740
13.683802 0.012929 -0.251816 0.022076 -0.040548 0.059468 0.019185 0.997222
13.733802 -0.008093 -0.252247 0.019129 -0.039945 0.054845 0.018422 0.997526
13.783802 -0.028664 -0.247081 0.015654 -0.038116 0.050015 0.019547 0.997829
13.833802 -0.046957 -0.242354 0.012331 -0.038192 0.042005 0.022017 0.998144
13.883802 -0.067732 -0.234391 0.007212 -0.035883 0.032586 0.022644 0.998568
13.933802 -0.085878 -0.224408 0.003780 -0.034198 0.024912 0.023536 0.998827
13.983802 -0.102781 -0.212522 0.000095 -0.032987 0.018055 0.023049 0.999027
14.033802 -0.118867 -0.199029 -0.003400 -0.033146 0.011294 0.021911 0.999146
14.083802 -0.133727 -0.185577 -0.006608 -0.033666 0.005977 0.020064 0.999214
14.133802 -0.147971 -0.171075 -0.009189 -0.034440 0.002386 0.020246 0.999199
14.183802 -0.161225 -0.157569 -0.012741 -0.035227 -0.002645 0.020163 0.999172
14.233802 -0.171575 -0.143461 -0.016423 -0.033882 -0.010859 0.022489 0.999114
14.283802 -0.180984 -0.127917 -0.021029 -0.033024 -0.018318 0.024274 0.998992
14.333802 -0.186955 -0.114076 -0.024809 -0.032875 -0.022671 0.027166 0.998833
14.383802 -0.188024 -0.098746 -0.028025 -0.030429 -0.023371 0.029181 0.998838
14.433802 -0.186365 -0.081268 -0.030264 -0.026457 -0.023811 0.028502 0.998960
14.483802 -0.183368 -0.065124 -0.031869 -0.024925 -0.023116 0.026769 0.999063
14.533802 -0.181696 -0.050716 -0.034899 -0.026609 -0.019847 0.023130 0.999181
14.583802 -0.175902 -0.032219 -0.035006 -0.027941 -0.017522 0.018854 0.999278
14.633802 -0.167389 -0.016312 -0.035018 -0.029792 -0.014831 0.015820 0.999321
14.683802 -0.157798 -0.002207 -0.034986 -0.031063 -0.015205 0.010495 0.999347
14.733802 -0.146344 0.008184 -0.034539 -0.031834 -0.014554 0.004579 0.999377
14.783802 -0.131829 0.019654 -0.032852 -0.029304 -0.012889 -0.001511 0.999486
14.833802 -0.115544 0.026896 -0.030760 -0.027140 -0.007031 -0.006929 0.999583
14.883802 -0.097244 0.031354 -0.027721 -0.024098 0.002707 -0.008762 0.999668
14.933802 -0.077485 0.034251 -0.024127 -0.025527 0.009483 -0.008536 0.999593
14.983802 -0.058508 0.036576 -0.021729 -0.029233 0.010445 -0.007362 0.999491
15.033802 -0.037264 0.037962 -0.019443 -0.031036 0.014415 -0.006480 0.999393
15.083802 -0.014545 0.038014 -0.018231 -0.031977 0.020934 -0.008282 0.999235
15.133802 0.007944 0.034961 -0.016255 -0.033631 0.025115 -0.009879 0.999070
15.183802 0.028306 0.030574 -0.013856 -0.039175 0.025309 -0.010947 0.998852
15.233802 0.050354 0.022071 -0.012035 -0.041471 0.031168 -0.006483 0.998632
15.283802 0.072985 0.011900 -0.010222 -0.043149 0.042471 -0.003599 0.998159
15.333802 0.095044 -0.001156 -0.007949 -0.040872 0.057143 0.001466 0.997528
15.383802 0.116512 -0.016782 -0.005559 -0.039385 0.071157 0.006306 0.996667
15.433802 0.136607 -0.032445 -0.004064 -0.036283 0.086240 0.011435 0.995548
15.483802 0.152323 -0.049075 -0.003434 -0.034854 0.096210 0.014138 0.994650
15.533802 0.163594 -0.064740 -0.004363 -0.033487 0.100945 0.012490 0.994250
15.583802 0.172640 -0.082307 -0.004656 -0.032470 0.105385 0.010945 0.993841
15.633802 0.178431 -0.100265 -0.005249 -0.031948 0.106863 0.010104 0.993709
15.683802 0.180659 -0.118561 -0.005869 -0.033119 0.106984 0.010416 0.993654
15.733802 0.178713 -0.136393 -0.006739 -0.030438 0.107628 0.013281 0.993636
15.783802 0.174625 -0.154592 -0.007285 -0.027153 0.108748 0.015092 0.993584
15.833802 0.169658 -0.173887 -0.007797 -0.027023 0.110511 0.016124 0.993377
15.883802 0.158614 -0.191137 -0.008412 -0.024964 0.111825 0.016877 0.993271
15.933802 0.146132 -0.204446 -0.008511 -0.020763 0.111820 0.018641 0.993337
15.983802 0.124070 -0.218388 -0.011133 -0.018896 0.107311 0.017718 0.993888
16.033802 0.099967 -0.229576 -0.014464 -0.017692 0.097513 0.015887 0.994950
16.083802 0.074505 -0.237346 -0.017788 -0.013918 0.087595 0.014653 0.995951
16.135932 0.047351 -0.244940 -0.021761 -0.008933 0.080555 0.012556 0.996631
16.183802 0.019653 -0.249508 -0.026143 -0.002387 0.073446 0.010298 0.997243
16.233802 -0.009769 -0.252365 -0.029862 0.003149 0.063139 0.008440 0.997964
16.283802 -0.041759 -0.254227 -0.033542 0.006207 0.051315 0.006913 0.998639
16.333802 -0.069499 -0.248298 -0.039489 0.008267 0.037164 0.009075 0.999234
16.383802 -0.098080 -0.241307 -0.043980 0.006501 0.021836 0.010771 0.999682
16.433802 -0.124935 -0.232675 -0.049517 0.000531 -0.000112 0.010172 0.999948
16.483802 -0.151142 -0.224552 -0.054021 -0.007765 -0.022945 0.009060 0.999666
16.533802 -0.173381 -0.209607 -0.060136 -0.010670 -0.043959 0.012267 0.998901
16.583802 -0.191663 -0.200330 -0.064344 -0.013692 -0.060758 0.019812 0.997862
16.633802 -0.207718 -0.181399 -0.069275 -0.011862 -0.069479 0.021593 0.997279
16.683802 -0.217474 -0.171531 -0.070377 -0.014635 -0.072203 0.019568 0.997091
16.733802 -0.225830 -0.156218 -0.072497 -0.014740 -0.072882 0.019516 0.997041
16.783802 -0.229733 -0.136845 -0.073373 -0.012897 -0.077406 0.019550 0.996725
16.833802 -0.236047 -0.127632 -0.076918 -0.015399 -0.079313 0.020508 0.996520
16.883802 -0.239532 -0.113106 -0.079320 -0.015261 -0.079883 0.019967 0.996487
16.933802 -0.237718 -0.099736 -0.076664 -0.020669 -0.080526 0.018460 0.996367
16.983802 -0.232435 -0.080372 -0.076580 -0.022320 -0.078401 0.017148 0.996525
17.033802 -0.226472 -0.063780 -0.075339 -0.024816 -0.073245 0.012675 0.996925
17.083802 -0.218356 -0.047980 -0.074486 -0.027735 -0.063222 0.006636 0.997592
17.133802 -0.205880 -0.032390 -0.072162 -0.030817 -0.055811 0.002768 0.997962
17.183802 -0.192665 -0.017611 -0.069239 -0.036314 -0.048590 0.002405 0.998156
17.233802 -0.179225 -0.005965 -0.067241 -0.041629 -0.042959 0.004335 0.998200
17.283802 -0.165269 0.005141 -0.065343 -0.047055 -0.036814 0.002865 0.998210
17.333802 -0.146025 0.015285 -0.059542 -0.051192 -0.026592 0.002273 0.998332
17.383802 -0.124978 0.024677 -0.054001 -0.053274 -0.012766 0.002092 0.998496
17.433802 -0.102579 0.031775 -0.048489 -0.055628 0.001618 0.002900 0.998446
17.483802 -0.079422 0.036477 -0.042787 -0.058028 0.016542 0.005595 0.998162
17.533802 -0.056058 0.039421 -0.037755 -0.061103 0.031294 0.007894 0.997610
17.583802 -0.033289 0.040960 -0.032891 -0.064421 0.044656 0.010089 0.996872
17.633802 -0.011013 0.040185 -0.028763 -0.066048 0.056687 0.014943 0.996093
17.683802 0.010158 0.039189 -0.024367 -0.069675 0.065777 0.015473 0.995279
17.733802 0.031110 0.037627 -0.020485 -0.072122 0.074899 0.015121 0.994465
17.783802 0.052307 0.035854 -0.016779 -0.073880 0.086963 0.014617 0.993361
17.833802 0.072693 0.032743 -0.013829 -0.073793 0.096536 0.015077 0.992476
17.883802 0.091656 0.029379 -0.011091 -0.073259 0.105538 0.014352 0.991609
17.935920 0.108254 0.023909 -0.008460 -0.072694 0.112856 0.012754 0.990867
17.983802 0.124437 0.016915 -0.007090 -0.071749 0.121561 0.010979 0.989927
18.033802 0.138387 0.008228 -0.005821 -0.069906 0.130102 0.009050 0.988992
18.083802 0.150100 -0.001848 -0.005734 -0.067279 0.136011 0.007553 0.988391
18.133802 0.158922 -0.013812 -0.005580 -0.064913 0.139000 0.007440 0.988135
18.183802 0.165494 -0.026495 -0.006088 -0.061777 0.141054 0.007275 0.988046
18.233802 0.170496 -0.039019 -0.006908 -0.058513 0.141698 0.007933 0.988147
18.283802 0.173762 -0.053630 -0.008268 -0.055158 0.140545 0.009947 0.988487
18.333802 0.175591 -0.069423 -0.009654 -0.050677 0.139021 0.011990 0.988919
18.383802 0.175005 -0.084834 -0.011267 -0.046624 0.139796 0.012339 0.989005
18.433802 0.168901 -0.098848 -0.011704 -0.042207 0.141797 0.012388 0.988918
18.483802 0.163938 -0.112732 -0.012075 -0.039520 0.140500 0.012276 0.989215
18.533802 0.157744 -0.126932 -0.012807 -0.036324 0.136793 0.010358 0.989879
18.583802 0.148521 -0.139319 -0.013319 -0.032932 0.134489 0.009432 0.990323
18.633802 0.137332 -0.150941 -0.014788 -0.029730 0.131684 0.009862 0.990797
18.683802 0.123686 -0.159053 -0.016973 -0.026477 0.126685 0.011080 0.991528
18.733802 0.106346 -0.168080 -0.018482 -0.025274 0.115461 0.011888 0.992919
18.783802 0.085206 -0.174722 -0.020175 -0.023223 0.102719 0.011780 0.994370
18.833802 0.065236 -0.177318 -0.022149 -0.019804 0.087874 0.011972 0.995863
18.883802 0.045740 -0.176324 -0.022776 -0.018672 0.077452 0.013031 0.996736
18.933802 0.026434 -0.173881 -0.022770 -0.019357 0.069360 0.015903 0.997277
18.983802 0.008038 -0.168652 -0.022431 -0.020028 0.060176 0.015881 0.997860
19.033802 -0.010969 -0.162785 -0.021300 -0.021098 0.051203 0.013036 0.998380
19.083802 -0.028724 -0.156376 -0.020629 -0.020300 0.042997 0.009307 0.998826
19.133802 -0.043929 -0.150887 -0.020328 -0.017517 0.035622 0.006753 0.999189
19.183802 -0.056727 -0.146386 -0.020447 -0.013229 0.028401 0.006424 0.999488
19.233802 -0.067804 -0.141986 -0.021456 -0.008667 0.019403 0.007960 0.999743
19.285439 -0.077639 -0.136900 -0.021281 -0.004448 0.012823 0.010647 0.999851
19.333802 -0.081732 -0.131019 -0.020251 0.001266 0.009901 0.013494 0.999859
19.383802 -0.086147 -0.126364 -0.019846 0.007817 0.010630 0.013186 0.999826
19.433802 -0.089919 -0.120918 -0.018610 0.014004 0.011421 0.013235 0.999749
19.483802 -0.092157 -0.115556 -0.017052 0.016284 0.011551 0.010186 0.999749
19.533802 -0.095231 -0.109568 -0.014490 0.017340 0.014752 0.005715 0.999725
19.583802 -0.096342 -0.104689 -0.010778 0.016522 0.019895 0.000660 0.999665
19.637948 -0.096415 -0.096100 -0.004770 0.014143 0.023916 -0.006221 0.999595
19.683802 -0.099097 -0.086239 -0.001528 0.011311 0.024503 -0.010061 0.999585
19.733802 -0.104820 -0.075101 0.000480 0.011252 0.019044 -0.009731 0.999708
19.783802 -0.109383 -0.063872 0.003643 0.014153 0.009047 -0.005354 0.999845
19.833909 -0.116104 -0.052592 0.005079 0.013469 -0.003658 -0.001806 0.999901
19.883802 -0.121166 -0.038703 0.006885 0.009398 -0.016217 0.000035 0.999824
19.933802 -0.122010 -0.024624 0.009389 0.001806 -0.025921 0.001275 0.999662
19.983802 -0.119356 -0.011735 0.011848 -0.004152 -0.028166 -0.000086 0.999595
20.033802 -0.112460 -0.001820 0.014992 -0.008354 -0.026788 -0.002275 0.999604
20.083802 -0.104062 0.007234 0.017772 -0.015276 -0.024881 -0.002790 0.999570
20.133802 -0.092500 0.014661 0.020665 -0.020821 -0.021685 -0.001816 0.999546
20.183802 -0.079938 0.019998 0.021485 -0.023168 -0.016465 -0.002128 0.999594
20.233802 -0.065671 0.024425 0.022513 -0.023368 -0.009795 -0.003192 0.999674
20.283802 -0.050454 0.026768 0.022464 -0.024315 -0.001761 -0.005959 0.999685
20.333802 -0.036499 0.027566 0.019513 -0.025049 0.003220 -0.008018 0.999649
20.383802 -0.021814 0.027420 0.017365 -0.025984 0.009565 -0.008033 0.999584
20.433802 -0.007585 0.026866 0.014512 -0.027308 0.014777 -0.008222 0.999484
20.483802 0.006981 0.025802 0.010843 -0.028570 0.018630 -0.008110 0.999385
20.533802 0.021894 0.025935 0.008072 -0.030829 0.023671 -0.011140 0.999182
20.586262 0.038363 0.025089 0.005526 -0.031617 0.032482 -0.013051 0.998887
20.633802 0.055582 0.022792 0.002334 -0.031656 0.041702 -0.013957 0.998531
20.683802 0.072866 0.020708 -0.000164 -0.031626 0.050678 -0.013687 0.998120
20.733802 0.089770 0.018195 -0.002970 -0.032351 0.057989 -0.014190 0.997692
20.783802 0.105516 0.015089 -0.004504 -0.032114 0.064600 -0.014863 0.997284
20.833802 0.120099 0.010777 -0.006005 -0.029693 0.069591 -0.014069 0.997034
20.883802 0.133682 0.005708 -0.006221 -0.028449 0.074754 -0.013873 0.996700
20.933802 0.145856 -0.001223 -0.006010 -0.027451 0.080043 -0.014488 0.996308
20.983802 0.158319 -0.008794 -0.004791 -0.028332 0.081814 -0.015328 0.996127
21.033802 0.169881 -0.016707 -0.002332 -0.029368 0.082062 -0.015711 0.996071
21.083802 0.182708 -0.026500 0.001875 -0.032211 0.082276 -0.016361 0.995955
21.133802 0.197913 -0.035838 0.006924 -0.034757 0.089313 -0.017794 0.995238
21.183802 0.215477 -0.047925 0.011727 -0.032861 0.103058 -0.018992 0.993951
21.233802 0.231647 -0.061243 0.017131 -0.030219 0.117797 -0.020309 0.992370
21.283802 0.245445 -0.073624 0.021642 -0.029011 0.128340 -0.019910 0.991106
21.333802 0.255795 -0.087058 0.024628 -0.027324 0.133655 -0.016062 0.990521
21.383802 0.265533 -0.100781 0.027528 -0.024695 0.131517 -0.008837 0.990967
21.433802 0.268902 -0.113319 0.029554 -0.024538 0.124796 -0.001074 0.991878
21.483802 0.269839 -0.123498 0.031947 -0.025627 0.118361 0.005283 0.992626
21.533802 0.270951 -0.137573 0.035631 -0.026963 0.115740 0.011301 0.992849
21.583802 0.269782 -0.145241 0.038867 -0.026583 0.116105 0.014065 0.992782
21.633802 0.266973 -0.153742 0.041007 -0.027867 0.115195 0.016164 0.992820
21.683802 0.261262 -0.161743 0.043584 -0.029033 0.111121 0.016884 0.993239
21.733802 0.249818 -0.170946 0.047033 -0.032253 0.109044 0.016438 0.993378
21.783802 0.239437 -0.176377 0.047940 -0.033864 0.106188 0.015868 0.993643
21.833802 0.225726 -0.181088 0.049562 -0.034580 0.102277 0.014237 0.994053
21.883802 0.208404 -0.185162 0.049577 -0.033915 0.096260 0.012319 0.994702
21.933802 0.189118 -0.188039 0.047961 -0.032333 0.085939 0.012472 0.995697
21.983802 0.170596 -0.190660 0.046530 -0.033021 0.075619 0.012669 0.996509
22.033802 0.152295 -0.191904 0.044095 -0.032398 0.064888 0.012461 0.997289
22.083802 0.133407 -0.192168 0.041452 -0.030303 0.057297 0.011729 0.997828
22.133802 0.115044 -0.192481 0.038158 -0.027721 0.048902 0.012310 0.998343
22.183802 0.094538 -0.190511 0.034363 -0.025356 0.039011 0.014216 0.998816
22.233802 0.075256 -0.188122 0.030348 -0.023904 0.026483 0.017867 0.999204
22.283802 0.056620 -0.184629 0.025043 -0.020742 0.010665 0.023760 0.999446
22.333802 0.037584 -0.181434 0.018568 -0.018166 -0.005056 0.028911 0.999404
22.383802 0.021224 -0.175197 0.012323 -0.015822 -0.020559 0.031726 0.999160
22.433802 0.006115 -0.167848 0.005632 -0.013562 -0.030189 0.032792 0.998914
22.485324 -0.001955 -0.156680 0.002519 -0.010995 -0.034225 0.031633 0.998853
22.533802 -0.010132 -0.146017 -0.002545 -0.010791 -0.035982 0.030668 0.998823
22.583802 -0.015851 -0.133688 -0.005308 -0.012199 -0.038225 0.030630 0.998725
22.633802 -0.020058 -0.121146 -0.007852 -0.017515 -0.041151 0.030445 0.998535
22.683802 -0.023324 -0.105845 -0.011563 -0.022870 -0.044685 0.028006 0.998347
22.733802 -0.023746 -0.092238 -0.014017 -0.028387 -0.048122 0.025741 0.998106
22.783802 -0.020666 -0.079492 -0.014873 -0.033143 -0.048919 0.022788 0.997993
22.833802 -0.015268 -0.067277 -0.015645 -0.036643 -0.046585 0.020349 0.998035
22.883802 -0.005034 -0.057152 -0.016191 -0.039929 -0.041043 0.020431 0.998150
22.933802 0.005962 -0.046830 -0.016525 -0.043880 -0.034150 0.019362 0.998265
22.983802 0.018872 -0.036445 -0.017150 -0.048605 -0.027610 0.019479 0.998246
23.033802 0.033834 -0.027234 -0.016994 -0.053626 -0.019426 0.022021 0.998129
23.083802 0.050272 -0.019484 -0.016770 -0.057088 -0.009501 0.026011 0.997985
23.133802 0.067965 -0.013799 -0.016794 -0.058403 0.000188 0.030268 0.997834
23.183802 0.085750 -0.009674 -0.017190 -0.060355 0.011872 0.032638 0.997573
23.233802 0.102938 -0.007301 -0.017822 -0.061717 0.022441 0.033402 0.997282
23.283802 0.118975 -0.005140 -0.019044 -0.061595 0.030679 0.031847 0.997121
23.333802 0.134909 -0.004947 -0.020007 -0.060959 0.038532 0.028798 0.996980
23.383802 0.150400 -0.007174 -0.020327 -0.060469 0.046485 0.026180 0.996743
23.433802 0.165604 -0.010439 -0.019980 -0.058703 0.054786 0.024029 0.996481
23.483802 0.181547 -0.016226 -0.019669 -0.057373 0.062933 0.022577 0.996112
23.533802 0.196817 -0.022877 -0.019034 -0.054262 0.070909 0.021846 0.995766
23.583802 0.211942 -0.030827 -0.017342 -0.052241 0.078411 0.021413 0.995321
23.633802 0.227634 -0.038964 -0.014809 -0.050580 0.088299 0.022122 0.994563
23.683802 0.242728 -0.047508 -0.012150 -0.048578 0.100067 0.022582 0.993538
23.733802 0.257044 -0.057535 -0.009604 -0.045710 0.111805 0.021670 0.992442
23.783802 0.268393 -0.067694 -0.006248 -0.043047 0.121466 0.020461 0.991451
23.833802 0.278521 -0.077490 -0.003250 -0.042338 0.128921 0.020156 0.990546
23.883802 0.287454 -0.088124 -0.000713 -0.040517 0.134765 0.021165 0.989823
23.933802 0.295020 -0.098016 0.002499 -0.039608 0.140839 0.021499 0.989006
23.983802 0.300670 -0.107119 0.004091 -0.038535 0.143480 0.023189 0.988631
24.033802 0.305052 -0.120035 0.007857 -0.038323 0.145112 0.025761 0.988337
24.083802 0.306992 -0.131098 0.011879 -0.038358 0.146510 0.028076 0.988066
24.133802 0.306555 -0.142045 0.016352 -0.038545 0.150413 0.028566 0.987459
24.183802 0.303593 -0.152390 0.020444 -0.039607 0.152233 0.027083 0.987179
24.233802 0.294710 -0.161482 0.027985 -0.041212 0.151657 0.024757 0.987263
24.283802 0.286827 -0.170618 0.032751 -0.042034 0.147780 0.023497 0.987847
24.333802 0.277740 -0.180385 0.037745 -0.041387 0.143742 0.023400 0.988473
24.383802 0.266821 -0.187450 0.040530 -0.039970 0.138139 0.024789 0.989296
24.433802 0.253881 -0.192383 0.042505 -0.038839 0.131520 0.026232 0.990205
24.483802 0.240782 -0.193993 0.044537 -0.038540 0.122804 0.027974 0.991288
24.533802 0.226353 -0.190838 0.047406 -0.038734 0.112677 0.030571 0.992406
24.583802 0.213617 -0.185164 0.048407 -0.041674 0.099961 0.032976 0.993571
24.633802 0.203657 -0.176870 0.049474 -0.045186 0.090433 0.034989 0.994262
24.683802 0.195426 -0.166494 0.051201 -0.050133 0.085906 0.035846 0.994395
24.733802 0.190790 -0.154835 0.052430 -0.056254 0.084922 0.035632 0.994160
24.783802 0.187228 -0.140293 0.052550 -0.061265 0.084946 0.034316 0.993908
24.833802 0.184615 -0.127226 0.052077 -0.067044 0.085049 0.032370 0.993591
24.883802 0.181943 -0.113587 0.049870 -0.071156 0.082453 0.029442 0.993615
24.935005 0.180959 -0.101682 0.046449 -0.073641 0.079497 0.026218 0.993766
24.983802 0.181429 -0.091112 0.043990 -0.076685 0.079408 0.025361 0.993565
25.033802 0.183541 -0.081720 0.040610 -0.079398 0.081593 0.024548 0.993195
25.083802 0.190279 -0.072593 0.035851 -0.079694 0.084902 0.023971 0.992908
25.133802 0.197119 -0.065783 0.030573 -0.079100 0.089843 0.023351 0.992535
25.183802 0.205327 -0.059857 0.025754 -0.077706 0.094422 0.024648 0.992189
25.233802 0.215084 -0.055566 0.021131 -0.076730 0.099902 0.026550 0.991679
25.283802 0.226074 -0.051540 0.016938 -0.075481 0.106591 0.027352 0.991057
25.333802 0.237666 -0.048406 0.012723 -0.074363 0.113940 0.027072 0.990331
25.383802 0.250197 -0.046679 0.009386 -0.072024 0.120954 0.026715 0.989681
25.433802 0.262826 -0.047007 0.006584 -0.070495 0.128021 0.025831 0.988926
25.483802 0.275094 -0.050587 0.005753 -0.069658 0.136528 0.024956 0.987869
25.533802 0.289336 -0.055554 0.005338 -0.068374 0.147199 0.023646 0.986458
25.583802 0.304269 -0.062298 0.005539 -0.067039 0.159707 0.022383 0.984631
25.633802 0.318992 -0.069901 0.007210 -0.065111 0.171346 0.021681 0.982818
25.683802 0.332202 -0.079373 0.009103 -0.064528 0.179861 0.022593 0.981313
25.733802 0.343569 -0.088857 0.012345 -0.064433 0.185616 0.024510 0.980201
25.783802 0.354745 -0.100550 0.015284 -0.063879 0.191435 0.027311 0.979044
25.833802 0.363666 -0.113432 0.018477 -0.061256 0.197696 0.030136 0.977883
25.883802 0.371265 -0.126976 0.020464 -0.057361 0.202007 0.033300 0.977136
25.933802 0.375826 -0.141841 0.022622 -0.053346 0.203114 0.036111 0.977034
25.983802 0.379191 -0.155529 0.025408 -0.049573 0.204013 0.038595 0.976950
26.033802 0.379539 -0.169554 0.029927 -0.046549 0.206897 0.039887 0.976440
26.083802 0.378912 -0.180716 0.034260 -0.044678 0.209140 0.039055 0.976084
26.133802 0.373403 -0.190571 0.040674 -0.045552 0.209791 0.037455 0.975966
26.183802 0.366077 -0.198862 0.046772 -0.046272 0.208314 0.035041 0.976338
26.233802 0.356172 -0.206009 0.052383 -0.045870 0.203139 0.034170 0.977478
26.283802 0.344082 -0.210612 0.058869 -0.045576 0.196883 0.034674 0.978753
26.333802 0.329033 -0.213458 0.065698 -0.046940 0.189994 0.035086 0.980035
26.383802 0.314299 -0.214373 0.071767 -0.049218 0.180974 0.034584 0.981647
26.435173 0.299130 -0.213728 0.077577 -0.050242 0.174194 0.035817 0.982776
26.483802 0.281244 -0.212564 0.084244 -0.052134 0.168231 0.037481 0.983654
26.533802 0.260985 -0.207919 0.089663 -0.055259 0.157681 0.039065 0.985169
26.583802 0.241038 -0.199320 0.093335 -0.058482 0.145143 0.040646 0.986844
26.633802 0.220008 -0.191001 0.096780 -0.061976 0.131602 0.041381 0.988498
26.683802 0.200601 -0.180163 0.099164 -0.065330 0.120440 0.040534 0.989739
26.733802 0.182545 -0.169506 0.100245 -0.067362 0.112454 0.036928 0.990683
26.783802 0.166404 -0.158684 0.100601 -0.067532 0.105887 0.031990 0.991567
26.833802 0.151484 -0.148258 0.099340 -0.066719 0.099495 0.026139 0.992455
26.883802 0.137906 -0.139416 0.098325 -0.066288 0.094800 0.021490 0.993054
26.933802 0.126518 -0.130659 0.095129 -0.065042 0.087697 0.019509 0.993830
26.983802 0.117879 -0.120838 0.090307 -0.062366 0.080097 0.020103 0.994631
27.037483 0.111092 -0.112321 0.086812 -0.060108 0.076096 0.019952 0.995087
27.083802 0.107573 -0.104167 0.083281 -0.059170 0.076229 0.019801 0.995136
27.133802 0.109415 -0.094106 0.079947 -0.059487 0.078892 0.017502 0.994953
27.183802 0.113225 -0.083891 0.076456 -0.062026 0.082675 0.014782 0.994535
27.233802 0.119675 -0.073487 0.073461 -0.064201 0.086983 0.013914 0.994042
27.283802 0.129672 -0.065195 0.070699 -0.068133 0.091140 0.015233 0.993388
27.333802 0.143219 -0.057482 0.068296 -0.072934 0.096901 0.017758 0.992459
27.383802 0.161208 -0.050442 0.066394 -0.075724 0.109572 0.020759 0.990873
27.433802 0.180098 -0.045980 0.064577 -0.079244 0.122682 0.023940 0.988988
27.483802 0.198091 -0.042662 0.063255 -0.080540 0.131411 0.028746 0.987633
27.533802 0.214868 -0.041909 0.061670 -0.081647 0.136326 0.034666 0.986685
27.583802 0.231484 -0.043197 0.060846 -0.081713 0.142360 0.041094 0.985580
27.633802 0.249007 -0.045684 0.060628 -0.081209 0.152299 0.044821 0.983972
27.683802 0.266769 -0.050732 0.059971 -0.080331 0.164226 0.045709 0.982083
27.733802 0.285027 -0.057652 0.060310 -0.079662 0.176452 0.046858 0.979961
27.783802 0.302835 -0.067858 0.059936 -0.077703 0.187345 0.047019 0.978086
27.833802 0.318063 -0.078925 0.058945 -0.072969 0.197744 0.043263 0.976576
27.883802 0.330174 -0.090328 0.058293 -0.070339 0.204374 0.038639 0.975598
27.933802 0.339217 -0.101206 0.057563 -0.068880 0.204488 0.036446 0.975762
27.983802 0.346725 -0.112112 0.058208 -0.069167 0.202482 0.036722 0.976150
28.033802 0.355069 -0.124809 0.058507 -0.067797 0.203278 0.036371 0.976094
28.083802 0.363699 -0.136510 0.059855 -0.066530 0.210919 0.033854 0.974649
28.133802 0.370198 -0.147541 0.060905 -0.063584 0.221882 0.028494 0.972581
28.183802 0.373145 -0.160441 0.062807 -0.060317 0.229464 0.023959 0.971151
28.233802 0.371001 -0.171987 0.064220 -0.056824 0.228298 0.019945 0.971727
28.283802 0.362709 -0.183294 0.067381 -0.055989 0.221483 0.018069 0.973388
28.333802 0.351877 -0.193743 0.070678 -0.055106 0.211312 0.017670 0.975704
28.383802 0.338388 -0.202884 0.074198 -0.052653 0.201239 0.017411 0.977971
28.433802 0.324096 -0.212365 0.078875 -0.051434 0.195503 0.016090 0.979221
28.483802 0.308440 -0.219564 0.083531 -0.050791 0.189620 0.012393 0.980465
28.533802 0.290681 -0.225899 0.088946 -0.051171 0.183383 0.008667 0.981671
28.583802 0.270261 -0.231658 0.093400 -0.051730 0.175096 0.005803 0.983174
28.633802 0.248196 -0.236254 0.096434 -0.051085 0.164508 0.004193 0.985043
28.685966 0.225453 -0.239162 0.096813 -0.048750 0.151808 0.003700 0.987200
28.733802 0.200197 -0.241637 0.095300 -0.045134 0.139876 0.002264 0.989137
28.783802 0.175460 -0.243834 0.093144 -0.041582 0.126006 0.002444 0.991155
28.833802 0.149959 -0.243588 0.089641 -0.037289 0.112384 0.004815 0.992953
28.883802 0.125472 -0.243299 0.084676 -0.035304 0.096642 0.005748 0.994676
28.933802 0.099044 -0.239315 0.079684 -0.033461 0.080903 0.004810 0.996149
28.983802 0.078264 -0.232506 0.074520 -0.032167 0.066312 0.003911 0.997273
29.033802 0.055554 -0.223274 0.069649 -0.031756 0.054789 0.002179 0.997990
29.083802 0.035042 -0.212431 0.066670 -0.034914 0.042680 -0.000637 0.998478
29.133802 0.016882 -0.201133 0.064622 -0.039773 0.031646 -0.005039 0.998695
29.183802 0.000993 -0.188289 0.063645 -0.044067 0.024643 -0.009543 0.998679
29.233802 -0.011784 -0.176152 0.063627 -0.047620 0.021933 -0.012942 0.998541
29.283802 -0.020909 -0.164496 0.062696 -0.051034 0.018537 -0.014892 0.998414
29.333802 -0.029728 -0.151984 0.061923 -0.053117 0.014386 -0.016343 0.998351
29.383802 -0.035694 -0.142596 0.060247 -0.053678 0.011090 -0.017045 0.998351
29.433802 -0.041635 -0.129128 0.059267 -0.054047 0.009733 -0.018175 0.998326
29.483802 -0.043459 -0.117056 0.057260 -0.058268 0.008524 -0.018633 0.998091
29.533802 -0.043130 -0.100592 0.054556 -0.060796 0.009145 -0.019231 0.997923
29.583802 -0.039914 -0.088080 0.052367 -0.065341 0.012869 -0.019235 0.997595
29.633802 -0.031083 -0.073279 0.048650 -0.069837 0.020744 -0.017868 0.997183
29.683802 -0.020802 -0.060561 0.045592 -0.075655 0.030240 -0.016563 0.996538
29.733802 -0.007975 -0.046579 0.042022 -0.080281 0.040188 -0.013336 0.995872
29.783802 0.005950 -0.036647 0.037360 -0.087910 0.053303 -0.010729 0.994643
29.833802 0.021492 -0.026369 0.033393 -0.092316 0.066861 -0.009203 0.993440
29.883802 0.038105 -0.018673 0.029339 -0.095197 0.078725 -0.007111 0.992315
29.933802 0.056403 -0.015498 0.024832 -0.098044 0.086949 -0.003262 0.991371
29.983802 0.073351 -0.013726 0.022041 -0.098891 0.095551 0.001395 0.990499
30.033802 0.091276 -0.014773 0.018894 -0.100259 0.105593 0.006052 0.989324
30.083802 0.109532 -0.018254 0.015036 -0.098890 0.116293 0.010811 0.988221
30.133802 0.128021 -0.023019 0.012259 -0.097415 0.130087 0.013824 0.986609
30.183802 0.146309 -0.029061 0.008743 -0.097253 0.145245 0.015688 0.984479
30.233802 0.162791 -0.037504 0.004882 -0.094177 0.157785 0.018314 0.982802
30.283802 0.176629 -0.048999 0.000954 -0.089511 0.166421 0.021345 0.981752
30.333802 0.188419 -0.061782 -0.003102 -0.084040 0.172603 0.023429 0.981120
30.383802 0.196412 -0.076722 -0.005278 -0.077609 0.177478 0.022390 0.980804
30.433802 0.203774 -0.090569 -0.006715 -0.074322 0.183324 0.020206 0.980031
30.485557 0.209340 -0.105256 -0.007572 -0.071586 0.188379 0.020949 0.979260
30.533802 0.213914 -0.119953 -0.008975 -0.067412 0.194167 0.025540 0.978316
30.583802 0.215691 -0.135462 -0.010041 -0.063504 0.197682 0.030156 0.977742
30.633802 0.214316 -0.149403 -0.010390 -0.061457 0.198353 0.033279 0.977636
30.683802 0.205267 -0.160879 -0.008341 -0.059048 0.195477 0.034988 0.978304
30.733802 0.194617 -0.170926 -0.007180 -0.056215 0.190092 0.036050 0.979492
30.783802 0.180274 -0.180914 -0.005235 -0.054804 0.182136 0.034968 0.981122
30.833802 0.163871 -0.189674 -0.002216 -0.053961 0.173578 0.030630 0.982864
30.883802 0.146762 -0.195171 0.000236 -0.054887 0.167055 0.023404 0.984140
30.933802 0.126397 -0.199046 0.004237 -0.056317 0.161964 0.016989 0.985042
30.983802 0.106623 -0.200756 0.006102 -0.055368 0.154437 0.014460 0.986344
31.033802 0.086724 -0.201851 0.008029 -0.056292 0.146855 0.014156 0.987454
31.083802 0.067302 -0.199507 0.008689 -0.056915 0.141130 0.015978 0.988225
31.133802 0.048957 -0.196613 0.008214 -0.056076 0.135274 0.019386 0.989030
31.183802 0.028159 -0.191646 0.008248 -0.054139 0.127084 0.020214 0.990207
31.233802 0.008863 -0.185481 0.006499 -0.052133 0.116797 0.022641 0.991528
31.283802 -0.010325 -0.178311 0.004434 -0.051286 0.104621 0.024483 0.992887
31.333802 -0.029020 -0.170166 0.002724 -0.050761 0.094915 0.024730 0.993883
31.383802 -0.042218 -0.161563 0.001070 -0.050493 0.092524 0.023699 0.994147
31.433802 -0.053271 -0.150715 -0.000979 -0.051408 0.097524 0.020116 0.993701
31.483802 -0.062298 -0.138880 -0.003666 -0.052198 0.105060 0.015965 0.992967
31.533802 -0.066358 -0.128133 -0.005407 -0.052261 0.105294 0.012707 0.992986
31.583802 -0.074585 -0.116414 -0.009214 -0.053186 0.101669 0.010864 0.993336
31.633802 -0.081141 -0.105052 -0.013209 -0.056847 0.096458 0.011295 0.993648
31.683802 -0.084244 -0.091692 -0.016741 -0.061183 0.095819 0.011813 0.993446
31.733802 -0.084315 -0.077005 -0.017669 -0.064574 0.101087 0.010550 0.992724
31.783802 -0.082233 -0.064860 -0.021025 -0.066531 0.106776 0.006609 0.992033
31.833802 -0.078563 -0.052826 -0.024726 -0.069846 0.112335 0.001859 0.991211
31.883802 -0.073626 -0.042193 -0.030000 -0.072330 0.115030 0.000568 0.990725
31.933802 -0.067663 -0.032482 -0.034659 -0.074708 0.119000 0.003048 0.990075
31.983802 -0.059936 -0.024121 -0.040321 -0.077168 0.123380 0.005906 0.989337
32.033802 -0.051905 -0.017262 -0.046100 -0.078194 0.125687 0.007264 0.988957
32.083802 -0.042633 -0.011270 -0.050453 -0.080614 0.130523 0.007830 0.988131
32.133802 -0.032057 -0.007278 -0.054197 -0.084252 0.137092 0.006232 0.986949
32.183802 -0.019108 -0.005601 -0.057428 -0.087805 0.145832 0.005921 0.985387
32.233802 -0.005967 -0.005370 -0.058754 -0.088248 0.154926 0.007753 0.983946
32.283802 0.008217 -0.007974 -0.061006 -0.087489 0.163053 0.010618 0.982673
32.333802 0.021402 -0.011248 -0.062929 -0.084145 0.170779 0.014082 0.981609
32.383802 0.035684 -0.016880 -0.064357 -0.083796 0.177192 0.016251 0.980468
32.433802 0.048087 -0.022808 -0.066732 -0.082845 0.181986 0.018297 0.979634
32.483802 0.060065 -0.030650 -0.067771 -0.082670 0.189058 0.020337 0.978269
32.533802 0.070843 -0.039753 -0.070047 -0.080126 0.194091 0.023007 0.977435
32.583802 0.078491 -0.051521 -0.071175 -0.076292 0.198489 0.025332 0.976801
32.633802 0.084722 -0.062451 -0.072525 -0.072859 0.201382 0.027133 0.976422
32.683802 0.089391 -0.076045 -0.073552 -0.070677 0.203517 0.028740 0.976094
32.733802 0.092651 -0.089347 -0.074442 -0.068146 0.204186 0.028478 0.976142
32.783802 0.092377 -0.100621 -0.074324 -0.064755 0.202920 0.027098 0.976676
32.833802 0.088747 -0.115851 -0.074159 -0.061456 0.199192 0.027088 0.977656
32.883802 0.083908 -0.126456 -0.074369 -0.059958 0.193944 0.028195 0.978773
32.933802 0.078286 -0.136505 -0.074075 -0.057333 0.188867 0.031292 0.979828
32.983802 0.070940 -0.146647 -0.071518 -0.054834 0.185568 0.034487 0.980494
33.033802 0.063278 -0.154019 -0.068688 -0.053121 0.182438 0.035736 0.981131
33.083802 0.052797 -0.160305 -0.064495 -0.051250 0.177446 0.033198 0.982234
33.133802 0.040725 -0.166139 -0.061579 -0.046155 0.167842 0.029734 0.984284
33.183802 0.027294 -0.169951 -0.057715 -0.041565 0.157501 0.026943 0.986276
33.233802 0.013002 -0.172375 -0.053886 -0.039192 0.145596 0.025443 0.988240
33.283802 -0.000324 -0.174632 -0.050505 -0.036086 0.131212 0.025840 0.990360
33.333802 -0.013769 -0.174112 -0.045995 -0.032116 0.117033 0.024618 0.992303
33.383802 -0.024846 -0.170702 -0.042909 -0.026101 0.104958 0.022957 0.993869
33.433802 -0.035739 -0.166838 -0.039957 -0.019767 0.096879 0.021095 0.994876
33.483802 -0.046914 -0.160957 -0.037391 -0.014683 0.089681 0.019297 0.995675
33.533802 -0.057056 -0.152963 -0.035723 -0.010833 0.077804 0.018011 0.996747
33.583802 -0.068045 -0.144457 -0.033510 -0.009637 0.066024 0.015192 0.997656
33.633802 -0.075916 -0.133708 -0.030367 -0.007181 0.057811 0.011526 0.998235
33.683802 -0.080372 -0.121619 -0.026871 -0.005595 0.055729 0.006957 0.998406
33.733802 -0.086365 -0.111157 -0.022975 -0.006603 0.057370 0.001407 0.998330
33.783802 -0.092218 -0.097089 -0.020248 -0.007098 0.057323 -0.006568 0.998309
33.833802 -0.098085 -0.082249 -0.018332 -0.008974 0.054920 -0.012849 0.998368
33.883802 -0.103049 -0.067835 -0.016983 -0.014034 0.049768 -0.015820 0.998537
33.933802 -0.107932 -0.053061 -0.016921 -0.021160 0.042032 -0.018328 0.998724
33.983802 -0.110075 -0.039741 -0.016843 -0.028711 0.037975 -0.020146 0.998663
34.033802 -0.108432 -0.027032 -0.017308 -0.032777 0.038151 -0.019643 0.998541
34.083802 -0.105864 -0.014839 -0.019181 -0.035348 0.040662 -0.018572 0.998375
34.133802 -0.100098 -0.005129 -0.020483 -0.040707 0.041345 -0.014969 0.998203
34.183802 -0.091850 0.003865 -0.021748 -0.045061 0.046092 -0.011238 0.997857
34.233802 -0.078339 0.009298 -0.023154 -0.047790 0.054776 -0.006636 0.997332
34.283802 -0.063189 0.013498 -0.024503 -0.049652 0.067004 -0.002138 0.996514
34.333802 -0.047719 0.015105 -0.025934 -0.051082 0.078647 0.002230 0.995591
34.383802 -0.031423 0.014288 -0.028327 -0.050557 0.087507 0.007281 0.994854
34.433802 -0.015189 0.011548 -0.030629 -0.049038 0.098713 0.012810 0.993824
34.483802 0.002462 0.007197 -0.033903 -0.046171 0.113213 0.016699 0.992357
34.533802 0.019034 0.002637 -0.036082 -0.043692 0.128834 0.017937 0.990541
34.583802 0.033546 -0.002346 -0.038666 -0.042343 0.142114 0.018068 0.988779
34.633802 0.045962 -0.008277 -0.041556 -0.042254 0.151161 0.016634 0.987466
34.683802 0.056911 -0.014984 -0.043144 -0.041778 0.159126 0.014302 0.986270
34.733802 0.066668 -0.021678 -0.044154 -0.040108 0.165886 0.011030 0.985267
34.783802 0.075073 -0.030735 -0.044744 -0.037527 0.173144 0.008465 0.984145
34.833802 0.079903 -0.038258 -0.044291 -0.035973 0.178913 0.004194 0.983198
34.883802 0.084451 -0.047998 -0.043503 -0.034309 0.183210 0.002009 0.982473
34.933802 0.085843 -0.057224 -0.042312 -0.031908 0.186810 0.002104 0.981875
34.983802 0.085759 -0.065169 -0.040436 -0.031804 0.186329 0.003368 0.981967
35.033802 0.082876 -0.070412 -0.039206 -0.032099 0.182522 0.004180 0.982669
35.083802 0.078737 -0.076664 -0.037235 -0.032154 0.178787 0.003723 0.983355
35.133802 0.073714 -0.082305 -0.035945 -0.029731 0.176501 0.004012 0.983843
35.183802 0.068892 -0.086944 -0.036191 -0.025841 0.174252 0.003470 0.984356
35.234386 0.062442 -0.090111 -0.035781 -0.020881 0.173434 0.001775 0.984623
35.283802 0.055978 -0.092747 -0.036391 -0.015238 0.170902 -0.000464 0.985170
35.333802 0.048232 -0.096129 -0.037509 -0.009577 0.164991 -0.002509 0.986245
35.383802 0.038502 -0.096859 -0.038158 -0.005511 0.159408 -0.005225 0.987184
35.433802 0.028017 -0.094959 -0.037533 -0.003559 0.154027 -0.009273 0.988017
35.483802 0.018690 -0.093325 -0.036726 -0.003187 0.149260 -0.012208 0.988718
35.533802 0.011067 -0.089586 -0.034899 -0.002884 0.144788 -0.013929 0.989361
35.583802 0.003574 -0.085516 -0.032460 -0.004504 0.140930 -0.014900 0.989897
35.633802 -0.003642 -0.079236 -0.030134 -0.006400 0.136420 -0.015696 0.990506
35.683802 -0.009687 -0.072341 -0.027869 -0.009397 0.130613 -0.014664 0.991280
35.733802 -0.015405 -0.063074 -0.024158 -0.013496 0.127617 -0.012714 0.991650
35.783802 -0.020416 -0.052392 -0.020964 -0.017293 0.126170 -0.012493 0.991779
35.833802 -0.024386 -0.041824 -0.018712 -0.019955 0.121663 -0.011549 0.992304
35.883802 -0.027958 -0.030686 -0.016331 -0.022997 0.114014 -0.007533 0.993185
35.933802 -0.031379 -0.020247 -0.015210 -0.028810 0.105730 -0.002773 0.993974
35.983802 -0.033324 -0.008753 -0.014007 -0.034148 0.098546 0.001908 0.994545
36.033802 -0.033214 0.000135 -0.014186 -0.038496 0.093064 0.006674 0.994893
36.083802 -0.032305 0.009583 -0.014004 -0.037993 0.091502 0.009742 0.995032
36.133802 -0.026351 0.016279 -0.013909 -0.036311 0.093518 0.011381 0.994890
36.183802 -0.019917 0.020589 -0.014799 -0.033647 0.098633 0.009693 0.994508
36.233802 -0.010421 0.024309 -0.013908 -0.031127 0.106169 0.006323 0.993841
36.283802 0.001706 0.026891 -0.014513 -0.029964 0.116457 0.006356 0.992723
36.333802 0.013736 0.029848 -0.014979 -0.030175 0.125999 0.009450 0.991526
36.383802 0.025188 0.031912 -0.015425 -0.030967 0.132044 0.013440 0.990669
36.433802 0.035351 0.033408 -0.015229 -0.032094 0.136441 0.016035 0.989998
36.483802 0.044452 0.034503 -0.014329 -0.032892 0.143659 0.015620 0.988957
36.533802 0.053353 0.033932 -0.013691 -0.030972 0.153008 0.014515 0.987633
36.583802 0.061429 0.031631 -0.013814 -0.028010 0.161347 0.012356 0.986423
36.633802 0.067876 0.028310 -0.015057 -0.024696 0.166450 0.011058 0.985679
36.683802 0.071973 0.025371 -0.016294 -0.020816 0.170425 0.011132 0.985088
36.733802 0.075321 0.022556 -0.018497 -0.016109 0.171681 0.012653 0.984940
36.783802 0.077446 0.020898 -0.020769 -0.011032 0.171873 0.014834 0.984946
36.833802 0.078155 0.019849 -0.022001 -0.006248 0.169636 0.016528 0.985348
36.883802 0.076720 0.021077 -0.021693 -0.002692 0.168403 0.017047 0.985567
36.933802 0.074920 0.023830 -0.020791 0.000209 0.167977 0.017121 0.985642
36.983802 0.074600 0.023892 -0.020054 -0.002173 0.166801 0.016914 0.985843
37.033802 0.072355 0.023910 -0.016499 -0.006674 0.164482 0.015568 0.986235
37.083802 0.069841 0.022146 -0.014074 -0.011783 0.159945 0.014330 0.986952
37.133802 0.066383 0.017024 -0.010997 -0.015979 0.157431 0.013189 0.987313
37.183802 0.066530 0.010064 -0.009613 -0.017464 0.159042 0.011725 0.987048
37.233802 0.066409 0.001300 -0.008751 -0.016742 0.162845 0.009176 0.986467
37.283802 0.066820 -0.006764 -0.009330 -0.015838 0.165487 0.006555 0.986063
37.333802 0.066145 -0.015633 -0.011021 -0.014287 0.166563 0.005408 0.985913
37.383802 0.064447 -0.024292 -0.014226 -0.010929 0.165174 0.005041 0.986191
37.433802 0.061856 -0.032173 -0.016974 -0.007615 0.163886 0.004302 0.986440
37.483802 0.056145 -0.036929 -0.019286 -0.004405 0.163744 0.002601 0.986490
37.533802 0.049817 -0.040274 -0.022350 -0.001674 0.161137 0.000355 0.986931
37.583801 0.041009 -0.041867 -0.024721 0.001173 0.157987 -0.001799 0.987439
37.633801 0.031673 -0.041597 -0.027738 0.002623 0.153021 -0.005008 0.988207
37.683801 0.020752 -0.039165 -0.029234 0.002355 0.145087 -0.006929 0.989392
37.733801 0.009374 -0.034571 -0.029837 0.000545 0.135020 -0.007899 0.990811
37.783801 -0.001539 -0.029269 -0.029585 -0.002505 0.124375 -0.007975 0.992200
37.833801 -0.010289 -0.023516 -0.028848 -0.006067 0.116356 -0.006927 0.993165
37.885693 -0.017353 -0.016935 -0.027863 -0.008178 0.110762 -0.003650 0.993807
37.933801 -0.022325 -0.010330 -0.026581 -0.008458 0.106783 -0.000844 0.994246
37.983801 -0.026305 -0.003374 -0.024806 -0.006580 0.103436 -0.001499 0.994613
38.033801 -0.029823 0.003309 -0.021393 -0.006382 0.101825 -0.004690 0.994771
38.083801 -0.032486 0.010207 -0.016730 -0.010935 0.104198 -0.009657 0.994450
38.133801 -0.033352 0.016749 -0.012541 -0.017214 0.107179 -0.013729 0.993996
38.183801 -0.032750 0.020661 -0.009610 -0.021915 0.107144 -0.014955 0.993890
38.233801 -0.032872 0.023342 -0.007605 -0.023084 0.106130 -0.013662 0.993990
38.283801 -0.032650 0.024564 -0.006400 -0.019721 0.104962 -0.011221 0.994217
38.333801 -0.031844 0.025150 -0.005948 -0.016344 0.105012 -0.007965 0.994305
38.383801 -0.031098 0.026102 -0.007205 -0.008848 0.104919 -0.001488 0.994440
38.433801 -0.032095 0.026995 -0.007925 0.001231 0.101168 0.007509 0.994840
