1.037128 -0.000000 -0.000000 -0.000000 -0.000000 -0.000000 -0.000000 1.000000
1.087128 -0.000000 -0.000000 -0.000000 -0.000000 -0.000000 -0.000000 1.000000
1.137128 -0.000000 -0.000000 -0.000000 -0.000000 -0.000000 -0.000000 1.000000
1.187128 -0.000000 -0.000000 -0.000000 -0.000000 -0.000000 -0.000000 1.000000
1.237128 -0.000234 0.000536 0.000900 -0.001247 -0.003636 0.001969 0.999991
1.287128 -0.000234 0.000536 0.000900 -0.001247 -0.003636 0.001969 0.999991
1.337129 -0.000234 0.000536 0.000900 -0.001247 -0.003636 0.001969 0.999991
1.387129 -0.000234 0.000536 0.000900 -0.001247 -0.003636 0.001969 0.999991
1.437129 -0.000037 0.000827 0.002127 0.000345 0.000823 0.003326 0.999994
1.487129 -0.000037 0.000827 0.002127 0.000345 0.000823 0.003326 0.999994
1.537129 -0.000037 0.000827 0.002127 0.000345 0.000823 0.003326 0.999994
1.587129 -0.000674 0.001680 0.004256 -0.002519 -0.000146 0.004363 0.999987
1.637129 -0.000674 0.001680 0.004256 -0.002519 -0.000146 0.004363 0.999987
1.687129 -0.000370 0.001862 0.005360 -0.003456 0.003302 0.003370 0.999983
1.737129 -0.000370 0.001862 0.005360 -0.003456 0.003302 0.003370 0.999983
1.787129 -0.000821 0.001856 0.005212 -0.005276 0.005746 0.002761 0.999966
1.837129 -0.000821 0.001856 0.005212 -0.005276 0.005746 0.002761 0.999966
1.887129 -0.000821 0.001856 0.005212 -0.005276 0.005746 0.002761 0.999966
1.937130 -0.000821 0.001856 0.005212 -0.005276 0.005746 0.002761 0.999966
1.987129 -0.004255 0.001476 0.005093 -0.003769 0.009655 0.001685 0.999945
2.037129 -0.004255 0.001476 0.005093 -0.003769 0.009655 0.001685 0.999945
2.087129 -0.002983 0.003307 0.004298 -0.000956 0.008210 0.002423 0.999963
2.137128 -0.003272 0.003372 0.004685 -0.000537 0.008262 0.001804 0.999964
2.187128 -0.003858 0.002984 0.003217 -0.000292 0.010154 0.001049 0.999948
2.237128 -0.003267 0.003220 0.002732 -0.000538 0.011006 -0.000116 0.999939
2.287128 -0.002599 0.001896 0.002896 -0.002203 0.010545 -0.000116 0.999942
2.337128 -0.001418 0.001334 0.002354 -0.004319 0.010656 -0.000484 0.999934
2.387128 -0.001426 0.001542 0.002985 -0.005495 0.011166 -0.001021 0.999922
2.437128 -0.001454 0.001898 0.004198 -0.004431 0.010680 -0.000536 0.999933
2.487128 -0.002295 0.002212 0.004133 -0.004062 0.011433 -0.000072 0.999926
2.537128 -0.002348 0.002338 0.005077 -0.003873 0.011637 -0.000972 0.999924
2.587128 -0.002242 0.002600 0.005786 -0.003851 0.011862 -0.002031 0.999920
2.637128 -0.000037 0.003161 0.007742 -0.007702 0.011485 -0.000935 0.999904
2.687128 -0.000583 0.004005 0.009152 -0.014271 0.011340 -0.000459 0.999834
2.737128 0.000371 0.003081 0.008818 -0.019563 0.009938 -0.000385 0.999759
2.787128 -0.002460 0.004839 0.012225 -0.020035 0.011588 -0.001936 0.999730
2.837128 0.000885 0.003871 0.010904 -0.016766 0.013266 -0.001624 0.999770
2.887128 0.000763 0.003718 0.010824 -0.011950 0.018234 -0.000897 0.999762
2.937128 0.001672 0.002866 0.009833 -0.008536 0.021637 -0.000196 0.999729
2.989108 0.000845 0.002844 0.009546 -0.006066 0.023683 0.000014 0.999701
3.037128 0.000679 0.002458 0.009988 -0.004566 0.024077 0.002059 0.999698
3.087129 0.000978 0.000191 0.011207 -0.004600 0.024495 0.005194 0.999676
3.137128 -0.000505 -0.003914 0.011099 -0.004943 0.024085 0.009041 0.999657
3.187128 -0.002401 -0.011540 0.011470 -0.004069 0.027116 0.012291 0.999548
3.237128 -0.000748 -0.026994 0.015286 -0.003098 0.032125 0.014068 0.999380
3.287128 -0.002015 -0.034544 0.016819 0.002252 0.037987 0.016959 0.999132
3.337128 -0.007809 -0.039660 0.016789 0.006563 0.041207 0.019351 0.998942
3.387128 -0.012738 -0.046409 0.019566 0.008395 0.040914 0.020006 0.998927
3.437128 -0.020459 -0.054239 0.019899 0.010070 0.039469 0.017620 0.999015
3.487128 -0.030666 -0.060978 0.022059 0.011767 0.037539 0.015322 0.999108
3.537128 -0.039291 -0.063632 0.024164 0.013485 0.035057 0.013151 0.999208
3.587128 -0.048956 -0.067228 0.027833 0.011512 0.034281 0.010151 0.999294
3.637128 -0.056343 -0.070353 0.032510 0.008165 0.033268 0.005832 0.999396
3.687128 -0.067771 -0.073356 0.037315 0.007429 0.032892 0.002254 0.999429
3.737128 -0.079449 -0.077639 0.041261 0.008778 0.027314 0.003095 0.999584
3.787128 -0.092065 -0.078166 0.043511 0.010354 0.017363 0.005297 0.999782
3.839568 -0.103193 -0.078035 0.045600 0.010144 0.008743 0.008646 0.999873
3.887128 -0.114521 -0.073921 0.048780 0.009728 0.003555 0.011806 0.999877
3.937128 -0.122753 -0.067875 0.053361 0.008761 0.000532 0.013091 0.999876
3.987128 -0.132132 -0.060220 0.056408 0.007267 -0.003258 0.012726 0.999887
4.037128 -0.141749 -0.050716 0.058250 0.004640 -0.008780 0.013780 0.999856
4.087128 -0.149087 -0.038897 0.060662 0.001282 -0.015559 0.015293 0.999761
4.137128 -0.154134 -0.027057 0.064068 -0.005304 -0.019482 0.017570 0.999642
4.187128 -0.157810 -0.016222 0.065886 -0.010703 -0.020674 0.019362 0.999541
4.237128 -0.159944 -0.001541 0.071409 -0.013992 -0.019938 0.021612 0.999470
4.287128 -0.157980 0.008361 0.073177 -0.018454 -0.021638 0.027287 0.999223
4.337128 -0.157656 0.020326 0.075222 -0.019267 -0.023101 0.031978 0.999036
4.387128 -0.156820 0.030763 0.075569 -0.018699 -0.024479 0.034783 0.998920
4.437128 -0.154048 0.040568 0.074132 -0.016581 -0.025581 0.035999 0.998887
4.487128 -0.150211 0.050295 0.074424 -0.014181 -0.027872 0.035574 0.998878
4.537128 -0.144273 0.059427 0.074008 -0.013580 -0.031113 0.034411 0.998831
4.587128 -0.137425 0.069596 0.074091 -0.012717 -0.032685 0.031893 0.998876
4.637128 -0.128443 0.079012 0.073084 -0.015154 -0.035643 0.028765 0.998836
4.687128 -0.115374 0.086171 0.071783 -0.019039 -0.034895 0.027090 0.998842
4.737128 -0.097025 0.093920 0.071207 -0.020995 -0.026869 0.025041 0.999105
4.787128 -0.078260 0.101776 0.072701 -0.022569 -0.011333 0.023239 0.999411
4.837128 -0.053502 0.107131 0.073322 -0.028673 0.008812 0.021775 0.999313
4.887128 -0.028196 0.114309 0.074879 -0.036058 0.026459 0.021346 0.998771
4.937128 -0.005462 0.121873 0.077194 -0.043181 0.041177 0.019501 0.998028
4.987128 0.014178 0.127626 0.078055 -0.048668 0.052667 0.018683 0.997251
5.037128 0.035994 0.132347 0.078234 -0.055002 0.066038 0.016476 0.996164
5.087128 0.056317 0.135016 0.077874 -0.059310 0.079789 0.016082 0.994916
5.137128 0.074693 0.135347 0.076168 -0.062313 0.091169 0.017253 0.993734
5.187128 0.089816 0.133230 0.074259 -0.064421 0.101303 0.017137 0.992620
5.237128 0.106119 0.130386 0.073353 -0.065907 0.107504 0.015792 0.991892
5.287128 0.117096 0.123828 0.072802 -0.068073 0.114096 0.013000 0.991050
5.337128 0.129921 0.116656 0.069153 -0.067623 0.117955 0.013425 0.990623
5.387128 0.138489 0.105314 0.066267 -0.064706 0.119981 0.014024 0.990566
5.437128 0.144825 0.093555 0.065126 -0.061953 0.119521 0.015545 0.990775
5.487128 0.150391 0.080101 0.060463 -0.059340 0.118411 0.016882 0.991046
5.537128 0.155247 0.069207 0.057883 -0.055290 0.119223 0.017928 0.991165
5.587128 0.159613 0.053896 0.054071 -0.053263 0.121764 0.018024 0.990965
5.637128 0.162560 0.039471 0.052131 -0.050743 0.122422 0.016976 0.991035
5.687128 0.162878 0.026188 0.049259 -0.047540 0.120726 0.015663 0.991423
5.737128 0.161731 0.010370 0.045568 -0.044979 0.116535 0.013498 0.992076
5.787128 0.159364 -0.004617 0.040413 -0.041525 0.114565 0.013187 0.992460
5.837128 0.155127 -0.022093 0.037961 -0.038876 0.110155 0.012287 0.993078
5.887128 0.150419 -0.036324 0.034486 -0.037122 0.102990 0.013616 0.993896
5.937128 0.144558 -0.053091 0.031964 -0.035789 0.098944 0.015134 0.994334
5.987128 0.139792 -0.067399 0.028915 -0.032600 0.099776 0.014494 0.994370
6.037128 0.135445 -0.078868 0.028231 -0.029022 0.104030 0.011946 0.994079
6.087128 0.128219 -0.089820 0.029642 -0.026407 0.107486 0.007091 0.993831
6.137128 0.117311 -0.097237 0.032534 -0.024851 0.105650 0.002988 0.994088
6.187128 0.105232 -0.103460 0.029768 -0.024023 0.097703 0.002000 0.994924
6.237128 0.090667 -0.108418 0.030170 -0.024664 0.086973 -0.000453 0.995905
6.287128 0.075981 -0.111244 0.032691 -0.025843 0.079632 -0.003873 0.996482
6.337128 0.062120 -0.114397 0.035190 -0.027138 0.076772 -0.007592 0.996650
6.387128 0.047495 -0.117769 0.038444 -0.028534 0.074608 -0.009677 0.996758
6.437128 0.032079 -0.119927 0.040265 -0.029242 0.069130 -0.010694 0.997122
6.487128 0.015129 -0.121493 0.042047 -0.030202 0.060505 -0.012027 0.997638
6.537128 0.000241 -0.122394 0.043408 -0.030658 0.051919 -0.013238 0.998093
6.587128 -0.016263 -0.123294 0.045331 -0.030580 0.045106 -0.014921 0.998403
6.637128 -0.029569 -0.122258 0.047065 -0.030073 0.040469 -0.016216 0.998596
6.687128 -0.042195 -0.120819 0.049765 -0.030843 0.036286 -0.016057 0.998736
6.737128 -0.053288 -0.118815 0.053192 -0.032900 0.032083 -0.014781 0.998834
6.787128 -0.065070 -0.116506 0.056849 -0.037032 0.026431 -0.013204 0.998877
6.837128 -0.078857 -0.110742 0.059979 -0.039565 0.022344 -0.013046 0.998882
6.887128 -0.089313 -0.107847 0.063032 -0.041154 0.020130 -0.012452 0.998872
6.937128 -0.099765 -0.104508 0.065531 -0.040694 0.017119 -0.010395 0.998971
6.987128 -0.108021 -0.100468 0.068333 -0.037479 0.013506 -0.006690 0.999184
7.037128 -0.116488 -0.092495 0.070653 -0.033849 0.011780 -0.000955 0.999357
7.087128 -0.123233 -0.084008 0.072131 -0.033617 0.009366 0.004312 0.999382
7.137128 -0.127948 -0.075063 0.074138 -0.035508 0.003904 0.008339 0.999327
7.187128 -0.134767 -0.063030 0.075187 -0.037139 -0.001048 0.009966 0.999260
7.237128 -0.139919 -0.051763 0.075879 -0.037784 -0.005527 0.010102 0.999220
7.287128 -0.145513 -0.042306 0.076584 -0.038577 -0.010564 0.011299 0.999136
7.337128 -0.149792 -0.027759 0.076058 -0.039509 -0.018849 0.011625 0.998974
7.387128 -0.153426 -0.013923 0.074479 -0.041293 -0.025853 0.011015 0.998752
7.437128 -0.155113 -0.000389 0.074071 -0.043335 -0.030194 0.010542 0.998549
7.487128 -0.149611 0.012670 0.072215 -0.044072 -0.033280 0.010237 0.998421
7.537128 -0.148412 0.024558 0.069798 -0.043727 -0.030531 0.008955 0.998537
7.587128 -0.143795 0.037931 0.071265 -0.042586 -0.026277 0.004792 0.998736
7.637128 -0.137322 0.045580 0.069975 -0.043779 -0.023674 0.005031 0.998748
7.687128 -0.131048 0.054407 0.068383 -0.043122 -0.024019 0.008014 0.998749
7.737128 -0.124611 0.065267 0.066875 -0.043304 -0.024473 0.011606 0.998695
7.787128 -0.116325 0.076875 0.066189 -0.044389 -0.022456 0.013099 0.998676
7.837128 -0.107029 0.088070 0.065553 -0.045107 -0.017007 0.013311 0.998749
7.887128 -0.096607 0.101164 0.066882 -0.048157 -0.013615 0.013341 0.998658
7.937128 -0.086723 0.114570 0.069796 -0.053575 -0.014351 0.014058 0.998362
7.987128 -0.080013 0.126067 0.065646 -0.060142 -0.013483 0.012570 0.998020
8.037128 -0.068060 0.139485 0.068269 -0.068483 -0.010869 0.011172 0.997531
8.087128 -0.056332 0.151734 0.068187 -0.078760 -0.007642 0.008185 0.996831
8.137128 -0.045277 0.163885 0.071007 -0.089014 -0.004308 0.006561 0.995999
8.187128 -0.032627 0.173940 0.073023 -0.098577 0.000632 0.005889 0.995112
8.237128 -0.019431 0.181556 0.074489 -0.105788 0.006240 0.005839 0.994352
8.287128 -0.006499 0.186173 0.074713 -0.108891 0.011512 0.006103 0.993968
8.337128 0.005104 0.188475 0.074113 -0.109318 0.019662 0.005202 0.993799
8.387128 0.019185 0.188927 0.072902 -0.108085 0.029996 0.002053 0.993687
8.437128 0.032937 0.187072 0.071714 -0.107132 0.041615 -0.001452 0.993372
8.487128 0.048496 0.183543 0.071400 -0.105992 0.053007 -0.002143 0.992951
8.537128 0.062966 0.177289 0.070554 -0.105348 0.063641 -0.001507 0.992396
8.587128 0.077040 0.170510 0.068189 -0.103277 0.070059 0.001062 0.992182
8.637128 0.090990 0.160158 0.067526 -0.100305 0.077904 0.002938 0.991898
8.687128 0.105105 0.149114 0.064940 -0.095924 0.085160 0.004192 0.991730
8.737128 0.118059 0.138622 0.063413 -0.093180 0.092730 0.004725 0.991310
8.787128 0.129390 0.129043 0.061983 -0.089407 0.101657 0.006094 0.990775
8.837128 0.140202 0.117718 0.060053 -0.086910 0.111226 0.006157 0.989968
8.887128 0.150067 0.108139 0.059787 -0.086154 0.120157 0.004503 0.988999
8.937128 0.157562 0.098297 0.058243 -0.085232 0.125450 0.005921 0.988414
8.987128 0.165056 0.086681 0.056535 -0.084842 0.127756 0.007878 0.988139
9.037128 0.169352 0.075776 0.055396 -0.081898 0.133162 0.008018 0.987672
9.087128 0.174281 0.065563 0.054791 -0.077347 0.140503 0.005899 0.987037
9.137128 0.176169 0.054346 0.054576 -0.074724 0.145486 0.004694 0.986523
9.187128 0.174274 0.045558 0.054806 -0.072447 0.146391 0.003308 0.986565
9.237128 0.170351 0.036097 0.055522 -0.070504 0.143222 0.001123 0.987175
9.288540 0.163957 0.026096 0.053747 -0.068405 0.138590 0.000734 0.987984
9.337128 0.155813 0.016704 0.053904 -0.065072 0.133750 0.000556 0.988876
9.387128 0.146006 0.007213 0.053316 -0.060807 0.126406 -0.000900 0.990113
9.437128 0.136458 -0.003812 0.052004 -0.058809 0.118719 -0.001655 0.991183
9.487128 0.126649 -0.013684 0.050257 -0.056619 0.110627 -0.000561 0.992248
9.537128 0.117371 -0.023713 0.050745 -0.055894 0.102869 0.000427 0.993123
9.587129 0.108186 -0.034027 0.049338 -0.054194 0.096531 0.000060 0.993854
9.637129 0.099710 -0.043655 0.050762 -0.052394 0.091220 -0.000676 0.994451
9.687129 0.093470 -0.055746 0.053771 -0.055041 0.086232 -0.001821 0.994752
9.737129 0.086084 -0.061513 0.054581 -0.055963 0.082292 -0.003543 0.995030
9.787129 0.078097 -0.065083 0.057262 -0.056050 0.078746 -0.005677 0.995302
9.837129 0.064891 -0.070230 0.057796 -0.056040 0.074263 -0.008109 0.995630
9.887129 0.054565 -0.073462 0.058381 -0.056459 0.064546 -0.008439 0.996281
9.937129 0.039060 -0.075147 0.057089 -0.057892 0.053901 -0.009356 0.996823
9.987129 0.026174 -0.078599 0.056242 -0.058450 0.044479 -0.010348 0.997245
10.037129 0.011020 -0.080121 0.055352 -0.056824 0.038325 -0.013304 0.997560
10.087129 -0.001297 -0.082538 0.054087 -0.055340 0.032518 -0.015383 0.997819
10.137129 -0.017368 -0.081594 0.052976 -0.053876 0.025589 -0.017305 0.998070
10.187129 -0.032541 -0.081728 0.051928 -0.053733 0.015313 -0.017299 0.998288
10.237129 -0.048899 -0.081969 0.050831 -0.052634 0.007023 -0.018954 0.998409
10.287129 -0.064128 -0.081512 0.050036 -0.050852 -0.000458 -0.020433 0.998497
10.337129 -0.077976 -0.079515 0.050234 -0.049838 -0.008105 -0.021562 0.998492
10.387129 -0.091497 -0.075601 0.051469 -0.049816 -0.014398 -0.023921 0.998368
10.437129 -0.103862 -0.071614 0.050747 -0.048569 -0.020400 -0.025073 0.998297
10.487129 -0.116151 -0.066266 0.050609 -0.046375 -0.029251 -0.024051 0.998206
10.537129 -0.128028 -0.060837 0.049774 -0.044607 -0.039064 -0.021358 0.998012
10.587129 -0.138720 -0.054993 0.048704 -0.043887 -0.047739 -0.020686 0.997681
10.637129 -0.149861 -0.045547 0.048426 -0.042338 -0.054572 -0.021503 0.997380
10.687129 -0.157309 -0.037790 0.049090 -0.043921 -0.062621 -0.021451 0.996840
10.737129 -0.164129 -0.027350 0.050678 -0.046806 -0.069445 -0.021538 0.996254
10.787129 -0.170869 -0.016480 0.052058 -0.049861 -0.076339 -0.020543 0.995623
10.837129 -0.175639 -0.005363 0.054030 -0.051468 -0.084092 -0.018458 0.994957
10.887129 -0.179918 0.006376 0.054047 -0.053368 -0.091161 -0.017533 0.994251
10.937129 -0.180293 0.020748 0.056763 -0.056846 -0.092576 -0.020860 0.993863
10.987129 -0.178306 0.032547 0.060340 -0.062978 -0.089139 -0.023477 0.993749
11.037129 -0.174031 0.045526 0.063063 -0.068437 -0.086021 -0.021631 0.993705
11.087129 -0.168722 0.058675 0.067605 -0.073697 -0.084604 -0.017845 0.993525
11.137129 -0.163847 0.071587 0.066890 -0.077177 -0.080304 -0.017698 0.993621
11.187129 -0.156239 0.080075 0.067899 -0.080653 -0.072179 -0.020223 0.993920
11.237129 -0.146333 0.092716 0.071618 -0.082348 -0.062150 -0.023180 0.994394
11.287129 -0.136474 0.104150 0.074912 -0.085098 -0.054199 -0.025282 0.994576
11.337129 -0.127678 0.114013 0.076396 -0.090099 -0.050478 -0.024481 0.994352
11.387129 -0.114741 0.126134 0.078119 -0.095843 -0.048515 -0.023945 0.993925
11.437129 -0.101784 0.133547 0.079678 -0.104901 -0.043696 -0.023115 0.993253
11.487129 -0.085149 0.142345 0.083060 -0.113472 -0.038776 -0.020451 0.992574
11.537129 -0.071566 0.149099 0.085253 -0.119085 -0.032180 -0.017106 0.992215
11.587129 -0.056106 0.152484 0.087189 -0.121247 -0.024959 -0.014087 0.992209
11.637129 -0.040963 0.155729 0.090682 -0.122252 -0.015278 -0.011894 0.992310
11.687129 -0.025015 0.156565 0.092035 -0.123963 -0.003468 -0.011465 0.992215
11.737129 -0.009386 0.154698 0.091419 -0.124322 0.006795 -0.011673 0.992150
11.787129 0.004864 0.148543 0.089273 -0.122089 0.015632 -0.010924 0.992336
11.837129 0.019365 0.140951 0.088299 -0.118714 0.024459 -0.010510 0.992572
11.887129 0.033702 0.132042 0.086509 -0.114886 0.034758 -0.011303 0.992706
11.937129 0.045063 0.121114 0.084019 -0.113072 0.044735 -0.012191 0.992504
11.987129 0.058389 0.110974 0.083234 -0.111101 0.052283 -0.012525 0.992354
12.037129 0.068634 0.098128 0.081911 -0.110501 0.059108 -0.012050 0.992044
12.087129 0.077470 0.085913 0.079793 -0.109710 0.063911 -0.012474 0.991828
12.137129 0.085676 0.074167 0.076228 -0.106896 0.069285 -0.012072 0.991780
12.187129 0.092742 0.061202 0.073374 -0.103049 0.077243 -0.014392 0.991568
12.237129 0.098603 0.050084 0.074522 -0.097916 0.083853 -0.016738 0.991514
12.287129 0.102311 0.037661 0.073090 -0.094334 0.087740 -0.016801 0.991524
12.337129 0.104459 0.025364 0.069286 -0.090234 0.087847 -0.017035 0.991892
12.387129 0.103999 0.012093 0.068197 -0.086546 0.086968 -0.016565 0.992306
12.437129 0.102262 0.001269 0.066774 -0.081045 0.086564 -0.014220 0.992843
12.487129 0.103685 -0.013533 0.064613 -0.080939 0.086771 -0.012667 0.992854
12.537129 0.101183 -0.019253 0.066142 -0.077066 0.090002 -0.011129 0.992893
12.587129 0.099590 -0.028717 0.067697 -0.076882 0.092035 -0.010869 0.992724
12.637129 0.095425 -0.034808 0.069171 -0.075888 0.092079 -0.010602 0.992799
12.687129 0.088864 -0.041203 0.070403 -0.074510 0.087589 -0.012253 0.993291
12.737129 0.075908 -0.050240 0.069226 -0.072371 0.082040 -0.014594 0.993891
12.787129 0.063797 -0.056837 0.068479 -0.069202 0.075817 -0.016303 0.994584
12.837129 0.051218 -0.059747 0.068239 -0.066989 0.068321 -0.018735 0.995236
12.890258 0.036478 -0.063870 0.068648 -0.066373 0.060651 -0.021022 0.995728
12.937129 0.022770 -0.068331 0.069292 -0.065474 0.049135 -0.022132 0.996398
12.987129 0.007157 -0.072084 0.069862 -0.063681 0.037074 -0.022206 0.997034
13.037129 -0.007255 -0.076177 0.070000 -0.062627 0.024204 -0.022542 0.997489
13.087129 -0.022296 -0.079527 0.069993 -0.061211 0.014645 -0.024942 0.997706
13.137129 -0.033441 -0.082859 0.071994 -0.059438 0.008736 -0.028498 0.997787
13.187129 -0.045399 -0.086650 0.073768 -0.057739 0.006573 -0.031902 0.997800
13.237129 -0.057680 -0.089515 0.075519 -0.056857 0.002577 -0.035797 0.997737
13.287129 -0.069008 -0.089561 0.077792 -0.056745 -0.002215 -0.038481 0.997644
13.337129 -0.079215 -0.089311 0.080131 -0.056627 -0.006859 -0.039103 0.997606
13.387129 -0.090735 -0.087442 0.082490 -0.055884 -0.010690 -0.039500 0.997598
13.437129 -0.102223 -0.087483 0.084915 -0.056798 -0.016911 -0.037238 0.997548
13.487129 -0.113662 -0.085020 0.086771 -0.057084 -0.024631 -0.035119 0.997448
13.537129 -0.124555 -0.080701 0.089803 -0.058658 -0.033876 -0.033654 0.997135
13.587129 -0.136263 -0.075721 0.094252 -0.059234 -0.039874 -0.031603 0.996947
13.637129 -0.146512 -0.071295 0.098319 -0.061320 -0.045751 -0.029885 0.996621
13.687129 -0.157694 -0.064181 0.102037 -0.063746 -0.055150 -0.025992 0.996102
13.737129 -0.170468 -0.053739 0.105307 -0.065693 -0.066142 -0.021894 0.995405
13.787129 -0.181854 -0.044156 0.106813 -0.066930 -0.077207 -0.016044 0.994637
13.837129 -0.188737 -0.029674 0.107388 -0.066261 -0.083600 -0.014780 0.994184
13.887129 -0.192902 -0.015576 0.106923 -0.066542 -0.087204 -0.016060 0.993836
13.937129 -0.196320 -0.002267 0.106706 -0.068036 -0.090463 -0.014081 0.993473
13.988050 -0.197529 0.011784 0.105380 -0.070018 -0.093434 -0.011768 0.993091
14.037129 -0.196180 0.026716 0.104375 -0.073083 -0.095514 -0.010943 0.992681
14.087129 -0.193188 0.040345 0.104643 -0.076018 -0.094126 -0.010751 0.992596
14.137129 -0.188369 0.053018 0.105499 -0.078652 -0.090425 -0.009973 0.992743
14.187129 -0.181920 0.065231 0.108611 -0.081279 -0.086762 -0.009489 0.992863
14.237129 -0.173857 0.076052 0.110172 -0.083987 -0.081468 -0.010179 0.993079
14.287129 -0.163566 0.084805 0.109858 -0.086012 -0.069876 -0.011288 0.993777
14.337129 -0.150065 0.093263 0.111012 -0.086067 -0.056902 -0.012174 0.994589
14.387129 -0.137724 0.100214 0.110467 -0.086064 -0.043390 -0.013325 0.995255
14.437129 -0.126835 0.106857 0.109383 -0.087180 -0.035231 -0.013977 0.995471
14.487129 -0.118238 0.112984 0.107060 -0.091250 -0.029493 -0.015076 0.995277
14.537129 -0.108237 0.119040 0.105778 -0.096284 -0.028131 -0.015850 0.994830
14.587129 -0.097440 0.124520 0.104437 -0.102535 -0.025567 -0.015564 0.994279
14.637129 -0.085065 0.128360 0.102533 -0.108293 -0.020175 -0.015895 0.993787
14.687129 -0.069149 0.133307 0.103984 -0.111574 -0.010626 -0.014313 0.993596
14.737129 -0.054199 0.135247 0.103949 -0.113363 0.002515 -0.012441 0.993473
14.787129 -0.038728 0.137446 0.103083 -0.114208 0.012579 -0.011237 0.993314
14.837129 -0.024843 0.135933 0.101063 -0.115059 0.020074 -0.009816 0.993107
14.887129 -0.011135 0.134575 0.097889 -0.115219 0.025144 -0.010294 0.992968
14.937129 0.000813 0.131779 0.093569 -0.116903 0.028900 -0.010933 0.992663
14.987129 0.010769 0.125342 0.087283 -0.118879 0.026874 -0.011404 0.992479
15.037129 0.022485 0.117259 0.080589 -0.115377 0.031198 -0.012495 0.992753
15.087129 0.034056 0.107201 0.074538 -0.111309 0.041737 -0.013154 0.992822
15.137129 0.047142 0.098297 0.070945 -0.106369 0.050744 -0.014176 0.992930
15.187129 0.052692 0.087978 0.066434 -0.102308 0.058932 -0.014285 0.992903
15.239666 0.060557 0.078358 0.062079 -0.098980 0.062937 -0.012957 0.993013
15.287129 0.067632 0.067934 0.055654 -0.097631 0.064807 -0.011296 0.993046
15.337129 0.078183 0.059866 0.052379 -0.097302 0.068027 -0.009636 0.992881
15.387129 0.088226 0.050161 0.050624 -0.097138 0.074390 -0.008657 0.992449
15.437129 0.096658 0.039846 0.048887 -0.095612 0.085177 -0.008544 0.991731
15.487129 0.104141 0.025589 0.047055 -0.093626 0.095743 -0.008114 0.990960
15.537129 0.111504 0.014218 0.047064 -0.089678 0.101399 -0.005346 0.990781
15.587129 0.116447 -0.002520 0.042272 -0.084298 0.105496 -0.002277 0.990838
15.637129 0.119685 -0.019490 0.039955 -0.076400 0.107822 0.001335 0.991229
15.687129 0.122896 -0.036301 0.036295 -0.067687 0.109642 0.006773 0.991641
15.737129 0.126417 -0.059062 0.031970 -0.062673 0.114163 0.009471 0.991438
15.787129 0.128821 -0.077042 0.026119 -0.054758 0.119953 0.012182 0.991194
15.837129 0.130384 -0.097539 0.024739 -0.047416 0.125538 0.015486 0.990834
15.887129 0.128330 -0.111248 0.020801 -0.038886 0.132050 0.015301 0.990362
15.937129 0.125989 -0.129759 0.021414 -0.034273 0.135882 0.012242 0.990056
15.987129 0.119528 -0.141628 0.020469 -0.028790 0.136306 0.008014 0.990216
16.037129 0.107301 -0.151446 0.019497 -0.025456 0.133355 0.004175 0.990733
16.087129 0.094645 -0.159861 0.021811 -0.026147 0.126339 0.000752 0.991642
16.137129 0.079213 -0.164603 0.023184 -0.027439 0.116163 -0.002988 0.992847
16.187129 0.060641 -0.168216 0.025040 -0.030782 0.102127 -0.007391 0.994268
16.237129 0.042750 -0.170359 0.027688 -0.034627 0.089460 -0.010948 0.995328
16.287129 0.024294 -0.172249 0.029962 -0.036703 0.079846 -0.013780 0.996036
16.337129 0.006424 -0.172326 0.032818 -0.036948 0.072408 -0.016224 0.996558
16.387129 -0.012074 -0.169796 0.033051 -0.037458 0.063777 -0.016990 0.997116
16.437129 -0.030484 -0.167197 0.035383 -0.037818 0.055428 -0.017194 0.997598
16.487129 -0.048738 -0.163017 0.036923 -0.040206 0.047304 -0.019377 0.997883
16.537129 -0.066372 -0.157042 0.038702 -0.045926 0.039136 -0.021453 0.997947
16.589022 -0.083070 -0.149115 0.043162 -0.051348 0.032554 -0.024515 0.997849
16.637129 -0.098293 -0.142892 0.046198 -0.056770 0.028658 -0.027959 0.997584
16.687129 -0.112897 -0.136099 0.049657 -0.062559 0.024941 -0.027739 0.997344
16.737129 -0.126837 -0.129443 0.052220 -0.066171 0.022664 -0.028491 0.997144
16.787129 -0.139399 -0.122455 0.054416 -0.069424 0.019314 -0.031340 0.996908
16.837129 -0.149941 -0.116028 0.055890 -0.070864 0.015891 -0.031003 0.996877
16.887129 -0.162996 -0.106234 0.056066 -0.068124 0.010999 -0.030159 0.997160
16.937129 -0.172858 -0.096834 0.055298 -0.067978 0.001197 -0.030219 0.997228
16.987129 -0.180869 -0.084221 0.053881 -0.070075 -0.009996 -0.029726 0.997049
17.037129 -0.188014 -0.071079 0.055028 -0.073218 -0.016816 -0.027152 0.996805
17.087129 -0.192391 -0.056844 0.056822 -0.075426 -0.022616 -0.027320 0.996520
17.137129 -0.196160 -0.041002 0.058548 -0.076270 -0.027544 -0.030149 0.996251
17.187129 -0.196958 -0.027379 0.059035 -0.076920 -0.031779 -0.029496 0.996094
17.237129 -0.194449 -0.012152 0.060553 -0.077684 -0.036245 -0.027512 0.995939
17.287129 -0.193158 0.003972 0.060811 -0.080636 -0.035757 -0.027489 0.995723
17.337129 -0.190251 0.019642 0.061615 -0.086861 -0.036014 -0.030830 0.995092
17.387129 -0.184287 0.039297 0.064086 -0.093009 -0.036856 -0.036870 0.994300
17.437129 -0.178440 0.054381 0.067600 -0.098727 -0.034614 -0.039104 0.993743
17.487129 -0.167667 0.066412 0.070732 -0.101931 -0.028982 -0.036022 0.993717
17.537129 -0.156904 0.077958 0.074785 -0.104051 -0.022477 -0.033213 0.993763
17.587129 -0.148883 0.091674 0.075618 -0.107617 -0.018822 -0.032230 0.993492
17.637129 -0.140609 0.102250 0.077186 -0.114298 -0.019484 -0.029279 0.992824
17.687129 -0.129758 0.114732 0.080042 -0.119876 -0.021856 -0.026953 0.992182
17.737129 -0.119385 0.123136 0.081972 -0.124941 -0.019105 -0.025250 0.991659
17.787129 -0.103752 0.128983 0.084851 -0.129646 -0.011471 -0.023760 0.991209
17.837129 -0.088040 0.134055 0.088201 -0.133509 -0.000636 -0.022905 0.990783
17.887129 -0.072682 0.136390 0.090147 -0.136259 0.009909 -0.022690 0.990364
17.937129 -0.057394 0.136746 0.090654 -0.136778 0.017624 -0.022737 0.990184
17.987129 -0.041664 0.136649 0.090072 -0.137022 0.025592 -0.022164 0.989989
18.037129 -0.025622 0.134411 0.088385 -0.136915 0.034526 -0.022401 0.989727
18.087129 -0.009574 0.130898 0.086842 -0.134421 0.043405 -0.021028 0.989750
18.137129 0.006448 0.125995 0.084163 -0.132874 0.051754 -0.019582 0.989587
18.187129 0.020511 0.121277 0.082757 -0.132914 0.062404 -0.017742 0.989002
18.237129 0.034564 0.116032 0.080829 -0.134102 0.070606 -0.015907 0.988321
18.287129 0.045388 0.108150 0.080157 -0.135337 0.079421 -0.013004 0.987526
18.337129 0.057269 0.100240 0.078226 -0.136388 0.087544 -0.011045 0.986718
18.387129 0.066898 0.093926 0.075539 -0.137357 0.093867 -0.006927 0.986040
18.437129 0.075772 0.085787 0.074237 -0.136038 0.096594 -0.002581 0.985980
18.487129 0.086060 0.074293 0.068987 -0.133414 0.097882 0.001722 0.986213
18.537129 0.093897 0.061632 0.068028 -0.130893 0.105488 -0.000271 0.985768
18.587129 0.101938 0.050967 0.065896 -0.126424 0.116176 -0.005502 0.985134
18.637129 0.110011 0.038167 0.060081 -0.121511 0.124614 -0.004151 0.984728
18.687129 0.115674 0.020694 0.056054 -0.115555 0.128874 -0.000044 0.984905
18.737129 0.119292 0.008055 0.051331 -0.107163 0.125911 0.007578 0.986207
18.787129 0.124262 -0.009874 0.047057 -0.101246 0.126442 0.011523 0.986726
18.837129 0.130299 -0.024432 0.042886 -0.094798 0.131340 0.015074 0.986679
18.887129 0.134202 -0.040065 0.042292 -0.087329 0.143179 0.019503 0.985644
18.937129 0.138910 -0.057510 0.040750 -0.079271 0.155655 0.024428 0.984323
18.987129 0.138794 -0.071852 0.040812 -0.071521 0.160989 0.028900 0.983937
19.037129 0.133370 -0.086297 0.038074 -0.066588 0.154676 0.028654 0.985302
19.087129 0.122352 -0.099014 0.037325 -0.064930 0.141157 0.027244 0.987480
19.137129 0.110047 -0.109840 0.036718 -0.062993 0.131388 0.024674 0.989020
19.187129 0.098197 -0.120197 0.035062 -0.060161 0.123638 0.016726 0.990361
19.237129 0.083912 -0.130051 0.035010 -0.058310 0.119632 0.009980 0.991054
19.287129 0.068417 -0.140890 0.035046 -0.055429 0.113004 0.002154 0.992045
19.337129 0.051097 -0.149192 0.035202 -0.053473 0.104596 -0.005441 0.993061
19.387129 0.034516 -0.154987 0.036168 -0.051476 0.098319 -0.011483 0.993756
19.437129 0.016263 -0.159094 0.036090 -0.049542 0.090964 -0.017834 0.994461
19.487129 -0.001680 -0.162721 0.037671 -0.050191 0.079695 -0.024863 0.995245
19.537129 -0.019745 -0.164437 0.039132 -0.051470 0.067710 -0.031047 0.995893
19.587129 -0.038061 -0.165870 0.041865 -0.053310 0.056213 -0.036206 0.996337
19.637129 -0.055361 -0.165337 0.045705 -0.055119 0.050123 -0.039571 0.996436
19.687129 -0.072560 -0.164972 0.049275 -0.056821 0.046192 -0.043348 0.996373
19.737129 -0.087889 -0.161899 0.053963 -0.058064 0.042185 -0.044668 0.996421
19.787129 -0.103067 -0.158341 0.058415 -0.060527 0.036098 -0.045004 0.996498
19.837129 -0.118462 -0.155090 0.060854 -0.063845 0.029876 -0.045073 0.996494
19.887129 -0.134132 -0.150510 0.065211 -0.067486 0.024387 -0.045277 0.996394
19.937129 -0.148297 -0.144537 0.069867 -0.070299 0.018954 -0.043725 0.996387
19.987129 -0.160061 -0.137696 0.074015 -0.073962 0.012085 -0.042104 0.996299
20.037129 -0.175474 -0.129430 0.077619 -0.077360 0.005948 -0.040551 0.996160
20.087129 -0.188848 -0.121160 0.081157 -0.080223 -0.000073 -0.039813 0.995982
20.137129 -0.201139 -0.110535 0.085798 -0.080187 -0.003441 -0.039722 0.995982
20.187129 -0.212638 -0.102370 0.088586 -0.081073 -0.008715 -0.038773 0.995916
20.237129 -0.223529 -0.090083 0.090036 -0.080899 -0.013711 -0.038135 0.995898
20.287129 -0.231804 -0.080371 0.091097 -0.082156 -0.019203 -0.037000 0.995747
20.337129 -0.241036 -0.068255 0.091272 -0.083657 -0.024447 -0.036227 0.995536
20.387129 -0.247624 -0.054042 0.089912 -0.084695 -0.031096 -0.035744 0.995280
20.437129 -0.253820 -0.038778 0.088170 -0.085726 -0.035121 -0.034393 0.995105
20.487129 -0.257895 -0.024592 0.085049 -0.087260 -0.039943 -0.033932 0.994806
20.537129 -0.257103 -0.011135 0.084047 -0.088211 -0.042802 -0.035644 0.994543
20.587129 -0.257280 -0.002634 0.082313 -0.089145 -0.042251 -0.036479 0.994453
20.637129 -0.252176 0.007443 0.080354 -0.089257 -0.042086 -0.036649 0.994444
20.687129 -0.244896 0.022474 0.080212 -0.087455 -0.040122 -0.037360 0.994659
20.737129 -0.236414 0.031703 0.079772 -0.089163 -0.036352 -0.036826 0.994672
20.787129 -0.226649 0.044824 0.080425 -0.091265 -0.030127 -0.038209 0.994637
20.837129 -0.213603 0.056501 0.080050 -0.094586 -0.021737 -0.039523 0.994494
20.887129 -0.200884 0.066095 0.080704 -0.097978 -0.015071 -0.039252 0.994300
20.937129 -0.187743 0.078071 0.082864 -0.101328 -0.009449 -0.041694 0.993934
20.987129 -0.174613 0.087649 0.085622 -0.107033 -0.005415 -0.042566 0.993329
21.037129 -0.159955 0.096282 0.086818 -0.114765 -0.000806 -0.040453 0.992568
21.087129 -0.141562 0.102559 0.090215 -0.121293 0.005688 -0.037271 0.991901
21.137129 -0.123104 0.107142 0.093115 -0.126001 0.016416 -0.036233 0.991232
21.187129 -0.105609 0.109630 0.095314 -0.129437 0.029157 -0.034232 0.990568
21.237129 -0.085599 0.111103 0.096913 -0.132992 0.039057 -0.031182 0.989856
21.287129 -0.067130 0.109195 0.097220 -0.135742 0.049791 -0.028216 0.989090
21.337129 -0.049312 0.106787 0.097380 -0.136631 0.061615 -0.028102 0.988305
21.387129 -0.031374 0.101954 0.096685 -0.138351 0.072961 -0.027999 0.987295
21.437129 -0.014554 0.094866 0.094464 -0.138439 0.084639 -0.028478 0.986337
21.487129 0.003312 0.086042 0.091807 -0.137085 0.094312 -0.027073 0.985688
21.537129 0.017834 0.077441 0.089528 -0.134105 0.103168 -0.024961 0.985266
21.587129 0.031273 0.065812 0.087351 -0.133339 0.108002 -0.022070 0.984921
21.637129 0.040294 0.052660 0.085879 -0.132040 0.112669 -0.019012 0.984637
21.687129 0.051483 0.036229 0.081952 -0.129390 0.116893 -0.017761 0.984520
21.737129 0.060532 0.019845 0.079737 -0.124792 0.125896 -0.018437 0.983990
21.787129 0.065890 0.005036 0.076130 -0.120322 0.134042 -0.017447 0.983489
21.837129 0.069889 -0.012322 0.073335 -0.117641 0.136750 -0.016101 0.983464
21.887129 0.072445 -0.031006 0.067830 -0.114444 0.136126 -0.016772 0.983916
21.937129 0.072219 -0.048144 0.066100 -0.110774 0.137804 -0.015971 0.984116
21.987129 0.073186 -0.067600 0.065722 -0.105351 0.140112 -0.014361 0.984410
22.037129 0.070892 -0.085170 0.064400 -0.101145 0.141386 -0.012187 0.984699
22.087129 0.068129 -0.098120 0.065022 -0.102813 0.137745 -0.010829 0.985058
22.137129 0.061715 -0.110279 0.068197 -0.106995 0.132905 -0.012911 0.985252
22.187129 0.055683 -0.119525 0.070421 -0.110016 0.129410 -0.013978 0.985370
22.237129 0.050243 -0.128235 0.074262 -0.108901 0.133102 -0.015426 0.984980
