25000.0 -0.0 -0.0 -0.0 -0.0 -0.0 1.0 -0.0
75000.0 -0.0 -0.0 -0.0 -0.0 -0.0 1.0 -0.0
125000.0 -0.0 -0.0 -0.0 -0.0 -0.0 1.0 -0.0
175000.0 0.0004992536 -0.0023380262 0.67909706 -0.0003323365 0.00055258564 0.9999997 0.00046502025
225000.0 0.0004992536 -0.0023380262 0.67909706 -0.0003323365 0.00055258564 0.9999997 0.00046502025
275000.0 0.0004992536 -0.0023380262 0.67909706 -0.0003323365 0.00055258564 0.9999997 0.00046502025
325000.0 -0.00026929035 -0.0047629746 1.3959484 -0.00043577052 0.0005172532 0.99999976 -0.00020114034
375000.0 -0.00026929035 -0.0047629746 1.3959484 -0.00043577052 0.0005172532 0.99999976 -0.00020114034
425000.0 -0.00026929035 -0.0047629746 1.3959484 -0.00043577052 0.0005172532 0.99999976 -0.00020114034
475000.0 -0.0030500412 -0.0055942093 2.1509237 -0.0007366133 -4.6152414e-05 0.9999995 -0.00062038377
525000.0 -0.0030500412 -0.0055942093 2.1509237 -0.0007366133 -4.6152414e-05 0.9999995 -0.00062038377
575000.0 -0.0040032505 -0.009254214 2.6744123 -0.00093522714 0.00031928328 0.9999994 -0.00051050505
625000.0 -0.0040032505 -0.009254214 2.6744123 -0.00093522714 0.00031928328 0.9999994 -0.00051050505
675000.0 -0.0056853592 -0.009869394 3.219086 -0.0009706021 0.0007920849 0.9999989 -0.0007733423
725000.0 -0.0056853592 -0.009869394 3.219086 -0.0009706021 0.0007920849 0.9999989 -0.0007733423
775000.0 -0.011477327 -0.009190671 3.7740357 -0.0010444839 0.0003887803 0.99999833 -0.0014863806
825000.0 -0.011477327 -0.009190671 3.7740357 -0.0010444839 0.0003887803 0.99999833 -0.0014863806
875000.0 -0.012379009 -0.0050245323 4.3475857 -0.0011841162 0.00047031644 0.99999654 -0.00231737
925000.0 -0.0057038367 -0.005559944 4.6022935 -0.0013081742 0.0005431121 0.9999947 -0.002935125
975000.0 -0.008028813 -0.0071376013 4.890098 -0.0013791622 6.378478e-05 0.99999475 -0.0029441058
1025000.0 -0.006635092 -0.0049489816 5.1864457 -0.0015978036 -0.0006627759 0.99999636 -0.0020944525
1075000.0 -0.008552813 -0.008699713 5.4792347 -0.0014554193 -0.00096473756 0.9999979 -0.0010714065
1125000.0 -0.008726986 -0.01611855 5.771455 -0.0015291077 -0.0006071446 0.99999857 -0.00049430865
1175000.0 -0.0142390225 -0.01941282 6.0713058 -0.0015241728 -0.00036112574 0.9999988 0.00013654704
1225000.0 -0.009995864 -0.016434157 6.347483 -0.0016877969 -0.00043227413 0.99999815 0.00085327326
1275000.0 -0.011792065 -0.016834438 6.6414714 -0.001679187 0.0002645935 0.9999978 0.0012410078
1325000.0 -0.011579212 -0.017061235 6.9461594 -0.0017127196 0.00027451658 0.99999756 0.0014309905
1375000.0 -0.012747053 -0.015506175 7.2526255 -0.001749727 0.0003415188 0.99999744 0.0014504263
1425000.0 -0.016024956 -0.01798388 7.558321 -0.0016651122 -4.307748e-05 0.99999857 0.00024213523
1475000.0 -0.017107047 -0.017973594 7.8697877 -0.0015469504 -0.0005661209 0.999998 -0.0011895631
1525000.0 -0.017418385 -0.025032146 8.160826 -0.0014280785 -0.0008354463 0.99999577 -0.0024213258
1575000.0 -0.019596033 -0.026859043 8.467849 -0.0015133545 -0.00097166316 0.9999941 -0.0029388103
1625000.0 -0.02536705 -0.027152263 8.780855 -0.0016221751 -0.0010792774 0.9999927 -0.003283503
1675000.0 -0.02771819 -0.027997566 9.080398 -0.0017294206 -0.001131915 0.99999166 -0.0035325286
1725000.0 -0.024960177 -0.02981549 9.393523 -0.0018248855 -0.000803062 0.9999906 -0.0038618431
1775000.0 -0.029985463 -0.02533219 9.707915 -0.0016912979 -0.0008388472 0.9999913 -0.0037299115
1825000.0 -0.031314712 -0.03064737 10.004261 -0.0015203691 -0.00076543377 0.9999915 -0.003769134
1875000.0 -0.032678235 -0.032016613 10.320377 -0.0015575693 -0.00080376054 0.99999183 -0.0036471689
1925000.0 -0.035703797 -0.033109203 10.627164 -0.0015954706 -0.0013951086 0.9999915 -0.003554554
1975000.0 -0.042118788 -0.029826608 10.946971 -0.0015797523 -0.0023650143 0.9999901 -0.0034406178
2025000.0 -0.046840698 -0.032322478 11.258877 -0.0016283598 -0.0033409924 0.99998647 -0.0036497945
2075000.0 -0.05286805 -0.034451995 11.577492 -0.0017087773 -0.004036304 0.9999831 -0.0038325759
2125000.0 -0.055591416 -0.033320155 11.900179 -0.0018083714 -0.0042219386 0.9999825 -0.0037466655
2175000.0 -0.056376673 -0.034992646 12.2181015 -0.001969375 -0.004240876 0.9999826 -0.0036200327
2225000.0 -0.058078606 -0.04030018 12.540567 -0.002020303 -0.0041896785 0.99998313 -0.0034788938
2275000.0 -0.06175195 -0.038766053 12.869657 -0.002035752 -0.0040624435 0.9999847 -0.0031717664
2325000.0 -0.061882235 -0.04771163 13.185917 -0.0020114619 -0.0036708936 0.99998677 -0.0029896048
2375000.0 -0.06615679 -0.0500851 13.50971 -0.0018583954 -0.003793755 0.9999878 -0.0025797833
2425000.0 -0.06586447 -0.047308188 13.844962 -0.0018526308 -0.0037196954 0.99998873 -0.0023121233
2475000.0 -0.06446046 -0.04917874 14.159036 -0.0016549402 -0.0035508063 0.99999034 -0.0020042513
2525000.0 -0.06542383 -0.048758242 14.48769 -0.001579546 -0.0030342676 0.9999925 -0.0018248676
2575000.0 -0.069738775 -0.05852618 14.810341 -0.0012164281 -0.0030436248 0.999993 -0.0018158158
2625000.0 -0.06730647 -0.06278989 15.123997 -0.0010417785 -0.0028648302 0.9999935 -0.0019531113
2675000.0 -0.073465705 -0.06280578 15.449756 -0.00039165374 -0.0027182472 0.9999938 -0.0022300356
2725000.0 -0.07384779 -0.06428453 15.776063 0.0004534152 -0.0026068748 0.99999267 -0.0027649715
2775000.0 -0.06810096 -0.061214603 16.095938 0.0010775569 -0.0025971304 0.9999912 -0.0031250166
2825000.0 -0.071615145 -0.06290295 16.414341 0.0021403916 -0.002677938 0.99998736 -0.0036933594
2875000.0 -0.067019396 -0.06814549 16.72642 0.0028384184 -0.0020536953 0.9999849 -0.0042345286
2925000.0 -0.06186131 -0.07149428 17.042356 0.003526007 -0.0012192727 0.9999821 -0.004675318
2975000.0 -0.056523696 -0.070696265 17.365438 0.0042855428 -0.00071984954 0.9999793 -0.0047423355
3025000.0 -0.046406798 -0.07781137 17.672224 0.0050596264 -0.00027855742 0.9999753 -0.0048756055
3075000.0 -0.043459132 -0.079516575 17.986277 0.00626482 8.9656976e-05 0.9999699 -0.0045904396
3125000.0 -0.040361013 -0.07731672 18.299358 0.0072479686 0.00028737602 0.9999652 -0.0041357526
3175000.0 -0.034253765 -0.07833532 18.613136 0.00805215 0.0004305469 0.9999599 -0.003916644
3225000.0 -0.026513169 -0.08213085 18.913391 0.008986613 0.00055108237 0.9999514 -0.0040207235
3275000.0 -0.019326597 -0.08093498 19.221962 0.009757149 0.00085277087 0.99994314 -0.004238613
3325000.0 -0.011643998 -0.08410403 19.533697 0.010555144 0.0005342679 0.99993384 -0.004554818
3375000.0 -0.003198802 -0.087906994 19.836449 0.011320492 0.00078421354 0.999924 -0.0048279995
3425000.0 0.0075240782 -0.08988527 20.139528 0.012060701 0.0010698421 0.999915 -0.0048467005
3475000.0 0.017498251 -0.09219899 20.438896 0.012830447 0.0011074935 0.9999057 -0.004779168
3525000.0 0.021878714 -0.087283224 20.76544 0.013605464 0.0011077613 0.99989617 -0.004622558
3575000.0 0.036245357 -0.09314787 21.053675 0.013911875 0.0017948175 0.9998918 -0.0044378843
3625000.0 0.046348855 -0.09698227 21.349728 0.014462717 0.0019533113 0.9998839 -0.0043875
3675000.0 0.05902359 -0.099309824 21.646255 0.014949279 0.0021283056 0.99987674 -0.004307589
3725000.0 0.071706615 -0.10026443 21.946415 0.015410907 0.0021632363 0.9998698 -0.004256673
3775000.0 0.08076004 -0.10525512 22.233217 0.015913146 0.0024116517 0.9998612 -0.0043189623
3825000.0 0.08467089 -0.105461724 22.518608 0.016418127 0.00235058 0.99985313 -0.0043280674
3875000.0 0.10078153 -0.11170336 22.806995 0.016685996 0.002474953 0.9998465 -0.004741431
3925000.0 0.10724708 -0.10749859 23.109465 0.017167896 0.0024185546 0.99983907 -0.004620515
3975000.0 0.11884993 -0.10512 23.399414 0.017636098 0.0028078493 0.9998299 -0.004627914
4025000.0 0.12728861 -0.10800855 23.680107 0.018008785 0.002974349 0.99982256 -0.004671668
4075000.0 0.14035018 -0.108847015 23.961071 0.018415025 0.0030892766 0.9998146 -0.0047121835
4125000.0 0.16020665 -0.12154841 24.249657 0.018625667 0.003411395 0.9998084 -0.004967614
4175000.0 0.16878605 -0.12197541 24.53558 0.019005472 0.0035764738 0.99979985 -0.0051275906
4225000.0 0.1832033 -0.121030465 24.818819 0.019229218 0.0038450127 0.9997945 -0.0051442813
4275000.0 0.19202538 -0.12207134 25.097813 0.019625412 0.004086434 0.9997863 -0.0050534164
4325000.0 0.20381953 -0.12248148 25.38284 0.01989424 0.004339175 0.9997814 -0.004748187
4375000.0 0.21920295 -0.12556937 25.649534 0.02009697 0.0039033403 0.9997801 -0.004539026
4425000.0 0.22725849 -0.12687086 25.932673 0.020309614 0.0044074096 0.99977374 -0.004545038
4475000.0 0.23968562 -0.13046715 26.206013 0.020693755 0.005440494 0.9997603 -0.0046318634
4525000.0 0.25091344 -0.12863357 26.477524 0.020991936 0.005766764 0.99975264 -0.0045622606
4575000.0 0.25635645 -0.12541482 26.75291 0.021506682 0.005438694 0.99974513 -0.0042022895
4625000.0 0.27462295 -0.12726793 27.028393 0.021768494 0.0054604798 0.999741 -0.0037791894
4675000.0 0.2868834 -0.1260946 27.289839 0.021837318 0.0052820696 0.99974155 -0.0034856685
4725000.0 0.28811505 -0.12731306 27.571575 0.022239683 0.005009304 0.99973476 -0.003284378
4775000.0 0.31512973 -0.1339226 27.832035 0.022031093 0.0050873496 0.99973786 -0.0036156108
4825000.0 0.32837287 -0.1400329 28.12091 0.022173576 0.00555766 0.99973166 -0.0037540684
4875000.0 0.33774036 -0.1438277 28.38925 0.022450311 0.0061853076 0.9997218 -0.0037507284
4925000.0 0.35312548 -0.14340714 28.65558 0.02240247 0.0069577405 0.9997192 -0.003365544
4975000.0 0.36185125 -0.14228651 28.926592 0.022751873 0.0070053767 0.99971265 -0.002824113
5025000.0 0.37765273 -0.14123088 29.1898 0.022602001 0.007192859 0.999715 -0.0027185993
5075000.0 0.38653588 -0.15000457 29.454401 0.022941584 0.007213653 0.9997067 -0.0028873363
5125000.0 0.41226733 -0.15499952 29.74514 0.022898026 0.0068228217 0.9997109 -0.0027222137
5175000.0 0.4270046 -0.16104381 29.9987 0.022838982 0.0064689904 0.99971473 -0.0026765794
5225000.0 0.4321908 -0.15632303 30.274506 0.02306722 0.006776478 0.9997079 -0.002500976
5275000.0 0.44966394 -0.16651484 30.529327 0.022869758 0.0076792114 0.9997048 -0.0029144841
5325000.0 0.46173763 -0.1528996 30.813549 0.02308559 0.0084204795 0.99969506 -0.0024407152
5375000.0 0.4714561 -0.16839659 31.064758 0.023069272 0.009630657 0.9996836 -0.0027860778
5425000.0 0.49240643 -0.16136271 31.347277 0.023083499 0.009742037 0.9996826 -0.0026508747
5475000.0 0.5017083 -0.1650808 31.606026 0.023075197 0.0099039385 0.9996801 -0.003027503
5525000.0 0.51898474 -0.15612635 31.890059 0.02290908 0.008619311 0.9996967 -0.002726625
5575000.0 0.527996 -0.16772959 32.138428 0.02259194 0.007545423 0.9997118 -0.0030145673
5625000.0 0.5307605 -0.16685484 32.38816 0.022578623 0.0068315887 0.9997177 -0.0028499556
5675000.0 0.5295941 -0.15921041 32.672287 0.022358116 0.006522441 0.9997256 -0.0025471868
5725000.0 0.5575379 -0.16721644 32.92845 0.021474158 0.0068442747 0.9997432 -0.0023600853
5775000.0 0.57430494 -0.17194843 33.17329 0.020695329 0.007298884 0.99975634 -0.002409292
5825000.0 0.57846797 -0.16660474 33.44765 0.020464294 0.0077755987 0.9997583 -0.002053547
5875000.0 0.59482074 -0.1680467 33.70123 0.019888474 0.00812048 0.9997667 -0.0022634552
5925000.0 0.5918486 -0.17216673 33.95112 0.019609367 0.008568376 0.9997681 -0.0024208636
5975000.0 0.6057002 -0.16316578 34.22962 0.018757338 0.008671446 0.9997838 -0.0022956617
6025000.0 0.6144499 -0.16952103 34.460274 0.018218739 0.00796049 0.9997977 -0.0030470605
6075000.0 0.6148141 -0.17411244 34.710712 0.017732233 0.007556407 0.9998079 -0.0035680092
6125000.0 0.6119498 -0.17096588 34.956978 0.016904093 0.0072326544 0.99982417 -0.0036902574
6175000.0 0.6318145 -0.1708698 35.21021 0.015616351 0.006886688 0.99984735 -0.0037446972
6225000.0 0.63129246 -0.18128015 35.454292 0.01442944 0.006501519 0.9998677 -0.0037741477
6275000.0 0.6431961 -0.1810763 35.69738 0.013037524 0.0068380814 0.99988484 -0.0036908486
6325000.0 0.6487783 -0.18090276 35.951138 0.011758572 0.006886631 0.9998998 -0.0038457094
6375000.0 0.6363755 -0.1761759 36.178066 0.011011577 0.006254958 0.9999127 -0.0037844009
6425000.0 0.6295857 -0.17410168 36.429554 0.009671904 0.006379987 0.99992573 -0.0037947898
6475000.0 0.6373409 -0.18268166 36.661987 0.007918861 0.0062351753 0.999942 -0.0038022506
6525000.0 0.62567014 -0.1831612 36.88493 0.0064209704 0.0061785867 0.99995416 -0.0035155655
6575000.0 0.63179296 -0.18824342 37.11952 0.004189815 0.0063732187 0.9999635 -0.0038679685
6625000.0 0.62686455 -0.18899539 37.356297 0.0024223279 0.006366387 0.99996936 -0.0038580257
6675000.0 0.62520367 -0.19131663 37.5865 0.00019254825 0.006746288 0.9999684 -0.0042078374
6725000.0 0.616383 -0.18535367 37.822826 -0.0020490587 0.0075188023 0.9999596 -0.0044929828
6775000.0 0.6146615 -0.1946139 38.054234 -0.0044163046 0.00813884 0.9999437 -0.005196116
6825000.0 0.60944414 -0.18424919 38.30606 -0.0066564237 0.008178036 0.99993074 -0.0052367505
6875000.0 0.5890372 -0.19718534 38.522926 -0.009134329 0.008740171 0.99990594 -0.005332993
6925000.0 0.5900302 -0.18892808 38.767075 -0.011707439 0.008855624 0.99987876 -0.0052069793
6975000.0 0.5720861 -0.19713907 38.967937 -0.014615045 0.009113688 0.9998351 -0.0057613864
7025000.0 0.56460226 -0.19547336 39.206158 -0.017830474 0.00894324 0.99978423 -0.005803209
7075000.0 0.5317141 -0.19574 39.432304 -0.02025844 0.008298952 0.99974424 -0.0056788926
7125000.0 0.514553 -0.19861437 39.66153 -0.023502374 0.0081523415 0.9996744 -0.005682245
7175000.0 0.48873222 -0.19650103 39.881916 -0.02647258 0.007680415 0.9996041 -0.0056382883
7225000.0 0.4644055 -0.2050184 40.09043 -0.02957208 0.0073630447 0.9995192 -0.005710866
7275000.0 0.44141138 -0.2010096 40.322845 -0.032746244 0.007317729 0.9994236 -0.0051639373
7325000.0 0.4235277 -0.2001116 40.543877 -0.03638784 0.0071853953 0.9993013 -0.0046163015
7375000.0 0.39320287 -0.20503178 40.75848 -0.03972092 0.0071606715 0.999176 -0.004276735
7425000.0 0.36804044 -0.20690332 40.98005 -0.04308491 0.007198043 0.9990382 -0.0038122167
7475000.0 0.34195775 -0.20712757 41.193447 -0.046648946 0.00736165 0.9988799 -0.002953263
7525000.0 0.30875185 -0.20853606 41.40819 -0.049938586 0.0077712336 0.9987201 -0.0020025123
7575000.0 0.27855203 -0.20634906 41.6281 -0.0537004 0.008787659 0.9985171 -0.0016111291
7625000.0 0.24538583 -0.21209767 41.84385 -0.057475436 0.008621745 0.9983085 -0.0015912423
7675000.0 0.20820129 -0.2125059 42.052948 -0.06097082 0.008016257 0.99810654 -0.0013080613
7725000.0 0.17219381 -0.22013387 42.247055 -0.06463859 0.008124636 0.9978749 -0.0012796504
7775000.0 0.12972772 -0.21655174 42.45863 -0.0680572 0.0078531 0.9976503 -0.0006613927
7825000.0 0.091101944 -0.22200428 42.65361 -0.07179435 0.007955969 0.99738777 -0.0003014739
7875000.0 0.048520714 -0.22657563 42.85716 -0.07560416 0.0071848035 0.99711204 -2.5757621e-05
7925000.0 0.0038823336 -0.22264941 43.055004 -0.079128064 0.0067633647 0.9968415 0.00034631058
7975000.0 -0.041194804 -0.22939545 43.25864 -0.08275914 0.006644202 0.9965474 0.00030731142
8025000.0 -0.09396337 -0.22734669 43.460014 -0.08598548 0.0063090087 0.99627644 0.00029329036
8075000.0 -0.13810953 -0.22744295 43.663754 -0.08976412 0.004875025 0.9959511 -0.00022919428
8125000.0 -0.1794455 -0.23073074 43.84367 -0.093561485 0.005484179 0.99559796 -0.00091545936
8175000.0 -0.22584437 -0.22690675 44.042896 -0.09727124 0.0044704424 0.9952476 -0.0008303043
8225000.0 -0.28564733 -0.2378884 44.221565 -0.10076045 0.0038743557 0.99490285 -0.0008186441
8275000.0 -0.3394273 -0.23702312 44.41155 -0.10432761 0.0025037609 0.9945396 -0.00068406045
8325000.0 -0.3927204 -0.2448525 44.588837 -0.1079663 0.0022603143 0.9941514 -0.0011096704
8375000.0 -0.44874892 -0.24070811 44.7813 -0.11171236 0.0017784683 0.9937378 -0.0015513407
8425000.0 -0.50075126 -0.24320993 44.960354 -0.11598682 0.0016418287 0.9932474 -0.0020082481
8475000.0 -0.56090796 -0.24804649 45.135117 -0.1200158 0.002291036 0.99276656 -0.002371469
8525000.0 -0.62489426 -0.2357514 45.336372 -0.123493195 0.0024962004 0.99233997 -0.0021603222
8575000.0 -0.6797924 -0.25294474 45.518497 -0.12845767 0.0029699202 0.9917072 -0.0025742182
8625000.0 -0.7439296 -0.25662658 45.69957 -0.13294168 0.0027035477 0.9911171 -0.0024787385
8675000.0 -0.81072056 -0.25607857 45.879536 -0.137292 0.002074038 0.99052596 -0.002233501
8725000.0 -0.8850033 -0.2585938 46.065163 -0.14176759 0.0018350495 0.9898964 -0.0019350953
8775000.0 -0.9497083 -0.25816128 46.248375 -0.14660366 0.0016380997 0.98919266 -0.0016277949
8825000.0 -1.0180959 -0.2634367 46.417824 -0.15155156 0.0017188091 0.98844653 -0.0016455024
8875000.0 -1.094945 -0.26050177 46.611874 -0.15672155 0.0022137067 0.98763883 -0.0017369771
8925000.0 -1.1666914 -0.26195735 46.787006 -0.16151717 0.002709726 0.9868649 -0.0016102921
8975000.0 -1.2499769 -0.25829205 46.974415 -0.16638304 0.0026549255 0.986057 -0.001193923
9025000.0 -1.3375063 -0.2590649 47.157722 -0.17093433 0.001979167 0.98528016 -0.0008167749
9075000.0 -1.4087951 -0.25525227 47.342216 -0.17613882 0.0021232534 0.9843629 -0.0006544501
9125000.0 -1.4887823 -0.25843516 47.532986 -0.18131875 0.0025243936 0.9834208 -0.0008879196
9175000.0 -1.5709713 -0.25473806 47.71408 -0.18669972 0.0037223503 0.9824095 -0.0010414915
9225000.0 -1.6631496 -0.2452093 47.928673 -0.19226897 0.004647943 0.98133034 -0.0013897024
9275000.0 -1.7572446 -0.26810908 48.06429 -0.19704463 0.00462078 0.9803813 -0.0021376929
9325000.0 -1.8544673 -0.26913294 48.24768 -0.2021366 0.0041830186 0.9793459 -0.0022250805
9375000.0 -1.9484656 -0.27837163 48.421825 -0.20759538 0.004680036 0.9782003 -0.0025544881
9425000.0 -2.0440462 -0.27299798 48.611202 -0.21338852 0.0053697876 0.97694933 -0.00256703
9475000.0 -2.1392822 -0.28053093 48.79366 -0.21980682 0.006076369 0.97551984 -0.0030317202
9525000.0 -2.25353 -0.26927072 48.98355 -0.22546051 0.006349011 0.97422636 -0.003213173
9575000.0 -2.3581426 -0.2671531 49.158215 -0.23138034 0.0067592426 0.9728327 -0.0037487012
9625000.0 -2.4439392 -0.28511903 49.30879 -0.23726071 0.006341216 0.9714154 -0.0043862
9675000.0 -2.5468953 -0.29305565 49.46979 -0.2428798 0.006255054 0.97002596 -0.004472566
9725000.0 -2.6647944 -0.29140514 49.64654 -0.24898171 0.0062212665 0.9684792 -0.004185428
9775000.0 -2.7808952 -0.29068014 49.81337 -0.25523227 0.0062662973 0.96685183 -0.003841546
9825000.0 -2.8759425 -0.29868 49.96803 -0.2617162 0.006124226 0.9651155 -0.0043839617
9875000.0 -3.0042078 -0.31382602 50.123154 -0.2671862 0.005944028 0.9636131 -0.005102782
9925000.0 -3.126577 -0.30339575 50.290512 -0.27287316 0.006931283 0.96200967 -0.005446416
9975000.0 -3.2243981 -0.29701984 50.458508 -0.27913818 0.0072261468 0.96020633 -0.0057938443
10025000.0 -3.3480854 -0.29455662 50.613136 -0.28506643 0.006977946 0.9584616 -0.006313733
10075000.0 -3.4495432 -0.30145347 50.749218 -0.29148605 0.0068703988 0.9565261 -0.0068173516
10125000.0 -3.5925574 -0.30050656 50.909508 -0.29730713 0.005910756 0.95474166 -0.0064787692
10175000.0 -3.7231379 -0.2960842 51.067776 -0.30368164 0.004642328 0.95274055 -0.006435528
10225000.0 -3.8493118 -0.28793892 51.218464 -0.3099064 0.00352983 0.9507395 -0.0063188733
10275000.0 -3.9789157 -0.29603964 51.364075 -0.3159626 0.0035115445 0.9487399 -0.006925423
10325000.0 -4.0886407 -0.31047714 51.477623 -0.32222155 0.0024388542 0.94663084 -0.007581248
10375000.0 -4.244686 -0.30044305 51.64571 -0.32831022 0.002215996 0.9445365 -0.007636527
10425000.0 -4.3782415 -0.30195025 51.78805 -0.33445203 0.0024451108 0.9423742 -0.008172497
10475000.0 -4.518957 -0.29473257 51.924458 -0.34045663 0.0031408991 0.94021523 -0.008643147
10525000.0 -4.661929 -0.29256773 52.076565 -0.34656265 0.0042826454 0.9379719 -0.009204492
10575000.0 -4.794026 -0.2964749 52.20031 -0.35275912 0.00670283 0.9356423 -0.009467706
10625000.0 -4.9378524 -0.29534042 52.346146 -0.3590386 0.008609116 0.93323666 -0.009305002
10675000.0 -5.0795183 -0.3049499 52.463516 -0.36487377 0.00946973 0.93095756 -0.009777771
10725000.0 -5.2038007 -0.3154665 52.59223 -0.37098724 0.010379638 0.92852 -0.010549594
10775000.0 -5.3543925 -0.3216221 52.710186 -0.3765244 0.00970092 0.9262977 -0.010386026
10825000.0 -5.5163507 -0.30842894 52.839165 -0.3820741 0.008640904 0.9240499 -0.008751442
10875000.0 -5.654726 -0.32281446 52.96514 -0.38855267 0.007878286 0.921358 -0.0080195
10925000.0 -5.8313046 -0.30728173 53.103363 -0.39511305 0.0077003795 0.91857624 -0.006645119
10975000.0 -5.9660826 -0.31321245 53.21006 -0.40186417 0.0076084496 0.91564626 -0.006271346
11025000.0 -6.121056 -0.31385314 53.307972 -0.40763965 0.0075574974 0.913092 -0.00599102
11075000.0 -6.2736626 -0.31644067 53.42307 -0.41358674 0.008564122 0.91040194 -0.006399948
11125000.0 -6.426191 -0.31342846 53.536488 -0.4199643 0.00914456 0.90747106 -0.0065341946
11175000.0 -6.585804 -0.31840146 53.65336 -0.42593363 0.010152423 0.9046656 -0.007600505
11225000.0 -6.740919 -0.31691384 53.757843 -0.43192333 0.0102268215 0.90180916 -0.008820908
11275000.0 -6.918921 -0.3205088 53.868572 -0.43766272 0.011566369 0.89900315 -0.010535406
11325000.0 -7.099743 -0.29855648 54.01026 -0.44413894 0.011845652 0.8958146 -0.0107987905
11375000.0 -7.239608 -0.31876627 54.0884 -0.44968015 0.011731893 0.89302176 -0.012737268
11425000.0 -7.415577 -0.3098085 54.193222 -0.455386 0.01100043 0.8901159 -0.014011415
11475000.0 -7.5894327 -0.3149801 54.28292 -0.46065181 0.009963893 0.8873785 -0.016127275
11525000.0 -7.7671223 -0.30628228 54.39439 -0.46659395 0.008608774 0.88426745 -0.01694654
11575000.0 -7.9344015 -0.31929016 54.485657 -0.47271052 0.0073377904 0.8809944 -0.01843791
11625000.0 -8.118072 -0.30472672 54.57733 -0.47837833 0.005490247 0.87795305 -0.017960655
11675000.0 -8.283952 -0.31594592 54.66259 -0.48442096 0.004777716 0.87462085 -0.018760633
11725000.0 -8.4656105 -0.3071413 54.748688 -0.49009055 0.0050035925 0.8714587 -0.018600842
11775000.0 -8.640271 -0.30921656 54.82897 -0.4960187 0.00471663 0.86810684 -0.018270617
11825000.0 -8.827758 -0.29737312 54.915398 -0.5014326 0.0045033447 0.86502075 -0.016860064
11875000.0 -8.999922 -0.3032022 54.989006 -0.50694466 0.004892256 0.86180174 -0.016760672
11925000.0 -9.17261 -0.30134803 55.06501 -0.5125601 0.0053147622 0.8584738 -0.016636077
11975000.0 -9.350018 -0.3075446 55.1306 -0.5181229 0.0058480226 0.85511553 -0.017083054
12025000.0 -9.525825 -0.30113995 55.220528 -0.5243646 0.006548622 0.8512992 -0.016988903
12075000.0 -9.70919 -0.3012373 55.288605 -0.52972865 0.00790032 0.8479594 -0.017030945
12125000.0 -9.890268 -0.29933494 55.36807 -0.5357586 0.009503683 0.8441481 -0.016923795
12175000.0 -10.071146 -0.29959863 55.429478 -0.540832 0.010059368 0.8409087 -0.016496927
12225000.0 -10.261862 -0.28632674 55.51332 -0.5465484 0.009971445 0.8372237 -0.01555511
12275000.0 -10.440405 -0.2957851 55.559685 -0.55137414 0.009774697 0.8340619 -0.015226725
12325000.0 -10.623692 -0.2920227 55.61075 -0.5565288 0.00931162 0.83065695 -0.014075153
12375000.0 -10.811628 -0.2936981 55.664154 -0.56189775 0.009231065 0.8270451 -0.013494159
12425000.0 -10.983906 -0.2989436 55.703575 -0.5673179 0.008177613 0.82335675 -0.012927623
12475000.0 -11.182283 -0.28884953 55.78216 -0.573131 0.0075177043 0.81933665 -0.012319317
12525000.0 -11.36725 -0.2920985 55.811935 -0.5777093 0.0070748734 0.8161184 -0.012352392
12575000.0 -11.562067 -0.29271352 55.861595 -0.5827719 0.0073042484 0.8125042 -0.012669112
12625000.0 -11.770617 -0.27933875 55.907104 -0.58730954 0.0074310186 0.8092308 -0.012565708
12675000.0 -11.946194 -0.2947405 55.963646 -0.5925149 0.0078378925 0.8054081 -0.013512173
12725000.0 -12.139164 -0.28443885 56.011932 -0.59739673 0.0077577257 0.80179846 -0.013273446
12775000.0 -12.342281 -0.2772681 56.057106 -0.6020163 0.00822834 0.7983296 -0.013366207
12825000.0 -12.54158 -0.28144747 56.09141 -0.6065947 0.008764533 0.7948432 -0.013801327
12875000.0 -12.7443695 -0.2812357 56.13121 -0.6111922 0.00918934 0.791303 -0.014120299
12925000.0 -12.938835 -0.28875387 56.173164 -0.6161797 0.009528227 0.7874068 -0.014910029
12975000.0 -13.145187 -0.28937155 56.202892 -0.6204369 0.00955822 0.78404474 -0.015507816
13025000.0 -13.354698 -0.2825945 56.234276 -0.6248094 0.009198812 0.7805645 -0.015739996
13075000.0 -13.563099 -0.2812633 56.262863 -0.6292823 0.008935328 0.77695113 -0.016460713
13125000.0 -13.758982 -0.28672153 56.29836 -0.63393116 0.008579425 0.7731626 -0.016655233
13175000.0 -13.974083 -0.28304023 56.2808 -0.6377982 0.00800964 0.7700002 -0.01577973
13225000.0 -14.179546 -0.2876938 56.318665 -0.6427862 0.007983748 0.76586014 -0.014849377
13275000.0 -14.387962 -0.28896648 56.335136 -0.647374 0.0077547566 0.7620155 -0.013385035
13325000.0 -14.599159 -0.2875958 56.34897 -0.6517841 0.0074974336 0.75827163 -0.012062452
