# timestamp[secs] tx ty tz qx qy qz qw
0.025 -0.0 -0.0 -0.0 -0.0 -0.0 -0.0 1.0
0.075 -0.0 -0.0 -0.0 -0.0 -0.0 -0.0 1.0
0.125 -0.0 -0.0 -0.0 -0.0 -0.0 -0.0 1.0
0.175 0.0004992536269128323 -0.0023380261845886707 0.679097056388855 0.00046502024633809924 -0.0003323364944662899 0.0005525856395252049 0.9999997019767761
0.225 0.0004992536269128323 -0.0023380261845886707 0.679097056388855 0.00046502024633809924 -0.0003323364944662899 0.0005525856395252049 0.9999997019767761
0.275 0.0004992536269128323 -0.0023380261845886707 0.679097056388855 0.00046502024633809924 -0.0003323364944662899 0.0005525856395252049 0.9999997019767761
0.325 -0.00026929035084322095 -0.004762974567711353 1.3959484100341797 -0.00020114034123253077 -0.00043577051837928593 0.0005172531818971038 0.9999997615814209
0.375 -0.00026929035084322095 -0.004762974567711353 1.3959484100341797 -0.00020114034123253077 -0.00043577051837928593 0.0005172531818971038 0.9999997615814209
0.425 -0.00026929035084322095 -0.004762974567711353 1.3959484100341797 -0.00020114034123253077 -0.00043577051837928593 0.0005172531818971038 0.9999997615814209
0.475 -0.00305004115216434 -0.005594209302216768 2.150923728942871 -0.0006203837692737579 -0.000736613292247057 -4.615241414285265e-05 0.9999995231628418
0.525 -0.00305004115216434 -0.005594209302216768 2.150923728942871 -0.0006203837692737579 -0.000736613292247057 -4.615241414285265e-05 0.9999995231628418
0.575 -0.004003250505775213 -0.009254214353859425 2.674412250518799 -0.0005105050513520837 -0.0009352271445095539 0.00031928328098729253 0.9999994039535522
0.625 -0.004003250505775213 -0.009254214353859425 2.674412250518799 -0.0005105050513520837 -0.0009352271445095539 0.00031928328098729253 0.9999994039535522
0.675 -0.005685359239578247 -0.009869393892586231 3.219085931777954 -0.0007733423262834549 -0.0009706020937301219 0.0007920849020592868 0.999998927116394
0.725 -0.005685359239578247 -0.009869393892586231 3.219085931777954 -0.0007733423262834549 -0.0009706020937301219 0.0007920849020592868 0.999998927116394
0.775 -0.011477326974272728 -0.009190671145915985 3.774035692214966 -0.001486380584537983 -0.0010444838553667068 0.0003887802886310965 0.9999983310699463
0.825 -0.011477326974272728 -0.009190671145915985 3.774035692214966 -0.001486380584537983 -0.0010444838553667068 0.0003887802886310965 0.9999983310699463
0.875 -0.012379009276628494 -0.005024532321840525 4.347585678100586 -0.0023173699155449867 -0.0011841162340715528 0.0004703164449892938 0.999996542930603
0.925 -0.005703836679458618 -0.005559944082051516 4.602293491363525 -0.0029351250268518925 -0.0013081742217764258 0.0005431121098808944 0.999994695186615
0.975 -0.00802881270647049 -0.007137601263821125 4.8900980949401855 -0.0029441057704389095 -0.0013791621895506978 6.378477701218799e-05 0.9999947547912598
1.025 -0.006635092198848724 -0.004948981571942568 5.186445713043213 -0.002094452502205968 -0.0015978035517036915 -0.000662775884848088 0.9999963641166687
1.075 -0.008552812971174717 -0.00869971327483654 5.47923469543457 -0.001071406528353691 -0.0014554193476215005 -0.0009647375554777682 0.9999979138374329
1.125 -0.00872698612511158 -0.016118550673127174 5.771454811096191 -0.0004943086532875896 -0.00152910768520087 -0.0006071446114219725 0.9999985694885254
1.175 -0.014239022508263588 -0.019412819296121597 6.071305751800537 0.00013654703798238188 -0.0015241728397086263 -0.00036112574161961675 0.9999988079071045
1.225 -0.009995863772928715 -0.016434157267212868 6.347483158111572 0.0008532732608728111 -0.0016877969028428197 -0.00043227412970736623 0.999998152256012
1.275 -0.011792064644396305 -0.01683443784713745 6.6414713859558105 0.0012410078197717667 -0.0016791869420558214 0.0002645934873726219 0.9999977946281433
1.325 -0.011579211801290512 -0.01706123538315296 6.946159362792969 0.0014309905236586928 -0.0017127195606008172 0.00027451658388599753 0.9999975562095642
1.375 -0.012747053056955338 -0.015506175346672535 7.252625465393066 0.0014504262944683433 -0.0017497269436717033 0.0003415188111830503 0.9999974370002747
1.425 -0.016024956479668617 -0.017983879894018173 7.558320999145508 0.00024213522556237876 -0.0016651122132316232 -4.3077481677755713e-05 0.9999985694885254
1.475 -0.017107047140598297 -0.01797359436750412 7.869787693023682 -0.0011895630741491914 -0.0015469504287466407 -0.0005661208997480571 0.9999979734420776
1.525 -0.017418384552001953 -0.025032145902514458 8.160825729370117 -0.002421325771138072 -0.0014280785107985139 -0.000835446291603148 0.999995768070221
1.575 -0.019596032798290253 -0.026859043166041374 8.467848777770996 -0.002938810270279646 -0.001513354480266571 -0.0009716631611809134 0.9999940991401672
1.625 -0.025367049500346184 -0.02715226262807846 8.780855178833008 -0.0032835029996931553 -0.0016221750993281603 -0.0010792773682624102 0.9999927282333374
1.675 -0.027718190103769302 -0.027997566387057304 9.080397605895996 -0.003532528644427657 -0.001729420619085431 -0.001131915021687746 0.9999916553497314
1.725 -0.024960177019238472 -0.029815489426255226 9.393523216247559 -0.003861843142658472 -0.0018248854903504252 -0.0008030619937926531 0.9999905824661255
1.775 -0.029985463246703148 -0.025332190096378326 9.707915306091309 -0.003729911521077156 -0.001691297860816121 -0.0008388471906073391 0.9999912977218628
1.825 -0.03131471201777458 -0.030647369101643562 10.004261016845703 -0.0037691339384764433 -0.001520369085483253 -0.0007654337678104639 0.9999914765357971
1.875 -0.032678235322237015 -0.03201661258935928 10.320377349853516 -0.003647168865427375 -0.0015575692523270845 -0.0008037605439312756 0.9999918341636658
1.925 -0.03570379689335823 -0.03310920298099518 10.627163887023926 -0.003554553957656026 -0.0015954705886542797 -0.0013951086439192295 0.9999914765357971
1.975 -0.04211878776550293 -0.029826607555150986 10.94697093963623 -0.0034406178165227175 -0.0015797523083165288 -0.0023650142829865217 0.9999901056289673
2.025 -0.04684069752693176 -0.0323224775493145 11.25887680053711 -0.0036497944965958595 -0.001628359779715538 -0.0033409923780709505 0.999986469745636
2.075 -0.05286804959177971 -0.03445199504494667 11.577491760253906 -0.0038325758650898933 -0.0017087772721424699 -0.004036304075270891 0.9999830722808838
2.125 -0.055591415613889694 -0.03332015499472618 11.900178909301758 -0.0037466655485332012 -0.0018083713948726654 -0.0042219385504722595 0.999982476234436
2.175 -0.05637667328119278 -0.03499264642596245 12.218101501464844 -0.00362003268674016 -0.0019693749491125345 -0.004240876063704491 0.9999825954437256
2.225 -0.05807860568165779 -0.04030017927289009 12.540567398071289 -0.0034788937773555517 -0.00202030292712152 -0.004189678467810154 0.9999831318855286
2.275 -0.06175195053219795 -0.038766052573919296 12.869656562805176 -0.003171766409650445 -0.0020357519388198853 -0.004062443505972624 0.9999846816062927
2.325 -0.06188223510980606 -0.047711629420518875 13.185916900634766 -0.0029896048363298178 -0.0020114618819206953 -0.003670893609523773 0.9999867677688599
2.375 -0.0661567896604538 -0.050085101276636124 13.509710311889648 -0.002579783322289586 -0.0018583954079076648 -0.003793755080550909 0.999987781047821
2.425 -0.06586447358131409 -0.04730818793177605 13.844962120056152 -0.0023121233098208904 -0.0018526307540014386 -0.0037196953780949116 0.9999887347221375
2.475 -0.06446045637130737 -0.04917873814702034 14.159035682678223 -0.0020042513497173786 -0.001654940191656351 -0.003550806315615773 0.9999903440475464
2.525 -0.06542383134365082 -0.04875824227929115 14.487689971923828 -0.001824867562390864 -0.0015795460203662515 -0.0030342675745487213 0.9999924898147583
2.575 -0.06973877549171448 -0.0585261806845665 14.810340881347656 -0.0018158158054575324 -0.0012164281215518713 -0.0030436248052865267 0.9999930262565613
2.625 -0.06730646640062332 -0.06278988718986511 15.12399673461914 -0.0019531112629920244 -0.0010417784797027707 -0.002864830195903778 0.9999935030937195
2.675 -0.07346570491790771 -0.06280577927827835 15.449755668640137 -0.0022300356067717075 -0.00039165373891592026 -0.002718247240409255 0.9999938011169434
2.725 -0.07384779304265976 -0.06428453326225281 15.776062965393066 -0.00276497146114707 0.0004534152103587985 -0.0026068747974932194 0.9999926686286926
2.775 -0.0681009590625763 -0.06121460348367691 16.095937728881836 -0.003125016577541828 0.00107755686622113 -0.0025971303693950176 0.9999911785125732
2.825 -0.07161514461040497 -0.06290294975042343 16.41434097290039 -0.003693359438329935 0.002140391618013382 -0.0026779379695653915 0.9999873638153076
2.875 -0.06701939553022385 -0.06814549118280411 16.72641944885254 -0.004234528634697199 0.0028384183533489704 -0.0020536952652037144 0.9999849200248718
2.925 -0.0618613101541996 -0.07149428129196167 17.042356491088867 -0.004675318021327257 0.0035260070580989122 -0.0012192727299407125 0.9999821186065674
2.975 -0.05652369558811188 -0.07069626450538635 17.36543846130371 -0.0047423355281353 0.004285542760044336 -0.0007198495441116393 0.9999793171882629
3.025 -0.04640679806470871 -0.07781136780977249 17.672224044799805 -0.004875605460256338 0.005059626419097185 -0.00027855741791427135 0.999975323677063
3.075 -0.04345913231372833 -0.07951657474040985 17.986276626586914 -0.004590439610183239 0.006264820229262114 8.96569763426669e-05 0.9999698996543884
3.125 -0.040361013263463974 -0.07731671631336212 18.299358367919922 -0.004135752562433481 0.007247968576848507 0.00028737602406181395 0.9999651908874512
3.175 -0.034253764897584915 -0.07833532243967056 18.613136291503906 -0.003916644025593996 0.008052149787545204 0.00043054690468125045 0.9999598860740662
3.225 -0.026513168588280678 -0.08213084936141968 18.91339111328125 -0.0040207235142588615 0.008986612781882286 0.0005510823684744537 0.9999514222145081
3.275 -0.019326597452163696 -0.08093497902154922 19.221961975097656 -0.004238612949848175 0.009757149033248425 0.0008527708705514669 0.9999431371688843
3.325 -0.011643998324871063 -0.0841040313243866 19.5336971282959 -0.004554817918688059 0.010555144399404526 0.0005342679214663804 0.9999338388442993
3.375 -0.0031988020054996014 -0.08790699392557144 19.836448669433594 -0.004827999509871006 0.011320492252707481 0.0007842135382816195 0.9999240040779114
3.425 0.007524078246206045 -0.08988527208566666 20.139528274536133 -0.004846700467169285 0.012060700915753841 0.0010698421392589808 0.9999150037765503
3.475 0.017498251050710678 -0.09219899028539658 20.43889617919922 -0.00477916793897748 0.012830447405576706 0.0011074935318902135 0.9999057054519653
3.525 0.021878713741898537 -0.08728322386741638 20.765439987182617 -0.004622558131814003 0.01360546424984932 0.0011077612871304154 0.9998961687088013
3.575 0.03624535724520683 -0.09314786642789841 21.053674697875977 -0.0044378843158483505 0.01391187496483326 0.0017948175081983209 0.9998918175697327
3.625 0.04634885489940643 -0.09698227047920227 21.349727630615234 -0.0043875002302229404 0.01446271687746048 0.001953311264514923 0.9998838901519775
3.675 0.05902358889579773 -0.09930982440710068 21.646255493164062 -0.004307589028030634 0.01494927890598774 0.0021283056121319532 0.9998767375946045
3.725 0.0717066153883934 -0.10026443004608154 21.946414947509766 -0.004256673157215118 0.01541090663522482 0.0021632362622767687 0.9998698234558105
3.775 0.08076003938913345 -0.1052551195025444 22.233217239379883 -0.004318962339311838 0.01591314561665058 0.0024116516578942537 0.9998611807823181
3.825 0.08467088639736176 -0.1054617241024971 22.51860809326172 -0.004328067414462566 0.016418127343058586 0.0023505799472332 0.9998531341552734
3.875 0.10078153014183044 -0.11170335859060287 22.806995391845703 -0.004741431213915348 0.01668599620461464 0.002474952954798937 0.9998465180397034
3.925 0.10724707692861557 -0.10749859362840652 23.109464645385742 -0.004620514810085297 0.017167896032333374 0.0024185546208173037 0.9998390674591064
3.975 0.11884993314743042 -0.10512000322341919 23.3994140625 -0.004627914167940617 0.017636097967624664 0.002807849319651723 0.999829888343811
4.025 0.1272886097431183 -0.10800854861736298 23.68010711669922 -0.004671668168157339 0.01800878532230854 0.0029743490740656853 0.9998225569725037
4.075 0.14035017788410187 -0.10884701460599899 23.961071014404297 -0.004712183494120836 0.018415024504065514 0.003089276608079672 0.9998146295547485
4.125 0.1602066457271576 -0.12154840677976608 24.249656677246094 -0.004967614077031612 0.018625667318701744 0.0034113950096070766 0.9998083710670471
4.175 0.16878604888916016 -0.12197540700435638 24.535579681396484 -0.005127590615302324 0.01900547184050083 0.0035764737986028194 0.9997998476028442
4.225 0.1832032948732376 -0.12103046476840973 24.818819046020508 -0.005144281312823296 0.019229218363761902 0.0038450127467513084 0.9997944831848145
4.275 0.19202537834644318 -0.12207134068012238 25.09781265258789 -0.005053416360169649 0.019625412300229073 0.004086433909833431 0.9997863173484802
4.325 0.20381952822208405 -0.12248148024082184 25.38283920288086 -0.004748187027871609 0.01989424042403698 0.004339174833148718 0.9997814297676086
4.375 0.2192029505968094 -0.12556937336921692 25.649534225463867 -0.0045390259474515915 0.020096970722079277 0.0039033403154462576 0.9997801184654236
4.425 0.22725848853588104 -0.12687085568904877 25.93267250061035 -0.004545038100332022 0.02030961401760578 0.004407409578561783 0.9997737407684326
4.475 0.23968562483787537 -0.13046714663505554 26.206012725830078 -0.0046318634413182735 0.02069375477731228 0.005440494045615196 0.9997603297233582
4.525 0.25091344118118286 -0.12863357365131378 26.477523803710938 -0.0045622605830430984 0.020991936326026917 0.0057667638175189495 0.9997526407241821
4.575 0.25635644793510437 -0.12541481852531433 26.752910614013672 -0.004202289506793022 0.02150668203830719 0.0054386937990784645 0.9997451305389404
4.625 0.27462294697761536 -0.12726792693138123 27.028392791748047 -0.0037791894283145666 0.021768493577837944 0.005460479762405157 0.9997410178184509
4.675 0.2868834137916565 -0.12609459459781647 27.289838790893555 -0.0034856684505939484 0.021837318316102028 0.005282069556415081 0.9997415542602539
4.725 0.2881150543689728 -0.1273130625486374 27.571575164794922 -0.0032843779772520065 0.0222396831959486 0.0050093038007617 0.9997347593307495
4.775 0.31512972712516785 -0.13392260670661926 27.832035064697266 -0.0036156107671558857 0.022031093016266823 0.005087349563837051 0.9997378587722778
4.825 0.32837286591529846 -0.14003290235996246 28.12091064453125 -0.003754068398848176 0.022173576056957245 0.005557660013437271 0.9997316598892212
4.875 0.33774036169052124 -0.14382770657539368 28.389249801635742 -0.0037507284432649612 0.022450311109423637 0.0061853076331317425 0.9997218251228333
4.925 0.3531254827976227 -0.14340713620185852 28.655580520629883 -0.0033655439037829638 0.02240246906876564 0.006957740522921085 0.9997192025184631
4.975 0.3618512451648712 -0.1422865092754364 28.926591873168945 -0.002824113005772233 0.02275187335908413 0.0070053767412900925 0.9997126460075378
5.025 0.37765273451805115 -0.14123088121414185 29.189800262451172 -0.0027185992803424597 0.022602001205086708 0.007192858960479498 0.9997149705886841
5.075 0.3865358829498291 -0.1500045657157898 29.45440101623535 -0.002887336304411292 0.022941583767533302 0.007213653065264225 0.9997066855430603
5.125 0.4122673273086548 -0.1549995243549347 29.745140075683594 -0.0027222137432545424 0.022898025810718536 0.00682282168418169 0.9997109174728394
5.175 0.4270046055316925 -0.16104380786418915 29.998699188232422 -0.002676579402759671 0.022838981822133064 0.0064689903520047665 0.999714732170105
5.225 0.43219080567359924 -0.15632303059101105 30.274505615234375 -0.0025009759701788425 0.02306721918284893 0.006776478141546249 0.9997078776359558
5.275 0.4496639370918274 -0.16651484370231628 30.529327392578125 -0.0029144841246306896 0.022869758307933807 0.007679211441427469 0.9997047781944275
5.325 0.46173763275146484 -0.1528995931148529 30.813549041748047 -0.0024407152086496353 0.023085590451955795 0.008420479483902454 0.9996950626373291
5.375 0.4714561104774475 -0.16839659214019775 31.06475830078125 -0.002786077791824937 0.023069271817803383 0.00963065680116415 0.9996836185455322
5.425 0.49240642786026 -0.16136270761489868 31.34727668762207 -0.0026508746668696404 0.02308349870145321 0.009742037393152714 0.999682605266571
5.475 0.5017083287239075 -0.16508080065250397 31.60602569580078 -0.003027502913028002 0.023075196892023087 0.009903938509523869 0.9996801018714905
5.525 0.5189847350120544 -0.15612635016441345 31.890058517456055 -0.0027266249526292086 0.022909080609679222 0.008619311265647411 0.999696671962738
5.575 0.5279960036277771 -0.16772958636283875 32.138427734375 -0.00301456730812788 0.022591939195990562 0.007545423228293657 0.999711811542511
5.625 0.5307605266571045 -0.1668548434972763 32.388160705566406 -0.002849955577403307 0.02257862314581871 0.006831588689237833 0.9997177124023438
5.675 0.5295941233634949 -0.1592104136943817 32.67228698730469 -0.0025471867993474007 0.022358115762472153 0.006522440817207098 0.9997255802154541
5.725 0.5575379133224487 -0.1672164350748062 32.92845153808594 -0.0023600852582603693 0.021474158391356468 0.006844274699687958 0.9997432231903076
5.775 0.5743049383163452 -0.17194843292236328 33.17329025268555 -0.0024092919193208218 0.02069532871246338 0.007298883982002735 0.9997563362121582
5.825 0.5784679651260376 -0.16660474240779877 33.44765090942383 -0.002053546952083707 0.020464293658733368 0.007775598671287298 0.9997583031654358
5.875 0.5948207378387451 -0.16804669797420502 33.701229095458984 -0.0022634551860392094 0.01988847367465496 0.008120479993522167 0.9997667074203491
5.925 0.591848611831665 -0.17216673493385315 33.95111846923828 -0.002420863602310419 0.019609367474913597 0.008568376302719116 0.999768078327179
5.975 0.6057001948356628 -0.16316577792167664 34.22962188720703 -0.0022956617176532745 0.01875733770430088 0.008671445772051811 0.9997838139533997
6.025 0.6144499182701111 -0.1695210337638855 34.46027374267578 -0.003047060454264283 0.018218738958239555 0.007960489951074123 0.9997977018356323
6.075 0.6148141026496887 -0.1741124391555786 34.71071243286133 -0.003568009240552783 0.017732232809066772 0.007556406781077385 0.9998078942298889
6.125 0.6119498014450073 -0.17096588015556335 34.95697784423828 -0.0036902574356645346 0.016904093325138092 0.007232654374092817 0.9998241662979126
6.175 0.6318144798278809 -0.17086979746818542 35.210208892822266 -0.0037446971982717514 0.015616350807249546 0.006886688061058521 0.9998473525047302
6.225 0.631292462348938 -0.18128015100955963 35.45429229736328 -0.0037741477135568857 0.014429439790546894 0.006501519121229649 0.9998676776885986
6.275 0.6431961059570312 -0.1810763031244278 35.69738006591797 -0.0036908485926687717 0.013037524186074734 0.006838081404566765 0.999884843826294
6.325 0.6487783193588257 -0.18090276420116425 35.95113754272461 -0.003845709376037121 0.011758572421967983 0.006886630784720182 0.9998998045921326
6.375 0.6363754868507385 -0.17617590725421906 36.17806625366211 -0.003784400876611471 0.0110115772113204 0.006254957988858223 0.999912679195404
6.425 0.6295856833457947 -0.17410168051719666 36.4295539855957 -0.003794789779931307 0.009671904146671295 0.006379987113177776 0.9999257326126099
6.475 0.6373409032821655 -0.18268166482448578 36.6619873046875 -0.0038022506050765514 0.007918860763311386 0.006235175300389528 0.9999420046806335
6.525 0.6256701350212097 -0.183161199092865 36.88492965698242 -0.003515565535053611 0.006420970428735018 0.00617858674377203 0.9999541640281677
6.575 0.6317929625511169 -0.18824341893196106 37.1195182800293 -0.003867968451231718 0.004189814906567335 0.006373218726366758 0.9999635219573975
6.625 0.6268645524978638 -0.1889953911304474 37.35629653930664 -0.003858025651425123 0.0024223278742283583 0.0063663870096206665 0.9999693632125854
6.675 0.6252036690711975 -0.1913166344165802 37.58649826049805 -0.0042078373953700066 0.00019254825019743294 0.006746287923306227 0.999968409538269
6.725 0.6163830161094666 -0.18535366654396057 37.82282638549805 -0.004492982756346464 -0.002049058675765991 0.0075188023038208485 0.9999595880508423
6.775 0.6146615147590637 -0.19461390376091003 38.05423355102539 -0.005196115933358669 -0.004416304640471935 0.008138840086758137 0.9999436736106873
6.825 0.6094441413879395 -0.18424919247627258 38.306060791015625 -0.005236750468611717 -0.006656423676759005 0.008178035728633404 0.999930739402771
6.875 0.5890371799468994 -0.19718533754348755 38.522926330566406 -0.0053329928778111935 -0.009134328924119473 0.008740170858800411 0.9999059438705444
6.925 0.5900301933288574 -0.18892808258533478 38.76707458496094 -0.0052069793455302715 -0.011707439087331295 0.008855624124407768 0.9998787641525269
6.975 0.5720860958099365 -0.19713906943798065 38.96793746948242 -0.00576138636097312 -0.014615044929087162 0.00911368802189827 0.9998350739479065
7.025 0.564602255821228 -0.19547335803508759 39.20615768432617 -0.00580320879817009 -0.01783047430217266 0.008943240158259869 0.9997842311859131
7.075 0.5317140817642212 -0.1957399994134903 39.43230438232422 -0.0056788926012814045 -0.02025843970477581 0.008298952132463455 0.9997442364692688
7.125 0.5145530104637146 -0.19861437380313873 39.661529541015625 -0.005682244896888733 -0.023502374067902565 0.008152341470122337 0.999674379825592
7.175 0.4887322187423706 -0.19650103151798248 39.88191604614258 -0.0056382883340120316 -0.026472579687833786 0.00768041517585516 0.9996041059494019
7.225 0.46440550684928894 -0.20501840114593506 40.090431213378906 -0.0057108658365905285 -0.029572080820798874 0.007363044656813145 0.9995192289352417
7.275 0.4414113759994507 -0.201009601354599 40.322845458984375 -0.005163937341421843 -0.032746244221925735 0.007317728828638792 0.999423623085022
7.325 0.42352768778800964 -0.20011159777641296 40.54387664794922 -0.004616301506757736 -0.036387838423252106 0.0071853953413665295 0.9993013143539429
7.375 0.39320287108421326 -0.20503178238868713 40.758480072021484 -0.00427673477679491 -0.039720918983221054 0.007160671520978212 0.999176025390625
7.425 0.36804044246673584 -0.20690332353115082 40.98004913330078 -0.0038122166879475117 -0.04308490827679634 0.007198043167591095 0.9990382194519043
7.475 0.3419577479362488 -0.20712757110595703 41.19344711303711 -0.0029532629996538162 -0.04664894565939903 0.007361650001257658 0.9988799095153809
7.525 0.3087518513202667 -0.2085360586643219 41.4081916809082 -0.002002512337639928 -0.04993858560919762 0.0077712335623800755 0.998720109462738
7.575 0.27855202555656433 -0.20634905993938446 41.62810134887695 -0.0016111291479319334 -0.05370039865374565 0.008787658996880054 0.9985170960426331
7.625 0.24538582563400269 -0.2120976746082306 41.843849182128906 -0.0015912422677502036 -0.057475436478853226 0.008621744811534882 0.9983084797859192
7.675 0.20820128917694092 -0.21250590682029724 42.052947998046875 -0.0013080612989142537 -0.06097082048654556 0.008016256615519524 0.9981065392494202
7.725 0.17219381034374237 -0.22013387084007263 42.24705505371094 -0.001279650372453034 -0.06463859230279922 0.008124635554850101 0.997874915599823
7.775 0.12972772121429443 -0.2165517359972 42.4586296081543 -0.0006613926962018013 -0.06805720180273056 0.007853100076317787 0.9976503252983093
7.825 0.09110194444656372 -0.22200427949428558 42.65361022949219 -0.0003014738904312253 -0.07179435342550278 0.00795596931129694 0.9973877668380737
7.875 0.04852071404457092 -0.22657562792301178 42.85715866088867 -2.5757621187949553e-05 -0.0756041631102562 0.007184803485870361 0.9971120357513428
7.925 0.0038823336362838745 -0.22264941036701202 43.05500411987305 0.00034631058224476874 -0.07912806421518326 0.006763364654034376 0.9968414902687073
7.975 -0.04119480401277542 -0.22939544916152954 43.25864028930664 0.0003073114203289151 -0.08275914192199707 0.006644201930612326 0.9965474009513855
8.025 -0.0939633697271347 -0.22734668850898743 43.46001434326172 0.0002932903589680791 -0.08598548173904419 0.006309008691459894 0.9962764382362366
8.075 -0.13810953497886658 -0.22744295001029968 43.663753509521484 -0.00022919428010936826 -0.08976411819458008 0.004875024780631065 0.9959511160850525
8.125 -0.17944550514221191 -0.23073074221611023 43.84366989135742 -0.0009154593572020531 -0.09356148540973663 0.005484179127961397 0.9955979585647583
8.175 -0.2258443683385849 -0.22690674662590027 44.04289627075195 -0.0008303042850457132 -0.09727124124765396 0.004470442421734333 0.9952476024627686
8.225 -0.28564733266830444 -0.2378883957862854 44.22156524658203 -0.0008186441264115274 -0.10076045244932175 0.0038743556942790747 0.9949028491973877
8.275 -0.33942729234695435 -0.23702311515808105 44.41154861450195 -0.000684060447383672 -0.10432761162519455 0.0025037608575075865 0.9945396184921265
8.325 -0.39272040128707886 -0.24485249817371368 44.588836669921875 -0.0011096703819930553 -0.10796629637479782 0.0022603143006563187 0.9941514134407043
8.375 -0.448748916387558 -0.2407081127166748 44.78129959106445 -0.001551340683363378 -0.11171235889196396 0.001778468256816268 0.9937378168106079
8.425 -0.500751256942749 -0.24320992827415466 44.96035385131836 -0.002008248120546341 -0.11598681658506393 0.001641828683204949 0.993247389793396
8.475 -0.5609079599380493 -0.24804648756980896 45.13511657714844 -0.002371469046920538 -0.12001579999923706 0.002291036071255803 0.9927665591239929
8.525 -0.6248942613601685 -0.23575140535831451 45.33637237548828 -0.002160322153940797 -0.12349319458007812 0.002496200380846858 0.9923399686813354
8.575 -0.6797924041748047 -0.2529447376728058 45.518497467041016 -0.0025742182042449713 -0.1284576654434204 0.0029699201695621014 0.9917072057723999
8.625 -0.7439296245574951 -0.25662657618522644 45.69956970214844 -0.002478738548234105 -0.13294167816638947 0.0027035477105528116 0.9911171197891235
8.675 -0.8107205629348755 -0.2560785710811615 45.87953567504883 -0.0022335010580718517 -0.13729199767112732 0.0020740379113703966 0.9905259609222412
8.725 -0.8850033283233643 -0.2585937976837158 46.065162658691406 -0.0019350952934473753 -0.14176759123802185 0.0018350494792684913 0.9898964166641235
8.775 -0.9497082829475403 -0.2581612765789032 46.248374938964844 -0.0016277949325740337 -0.14660365879535675 0.0016380996676161885 0.9891926646232605
8.825 -1.018095850944519 -0.2634367048740387 46.417823791503906 -0.0016455024015158415 -0.15155155956745148 0.0017188091296702623 0.9884465336799622
8.875 -1.094944953918457 -0.26050177216529846 46.611873626708984 -0.0017369771376252174 -0.1567215472459793 0.0022137067280709743 0.9876388311386108
8.925 -1.1666914224624634 -0.2619573473930359 46.78700637817383 -0.0016102921217679977 -0.1615171730518341 0.0027097261045128107 0.9868649244308472
8.975 -1.2499768733978271 -0.2582920491695404 46.97441482543945 -0.001193922944366932 -0.1663830429315567 0.0026549254544079304 0.9860569834709167
9.025 -1.3375062942504883 -0.2590649127960205 47.15772247314453 -0.0008167749037966132 -0.17093433439731598 0.0019791671074926853 0.9852801561355591
9.075 -1.4087951183319092 -0.25525227189064026 47.34221649169922 -0.0006544500938616693 -0.17613881826400757 0.002123253419995308 0.9843629002571106
9.125 -1.488782286643982 -0.2584351599216461 47.53298568725586 -0.0008879196248017251 -0.1813187450170517 0.0025243936106562614 0.9834207892417908
9.175 -1.5709712505340576 -0.25473806262016296 47.714080810546875 -0.0010414915159344673 -0.18669971823692322 0.0037223503459244967 0.9824094772338867
9.225 -1.6631495952606201 -0.24520930647850037 47.928672790527344 -0.0013897024327889085 -0.192268967628479 0.004647943191230297 0.9813303351402283
9.275 -1.75724458694458 -0.2681090831756592 48.06428909301758 -0.00213769287802279 -0.19704462587833405 0.004620779771357775 0.9803813099861145
9.325 -1.8544672727584839 -0.26913294196128845 48.2476806640625 -0.002225080505013466 -0.20213660597801208 0.004183018580079079 0.9793459177017212
9.375 -1.9484655857086182 -0.2783716320991516 48.42182540893555 -0.0025544881355017424 -0.20759537816047668 0.004680036101490259 0.9782003164291382
9.425 -2.04404616355896 -0.27299797534942627 48.611202239990234 -0.0025670300237834454 -0.21338851749897003 0.005369787570089102 0.9769493341445923
9.475 -2.1392822265625 -0.2805309295654297 48.79365921020508 -0.0030317201744765043 -0.21980682015419006 0.006076368968933821 0.9755198359489441
9.525 -2.2535300254821777 -0.26927071809768677 48.983551025390625 -0.003213173011317849 -0.22546051442623138 0.006349010858684778 0.9742263555526733
9.575 -2.358142614364624 -0.2671531140804291 49.1582145690918 -0.003748701186850667 -0.23138034343719482 0.006759242620319128 0.9728326797485352
9.625 -2.443939208984375 -0.28511902689933777 49.30878829956055 -0.004386200103908777 -0.23726071417331696 0.006341216154396534 0.9714154005050659
9.675 -2.5468952655792236 -0.2930556535720825 49.469791412353516 -0.004472565837204456 -0.24287979304790497 0.006255053915083408 0.9700259566307068
9.725 -2.664794445037842 -0.2914051413536072 49.646541595458984 -0.004185427911579609 -0.24898171424865723 0.006221266463398933 0.9684792160987854
9.775 -2.780895233154297 -0.2906801402568817 49.81336975097656 -0.0038415458984673023 -0.2552322745323181 0.006266297306865454 0.9668518304824829
9.825 -2.8759424686431885 -0.29868000745773315 49.9680290222168 -0.004383961670100689 -0.26171618700027466 0.006124225910753012 0.965115487575531
9.875 -3.0042078495025635 -0.3138260245323181 50.12315368652344 -0.005102782044559717 -0.2671861946582794 0.005944028031080961 0.9636130928993225
9.925 -3.1265769004821777 -0.30339574813842773 50.29051208496094 -0.005446415860205889 -0.2728731632232666 0.0069312830455601215 0.9620096683502197
9.975 -3.224398136138916 -0.2970198392868042 50.4585075378418 -0.005793844349682331 -0.2791381776332855 0.007226146757602692 0.9602063298225403
10.025 -3.348085403442383 -0.2945566177368164 50.613136291503906 -0.006313732825219631 -0.2850664258003235 0.0069779460318386555 0.958461582660675
10.075 -3.4495432376861572 -0.30145347118377686 50.74921798706055 -0.006817351561039686 -0.29148605465888977 0.006870398763567209 0.9565261006355286
10.125 -3.592557430267334 -0.3005065619945526 50.909507751464844 -0.006478769239038229 -0.2973071336746216 0.005910756066441536 0.9547416567802429
10.175 -3.723137855529785 -0.2960841953754425 51.06777572631836 -0.006435527931898832 -0.3036816418170929 0.004642327781766653 0.9527405500411987
10.225 -3.8493118286132812 -0.2879389226436615 51.21846389770508 -0.006318873260170221 -0.30990639328956604 0.003529829904437065 0.9507395029067993
10.275 -3.9789156913757324 -0.2960396409034729 51.36407470703125 -0.006925423163920641 -0.31596261262893677 0.0035115445498377085 0.9487398862838745
10.325 -4.0886406898498535 -0.3104771375656128 51.477622985839844 -0.007581247948110104 -0.3222215473651886 0.00243885419331491 0.9466308355331421
10.375 -4.244686126708984 -0.30044305324554443 51.64570999145508 -0.007636527065187693 -0.3283102214336395 0.002215995918959379 0.9445365071296692
10.425 -4.378241539001465 -0.30195024609565735 51.78805160522461 -0.008172497153282166 -0.3344520330429077 0.0024451108183711767 0.9423742294311523
10.475 -4.518957138061523 -0.29473257064819336 51.92445755004883 -0.008643146604299545 -0.34045663475990295 0.003140899119898677 0.9402152299880981
10.525 -4.661929130554199 -0.29256772994995117 52.07656478881836 -0.009204491972923279 -0.3465626537799835 0.0042826454155147076 0.9379718899726868
10.575 -4.794025897979736 -0.2964749038219452 52.20030975341797 -0.009467706084251404 -0.35275912284851074 0.006702830083668232 0.9356423020362854
10.625 -4.937852382659912 -0.2953404188156128 52.34614562988281 -0.00930500216782093 -0.3590385913848877 0.008609116077423096 0.9332366585731506
10.675 -5.0795183181762695 -0.30494990944862366 52.46351623535156 -0.009777771309018135 -0.3648737668991089 0.009469729848206043 0.930957555770874
10.725 -5.203800678253174 -0.3154664933681488 52.59223175048828 -0.010549593716859818 -0.3709872364997864 0.010379637591540813 0.9285200238227844
10.775 -5.3543925285339355 -0.3216221034526825 52.71018600463867 -0.010386026464402676 -0.3765243887901306 0.009700920432806015 0.9262977242469788
10.825 -5.516350746154785 -0.30842894315719604 52.83916473388672 -0.008751441724598408 -0.3820740878582001 0.008640903979539871 0.9240499138832092
10.875 -5.654726028442383 -0.3228144645690918 52.96514129638672 -0.00801950041204691 -0.3885526657104492 0.007878285832703114 0.9213579893112183
10.925 -5.831304550170898 -0.3072817325592041 53.103363037109375 -0.006645118817687035 -0.3951130509376526 0.0077003794722259045 0.9185762405395508
10.975 -5.966082572937012 -0.31321245431900024 53.210060119628906 -0.006271346006542444 -0.4018641710281372 0.007608449552208185 0.9156462550163269
11.025 -6.121056079864502 -0.3138531446456909 53.3079719543457 -0.005991019774228334 -0.40763965249061584 0.00755749735981226 0.9130920171737671
11.075 -6.273662567138672 -0.3164406716823578 53.42306900024414 -0.00639994814991951 -0.41358673572540283 0.008564122021198273 0.9104019403457642
11.125 -6.4261908531188965 -0.31342846155166626 53.5364875793457 -0.006534194573760033 -0.4199643135070801 0.009144560433924198 0.9074710607528687
11.175 -6.585803985595703 -0.3184014558792114 53.653358459472656 -0.007600504904985428 -0.4259336292743683 0.010152422823011875 0.9046655893325806
11.225 -6.74091911315918 -0.3169138431549072 53.757843017578125 -0.008820908144116402 -0.4319233298301697 0.010226821526885033 0.9018091559410095
11.275 -6.918920993804932 -0.32050880789756775 53.86857223510742 -0.010535405948758125 -0.4376627206802368 0.011566368862986565 0.8990031480789185
11.325 -7.099742889404297 -0.29855647683143616 54.01026153564453 -0.010798790492117405 -0.44413894414901733 0.011845652014017105 0.8958145976066589
11.375 -7.239607810974121 -0.3187662661075592 54.088401794433594 -0.012737267650663853 -0.4496801495552063 0.011731892824172974 0.8930217623710632
11.425 -7.415576934814453 -0.30980849266052246 54.19322204589844 -0.014011414721608162 -0.4553860127925873 0.011000430211424828 0.8901159167289734
11.475 -7.589432716369629 -0.31498008966445923 54.282920837402344 -0.016127275303006172 -0.46065181493759155 0.009963893331587315 0.8873785138130188
11.525 -7.767122268676758 -0.30628228187561035 54.39439010620117 -0.016946539282798767 -0.4665939509868622 0.008608774282038212 0.8842674493789673
11.575 -7.934401512145996 -0.3192901611328125 54.48565673828125 -0.018437910825014114 -0.472710520029068 0.007337790448218584 0.8809943795204163
11.625 -8.118071556091309 -0.3047267198562622 54.57733154296875 -0.017960654571652412 -0.4783783257007599 0.005490247160196304 0.877953052520752
11.675 -8.283951759338379 -0.31594592332839966 54.66259002685547 -0.01876063272356987 -0.4844209551811218 0.004777716007083654 0.8746208548545837
11.725 -8.46561050415039 -0.3071413040161133 54.748687744140625 -0.018600841984152794 -0.490090548992157 0.00500359246507287 0.8714587092399597
11.775 -8.640271186828613 -0.30921655893325806 54.82897186279297 -0.018270617350935936 -0.4960187077522278 0.004716630093753338 0.8681068420410156
11.825 -8.827757835388184 -0.29737311601638794 54.91539764404297 -0.01686006411910057 -0.5014325976371765 0.004503344651311636 0.865020751953125
11.875 -8.999921798706055 -0.30320221185684204 54.98900604248047 -0.016760671511292458 -0.5069446563720703 0.004892256110906601 0.8618017435073853
11.925 -9.17261028289795 -0.3013480305671692 55.06501007080078 -0.01663607731461525 -0.5125601291656494 0.0053147622384130955 0.8584737777709961
11.975 -9.350017547607422 -0.3075445890426636 55.13059997558594 -0.017083054408431053 -0.5181229114532471 0.005848022643476725 0.855115532875061
12.025 -9.525824546813965 -0.3011399507522583 55.22052764892578 -0.016988903284072876 -0.5243645906448364 0.006548622157424688 0.8512992262840271
12.075 -9.709190368652344 -0.3012372851371765 55.288604736328125 -0.017030945047736168 -0.5297286510467529 0.007900319993495941 0.8479593992233276
12.125 -9.890268325805664 -0.29933494329452515 55.36806869506836 -0.016923794522881508 -0.5357586145401001 0.0095036830753088 0.8441480994224548
12.175 -10.071146011352539 -0.2995986342430115 55.42947769165039 -0.016496926546096802 -0.540831983089447 0.01005936786532402 0.8409087061882019
12.225 -10.261861801147461 -0.28632673621177673 55.51332092285156 -0.015555109828710556 -0.5465484261512756 0.009971445426344872 0.8372237086296082
12.275 -10.440404891967773 -0.2957850992679596 55.55968475341797 -0.015226724557578564 -0.5513741374015808 0.00977469701319933 0.8340619206428528
12.325 -10.62369155883789 -0.292022705078125 55.610748291015625 -0.014075152575969696 -0.5565288066864014 0.009311620146036148 0.8306569457054138
12.375 -10.811628341674805 -0.29369810223579407 55.664154052734375 -0.0134941590949893 -0.5618977546691895 0.009231065399944782 0.8270450830459595
12.425 -10.983905792236328 -0.2989436089992523 55.703575134277344 -0.012927623465657234 -0.5673179030418396 0.008177612908184528 0.8233567476272583
12.475 -11.182283401489258 -0.28884953260421753 55.782161712646484 -0.01231931708753109 -0.5731310248374939 0.007517704274505377 0.8193366527557373
12.525 -11.367250442504883 -0.2920984923839569 55.81193542480469 -0.012352392077445984 -0.5777093172073364 0.007074873428791761 0.8161184191703796
12.575 -11.562067031860352 -0.2927135229110718 55.861595153808594 -0.012669111602008343 -0.582771897315979 0.00730424840003252 0.8125041723251343
12.625 -11.77061653137207 -0.2793387472629547 55.9071044921875 -0.01256570778787136 -0.5873095393180847 0.007431018631905317 0.8092308044433594
12.675 -11.94619369506836 -0.2947404980659485 55.963645935058594 -0.013512172736227512 -0.5925148725509644 0.007837892509996891 0.8054081201553345
12.725 -12.139163970947266 -0.2844388484954834 56.011932373046875 -0.013273445889353752 -0.597396731376648 0.0077577256597578526 0.8017984628677368
12.775 -12.342281341552734 -0.27726811170578003 56.057106018066406 -0.013366206549108028 -0.6020163297653198 0.008228340186178684 0.7983295917510986
12.825 -12.541580200195312 -0.28144747018814087 56.09141159057617 -0.013801326975226402 -0.6065946817398071 0.008764533326029778 0.7948431968688965
12.875 -12.744369506835938 -0.2812356948852539 56.13121032714844 -0.014120299369096756 -0.6111922264099121 0.00918934028595686 0.7913029789924622
12.925 -12.938835144042969 -0.288753867149353 56.17316436767578 -0.014910029247403145 -0.6161797046661377 0.009528227150440216 0.7874068021774292
12.975 -13.145187377929688 -0.2893715500831604 56.2028923034668 -0.015507816337049007 -0.6204369068145752 0.009558220393955708 0.7840447425842285
13.025 -13.354698181152344 -0.2825945019721985 56.234275817871094 -0.01573999598622322 -0.6248093843460083 0.009198811836540699 0.7805644869804382
13.075 -13.563098907470703 -0.2812632918357849 56.26286315917969 -0.016460712999105453 -0.6292822957038879 0.008935327641665936 0.7769511342048645
13.125 -13.758981704711914 -0.28672152757644653 56.29835891723633 -0.01665523275732994 -0.6339311599731445 0.00857942458242178 0.7731626033782959
13.175 -13.974082946777344 -0.28304022550582886 56.280799865722656 -0.015779729932546616 -0.6377981901168823 0.00800963956862688 0.7700002193450928
13.225 -14.179546356201172 -0.2876937985420227 56.31866455078125 -0.014849376864731312 -0.6427862048149109 0.007983747869729996 0.7658601403236389
13.275 -14.387962341308594 -0.28896647691726685 56.33513641357422 -0.01338503509759903 -0.6473739743232727 0.007754756603389978 0.7620155215263367
13.325 -14.599159240722656 -0.28759580850601196 56.348968505859375 -0.012062451802194118 -0.6517841219902039 0.007497433573007584 0.7582716345787048
