57166.167596000 0.00000 0.00000 0.00000 0.00000 0.00000 0.00000 1.00000
57166.369316000 0.00922 -0.00254 0.00099 0.00002 -0.00002 0.00025 1.00000
57166.571036000 0.02371 -0.00307 0.00002 0.00007 -0.00006 0.00117 1.00000
57166.772756000 0.06380 -0.00066 0.00258 0.00014 -0.00009 0.00269 1.00000
57166.974476000 0.12002 -0.00177 0.00077 0.00018 -0.00020 0.00525 0.99999
57167.176196000 0.19681 0.00548 0.00453 0.00039 -0.00030 0.00919 0.99996
57167.377915000 0.28619 0.01451 0.00739 0.00034 -0.00047 0.01449 0.99989
57167.579635000 0.39198 0.04126 0.00599 0.00040 -0.00037 0.01950 0.99981
57167.781355000 0.46253 0.04405 0.00765 0.00045 -0.00040 0.02263 0.99974
57167.983075000 0.47172 0.04227 0.00565 0.00066 -0.00034 0.02331 0.99973
57168.184795000 0.45111 0.03719 0.00936 0.00061 -0.00041 0.02419 0.99971
57168.386515000 0.45309 0.04051 0.00630 0.00067 -0.00044 0.02411 0.99971
57168.588234000 0.46880 0.03856 0.00970 0.00081 -0.00044 0.02509 0.99968
57168.789954000 0.50414 0.04005 0.01037 0.00108 -0.00051 0.02774 0.99961
57168.991674000 0.57453 0.04416 0.00888 0.00129 -0.00083 0.03426 0.99941
57169.193394000 0.71873 0.05414 0.01106 0.00234 -0.00078 0.04558 0.99896
57169.395114000 0.95596 0.08827 -0.05578 0.01268 0.00146 0.06197 0.99800
57169.596833000 1.22391 0.15170 -0.03951 0.01783 0.00473 0.07966 0.99665
57169.798553000 1.50259 0.25021 -0.00562 0.01746 0.00285 0.10082 0.99475
57170.000273000 1.80993 0.34327 -0.02857 0.01648 0.00020 0.11795 0.99288
57170.201993000 2.14114 0.42759 -0.02791 0.01768 -0.00107 0.13054 0.99128
57170.403713000 2.50247 0.52643 -0.03376 0.01779 -0.00254 0.13601 0.99054
57170.605433000 2.90790 0.65773 -0.03245 0.01736 -0.00304 0.13325 0.99093
57170.807152000 3.32138 0.76806 -0.02198 0.01693 -0.00355 0.12504 0.99200
57171.008872000 3.75733 0.85648 -0.01883 0.01692 -0.00418 0.11373 0.99336
57171.210592000 4.25339 0.94494 -0.01278 0.01719 -0.00442 0.10070 0.99476
57171.412312000 4.77001 1.03212 -0.01408 0.01725 -0.00469 0.08728 0.99602
57171.614032000 5.33261 1.09665 -0.00957 0.01735 -0.00484 0.07386 0.99711
57171.815752000 5.94100 1.16320 -0.00172 0.01728 -0.00499 0.06120 0.99796
57172.017471000 6.60292 1.20813 0.00369 0.01749 -0.00462 0.05264 0.99845
57172.219191000 7.29319 1.24989 0.00059 0.01754 -0.00489 0.04494 0.99882
57172.420911000 8.01803 1.31244 -0.01028 0.01785 -0.00506 0.03900 0.99907
57172.622631000 8.77433 1.35268 -0.01693 0.01798 -0.00561 0.03438 0.99923
57172.824351000 9.56130 1.38168 -0.01425 0.01835 -0.00589 0.03053 0.99935
57173.026071000 10.35251 1.41481 -0.01383 0.01831 -0.00523 0.02723 0.99945
57173.227790000 11.12875 1.46688 -0.00102 0.01785 -0.00539 0.02497 0.99951
57173.429510000 11.89472 1.49593 -0.00361 0.01740 -0.00553 0.02310 0.99957
57173.631230000 12.65006 1.52341 0.00853 0.01698 -0.00590 0.02162 0.99960
57173.832950000 13.42494 1.56017 0.01406 0.01617 -0.00504 0.01885 0.99968
57174.034670000 14.17130 1.57930 0.01411 0.01626 -0.00506 0.01733 0.99970
57174.236389000 14.91603 1.59560 0.02724 0.01510 -0.00515 0.01442 0.99977
57174.438109000 15.64840 1.61370 0.03108 0.01522 -0.00615 0.01251 0.99979
57174.639829000 16.38938 1.61960 0.04032 0.01399 -0.00656 0.00943 0.99984
57174.841549000 17.13803 1.63767 0.05639 0.01289 -0.00632 0.00431 0.99989
57175.043270000 17.88642 1.61731 0.07426 0.01147 -0.00611 -0.00399 0.99991
57175.244990000 18.63736 1.56633 0.08190 0.01118 -0.00555 -0.01766 0.99977
57175.446709000 19.37017 1.49026 0.09461 0.01165 -0.00525 -0.03533 0.99929
57175.648429000 20.08085 1.37149 0.10800 0.01287 -0.00423 -0.05820 0.99821
57175.850149000 20.75788 1.21622 0.12056 0.01138 -0.00424 -0.08602 0.99622
57176.051869000 21.39132 1.02513 0.13682 0.00934 -0.00473 -0.11936 0.99280
57176.253589000 21.99498 0.79438 0.13340 0.00831 -0.00470 -0.15645 0.98764
57176.455309000 22.54710 0.51436 0.14633 0.00770 -0.00505 -0.19491 0.98078
57176.657028000 23.04627 0.18772 0.15105 0.00748 -0.00532 -0.23662 0.97156
57176.858748000 23.50700 -0.16485 0.15039 0.00728 -0.00538 -0.27872 0.96033
57177.060468000 23.91540 -0.56181 0.15605 0.00684 -0.00558 -0.32081 0.94710
57177.262188000 24.28638 -0.99380 0.16668 0.00805 -0.00485 -0.36198 0.93214
57177.463908000 24.60769 -1.44364 0.17073 0.00847 -0.00406 -0.40179 0.91569
57177.665628000 24.87539 -1.90899 0.17913 0.00861 -0.00274 -0.44013 0.89789
57177.867347000 25.11249 -2.40894 0.17557 0.00886 -0.00229 -0.47588 0.87946
57178.069067000 25.30222 -2.92691 0.16605 0.00953 -0.00305 -0.51089 0.85959
57178.270787000 25.48055 -3.45434 0.14756 0.00955 -0.00367 -0.54419 0.83890
57178.472507000 25.64311 -4.00198 0.14230 0.00995 -0.00369 -0.57427 0.81860
57178.674227000 25.76863 -4.56822 0.13330 0.00988 -0.00335 -0.60141 0.79887
57178.875947000 25.85519 -5.14592 0.13576 0.01022 -0.00348 -0.62674 0.77915
57179.077666000 25.92720 -5.75858 0.13171 0.01073 -0.00380 -0.64892 0.76077
57179.279386000 25.97871 -6.38211 0.12608 0.01091 -0.00406 -0.66600 0.74586
57179.481106000 26.02632 -7.03463 0.10414 0.01062 -0.00349 -0.67884 0.73420
57179.682826000 26.05133 -7.69270 0.09629 0.01050 -0.00370 -0.68702 0.72656
57179.884546000 26.08519 -8.35335 0.09748 0.01067 -0.00387 -0.69162 0.72217
57180.086265000 26.11697 -9.04620 0.09531 0.00984 -0.00318 -0.69431 0.71960
57180.287985000 26.12766 -9.75313 0.08095 0.00906 -0.00237 -0.69664 0.71736
57180.489705000 26.13163 -10.47813 0.06393 0.00863 -0.00237 -0.69877 0.71529
57180.691425000 26.13902 -11.21506 0.05340 0.00855 -0.00283 -0.70027 0.71382
57180.893145000 26.14463 -11.97875 0.03420 0.00829 -0.00322 -0.70097 0.71314
57181.094865000 26.15942 -12.73863 0.03041 0.00816 -0.00309 -0.70117 0.71294
57181.296584000 26.16646 -13.51951 0.01574 0.00826 -0.00366 -0.70007 0.71402
57181.498304000 26.18122 -14.30750 0.01067 0.00809 -0.00386 -0.69834 0.71571
57181.700024000 26.20031 -15.09039 0.01107 0.00885 -0.00456 -0.69695 0.71705
57181.901744000 26.21521 -15.88829 0.00513 0.00898 -0.00497 -0.69536 0.71859
57182.103464000 26.24089 -16.66429 -0.00937 0.00849 -0.00480 -0.69391 0.72000
57182.305184000 26.26941 -17.42754 -0.02279 0.00825 -0.00562 -0.69271 0.72114
57182.506903000 26.30675 -18.20319 -0.02687 0.00806 -0.00599 -0.69153 0.72228
57182.708623000 26.33726 -18.97742 -0.02954 0.00801 -0.00609 -0.69016 0.72359
57182.910343000 26.37339 -19.75637 -0.04166 0.00815 -0.00665 -0.68926 0.72444
57183.112063000 26.40433 -20.52905 -0.04131 0.00800 -0.00672 -0.68834 0.72531
57183.313783000 26.43881 -21.29965 -0.04020 0.00770 -0.00686 -0.68774 0.72588
57183.515503000 26.47671 -22.06509 -0.04390 0.00755 -0.00695 -0.68749 0.72612
57183.717222000 26.51434 -22.82924 -0.03564 0.00751 -0.00703 -0.68759 0.72602
57183.918942000 26.55438 -23.60605 -0.03413 0.00730 -0.00690 -0.68779 0.72584
57184.120663000 26.58875 -24.38140 -0.02772 0.00724 -0.00680 -0.68761 0.72602
57184.322383000 26.62692 -25.14863 -0.03405 0.00725 -0.00693 -0.68828 0.72537
57184.524103000 26.66249 -25.92014 -0.02660 0.00720 -0.00701 -0.68915 0.72455
57184.725823000 26.69028 -26.68725 -0.02396 0.00715 -0.00737 -0.68994 0.72380
57184.927542000 26.71761 -27.45843 -0.02963 0.00691 -0.00740 -0.69091 0.72287
57185.129262000 26.74430 -28.23849 -0.02429 0.00681 -0.00766 -0.69153 0.72227
57185.330982000 26.77665 -28.98401 -0.02435 0.00698 -0.00798 -0.69193 0.72188
57185.532702000 26.80417 -29.72106 -0.02365 0.00704 -0.00805 -0.69249 0.72135
57185.734422000 26.82286 -30.46199 -0.02010 0.00687 -0.00842 -0.69321 0.72066
57185.936142000 26.84871 -31.17706 -0.01729 0.00668 -0.00864 -0.69381 0.72007
57186.137861000 26.86598 -31.89042 -0.01927 0.00646 -0.00897 -0.69488 0.71904
57186.339581000 26.88204 -32.56484 -0.00904 0.00609 -0.00941 -0.69450 0.71941
57186.541301000 26.90684 -33.23750 -0.00952 0.00597 -0.00962 -0.69420 0.71969
57186.743021000 26.93874 -33.90845 -0.00696 0.00585 -0.00999 -0.69366 0.72021
57186.944741000 26.96576 -34.55569 0.00028 0.00551 -0.01015 -0.69543 0.71850
57187.146461000 26.97432 -35.20214 -0.00108 0.00538 -0.01031 -0.69802 0.71599
57187.348180000 26.97901 -35.84326 -0.00445 0.00540 -0.01077 -0.70097 0.71309
57187.549900000 26.97774 -36.47638 -0.00673 0.00536 -0.01096 -0.70455 0.70955
57187.751620000 26.96618 -37.11465 -0.00433 0.00502 -0.01125 -0.70898 0.70512
57187.953340000 26.94421 -37.74683 -0.00453 0.00477 -0.01149 -0.71384 0.70020
57188.155060000 26.90109 -38.38525 -0.00062 0.00454 -0.01172 -0.71886 0.69504
57188.356780000 26.85722 -39.00419 0.00237 0.00412 -0.01199 -0.72331 0.69040
57188.558499000 26.81016 -39.64095 0.00772 0.00364 -0.01203 -0.72680 0.68674
57188.760219000 26.75520 -40.28897 0.01926 0.00333 -0.01170 -0.72964 0.68372
57188.961939000 26.70560 -40.94322 0.02284 0.00302 -0.01161 -0.73171 0.68151
57189.163659000 26.65693 -41.60424 0.03408 0.00340 -0.01223 -0.73307 0.68004
57189.365379000 26.59542 -42.27472 0.03971 0.00300 -0.01176 -0.73340 0.67969
57189.567098000 26.54832 -42.96241 0.04640 0.00127 -0.01036 -0.73274 0.68043
57189.768818000 26.49618 -43.68925 0.05574 0.00076 -0.01033 -0.73155 0.68171
57189.970538000 26.44121 -44.41575 0.05985 0.00024 -0.00987 -0.73008 0.68329
57190.172258000 26.40412 -45.16657 0.07029 0.00092 -0.01101 -0.72828 0.68519
57190.373978000 26.35495 -45.94627 0.08637 -0.00089 -0.00954 -0.72642 0.68718
57190.575698000 26.31715 -46.74583 0.10187 -0.00074 -0.00999 -0.72458 0.68911
57190.777417000 26.28428 -47.58725 0.09501 -0.00157 -0.00906 -0.72238 0.69144
57190.979137000 26.25359 -48.42023 0.11831 -0.00146 -0.00911 -0.72020 0.69371
57191.180857000 26.22609 -49.26507 0.13298 -0.00053 -0.00984 -0.71778 0.69620
57191.382577000 26.21006 -50.13809 0.14572 -0.00003 -0.01089 -0.71523 0.69881
57191.584297000 26.19371 -51.01753 0.14792 0.00059 -0.01159 -0.71266 0.70141
57191.786017000 26.18127 -51.88938 0.17209 0.00026 -0.01204 -0.71033 0.70377
57191.987736000 26.18347 -52.78049 0.18008 0.00161 -0.01314 -0.70825 0.70584
57192.189456000 26.18155 -53.67461 0.18348 0.00150 -0.01364 -0.70628 0.70780
57192.391176000 26.18978 -54.56768 0.19602 0.00122 -0.01441 -0.70442 0.70964
57192.592896000 26.19401 -55.44894 0.20232 0.00149 -0.01492 -0.70246 0.71156
57192.794616000 26.20548 -56.34800 0.22987 0.00149 -0.01511 -0.70051 0.71348
57192.996337000 26.22247 -57.23971 0.22903 0.00145 -0.01557 -0.69864 0.71530
57193.198056000 26.24666 -58.11880 0.24807 0.00129 -0.01565 -0.69678 0.71711
57193.399776000 26.27762 -58.98712 0.26374 0.00118 -0.01571 -0.69493 0.71891
57193.601496000 26.30865 -59.83575 0.27555 0.00083 -0.01583 -0.69311 0.72065
57193.803216000 26.34090 -60.67030 0.28186 0.00000 -0.01667 -0.69100 0.72267
57194.004936000 26.38608 -61.50056 0.29599 -0.00051 -0.01739 -0.68888 0.72466
57194.206656000 26.43301 -62.33205 0.30595 -0.00099 -0.01754 -0.68694 0.72650
57194.408375000 26.48532 -63.16410 0.32753 -0.00121 -0.01770 -0.68524 0.72810
57194.610095000 26.53562 -64.00734 0.34715 -0.00156 -0.01787 -0.68426 0.72901
57194.811815000 26.57670 -64.82806 0.36762 -0.00173 -0.01849 -0.68369 0.72954
57195.013535000 26.63422 -65.66505 0.39332 -0.00148 -0.01803 -0.68364 0.72960
57195.215255000 26.68914 -66.48977 0.42468 -0.00131 -0.01786 -0.68400 0.72926
57195.416975000 26.73041 -67.28537 0.43180 -0.00165 -0.01777 -0.68541 0.72794
57195.618694000 26.76584 -68.05795 0.44541 -0.00184 -0.01795 -0.68627 0.72712
57195.820414000 26.80103 -68.83553 0.49337 -0.00151 -0.01867 -0.68699 0.72643
57196.022134000 26.83679 -69.57095 0.51434 -0.00200 -0.01881 -0.68708 0.72634
57196.223854000 26.87749 -70.29585 0.53372 -0.00230 -0.01926 -0.68818 0.72528
57196.425574000 26.89756 -71.02213 0.56094 -0.00200 -0.01905 -0.69041 0.72316
57196.627294000 26.91977 -71.69603 0.57214 -0.00254 -0.01925 -0.69173 0.72189
57196.829013000 26.94108 -72.38096 0.58336 -0.00295 -0.01961 -0.69273 0.72092
57197.030733000 26.96472 -73.04443 0.60790 -0.00327 -0.01985 -0.69365 0.72003
57197.232453000 26.97917 -73.71594 0.64922 -0.00314 -0.02036 -0.69445 0.71924
57197.434173000 27.00551 -74.39471 0.67396 -0.00285 -0.02014 -0.69587 0.71788
57197.635893000 27.01750 -75.02931 0.70294 -0.00260 -0.01999 -0.69788 0.71594
57197.837613000 27.01034 -75.67736 0.69950 -0.00346 -0.02008 -0.70137 0.71250
57198.039332000 27.01167 -76.30228 0.72476 -0.00297 -0.01977 -0.70577 0.70816
57198.241052000 26.99572 -76.93681 0.74329 -0.00286 -0.01940 -0.71110 0.70282
57198.442772000 26.96100 -77.56755 0.76329 -0.00275 -0.01968 -0.71643 0.69737
57198.644492000 26.91147 -78.19769 0.77822 -0.00232 -0.01928 -0.72210 0.69152
57198.846212000 26.86252 -78.81892 0.79173 -0.00203 -0.01932 -0.72765 0.68568
57199.047932000 26.80069 -79.42725 0.81510 -0.00163 -0.01961 -0.73292 0.68003
57199.249651000 26.73907 -80.01806 0.83958 -0.00163 -0.01991 -0.73730 0.67528
57199.451371000 26.66267 -80.60759 0.85996 -0.00200 -0.02036 -0.74152 0.67062
57199.653091000 26.57605 -81.20318 0.87571 -0.00209 -0.02122 -0.74569 0.66595
57199.854811000 26.48485 -81.78045 0.89430 -0.00232 -0.02149 -0.74984 0.66126
57200.056531000 26.39359 -82.37250 0.90991 -0.00255 -0.02152 -0.75462 0.65581
57200.258251000 26.29447 -82.96235 0.92321 -0.00280 -0.02105 -0.75991 0.64969
57200.459970000 26.16372 -83.54498 0.94407 -0.00269 -0.02084 -0.76648 0.64192
57200.661690000 26.00652 -84.11425 0.97112 -0.00225 -0.02118 -0.77625 0.63007
57200.863410000 25.80987 -84.67448 0.98693 -0.00177 -0.02137 -0.78971 0.61310
57201.065131000 25.58712 -85.21114 1.00624 -0.00176 -0.02169 -0.80631 0.59109
57201.266851000 25.31895 -85.72823 1.02007 -0.00223 -0.02240 -0.82465 0.56520
57201.468571000 25.02921 -86.22353 1.03641 -0.00218 -0.02283 -0.84325 0.53703
57201.670290000 24.72077 -86.69681 1.04517 -0.00254 -0.02391 -0.86179 0.50670
57201.872010000 24.35498 -87.14658 1.02914 0.00323 0.02585 0.87935 -0.47546
57202.073730000 23.97240 -87.57266 1.03330 0.00309 0.02680 0.89536 -0.44453
57202.275450000 23.58493 -87.98183 1.05226 0.00295 0.02726 0.90977 -0.41420
57202.477170000 23.16918 -88.34852 1.06129 0.00232 0.02680 0.92237 -0.38537
57202.678890000 22.74702 -88.68340 1.07708 0.00197 0.02676 0.93419 -0.35578
57202.880609000 22.31950 -88.98194 1.08286 0.00208 0.02698 0.94465 -0.32695
57203.082329000 21.87515 -89.25565 1.08253 0.00184 0.02699 0.95383 -0.29913
57203.284049000 21.42382 -89.51091 1.08428 0.00165 0.02697 0.96143 -0.27373
57203.485769000 20.98858 -89.73169 1.09448 0.00047 0.02488 0.96792 -0.25004
57203.687489000 20.57622 -89.91566 1.09832 0.00007 0.02451 0.97329 -0.22828
57203.889209000 20.17633 -90.08024 1.11430 -0.00028 0.02324 0.97756 -0.20937
57204.090928000 19.79889 -90.22431 1.11199 -0.00054 0.02216 0.98117 -0.19189
57204.292648000 19.43192 -90.33439 1.11669 -0.00072 0.02204 0.98393 -0.17716
57204.494368000 19.07797 -90.44505 1.12278 -0.00075 0.02188 0.98604 -0.16509
57204.696088000 18.75451 -90.54308 1.13026 -0.00090 0.02118 0.98799 -0.15309
57204.897808000 18.42600 -90.61728 1.12151 -0.00083 0.02081 0.98970 -0.14166
57205.099528000 18.12001 -90.67152 1.12327 -0.00073 0.02100 0.99118 -0.13085
57205.301247000 17.82952 -90.73389 1.11900 -0.00059 0.02046 0.99243 -0.12112
57205.502967000 17.53752 -90.78938 1.12188 -0.00060 0.02022 0.99345 -0.11243
57205.704687000 17.23618 -90.85262 1.11808 -0.00057 0.01869 0.99445 -0.10358
57205.906407000 16.93774 -90.89956 1.12013 -0.00060 0.01788 0.99519 -0.09626
57206.108127000 16.64989 -90.93368 1.12501 -0.00027 0.01893 0.99587 -0.08882
57206.309847000 16.34984 -90.97554 1.12231 -0.00021 0.01837 0.99648 -0.08179
57206.511566000 16.05584 -91.00872 1.12975 -0.00015 0.01789 0.99700 -0.07530
57206.713286000 15.75413 -91.02966 1.12020 0.00005 0.01816 0.99740 -0.06967
57206.915006000 15.45170 -91.06536 1.12793 0.00020 0.01799 0.99777 -0.06428
57207.116726000 15.14272 -91.09003 1.12344 0.00044 0.01713 0.99814 -0.05850
57207.318446000 14.83378 -91.11623 1.11191 0.00079 0.01643 0.99854 -0.05148
57207.520166000 14.52245 -91.13551 1.11650 0.00067 0.01601 0.99890 -0.04396
57207.721885000 14.19412 -91.14324 1.11669 0.00102 0.01625 0.99921 -0.03623
57207.923605000 13.85746 -91.14308 1.12072 0.00108 0.01604 0.99945 -0.02891
57208.125325000 13.48622 -91.14995 1.11915 0.00115 0.01600 0.99963 -0.02210
57208.327045000 13.11466 -91.14831 1.11464 0.00124 0.01571 0.99975 -0.01596
57208.528765000 12.71661 -91.14194 1.11212 0.00145 0.01573 0.99983 -0.00995
57208.730485000 12.30140 -91.13589 1.11858 0.00163 0.01578 0.99986 -0.00511
57208.932204000 11.85116 -91.12100 1.11505 0.00195 0.01597 0.99987 -0.00090
57209.133924000 11.36424 -91.11085 1.11587 0.00209 0.01563 0.99987 0.00223
57209.335644000 10.85832 -91.10152 1.11996 0.00242 0.01538 0.99987 0.00341
57209.537364000 10.30887 -91.09042 1.11337 0.00329 0.01545 0.99987 0.00234
57209.739084000 9.72660 -91.08750 1.11522 0.00369 0.01562 0.99987 -0.00079
57209.940804000 9.10939 -91.10555 1.10707 0.00390 0.01514 0.99987 -0.00491
57210.142523000 8.45361 -91.12882 1.12539 0.00417 0.01486 0.99985 -0.00766
57210.344243000 7.77590 -91.13014 1.13801 0.00299 0.01463 0.99984 -0.00950
57210.545963000 7.08502 -91.15733 1.13619 0.00257 0.01384 0.99984 -0.01091
57210.747683000 6.41129 -91.18137 1.14213 0.00226 0.01243 0.99984 -0.01297
57210.949403000 5.74297 -91.20977 1.13187 0.00274 0.01196 0.99982 -0.01463
57211.151123000 5.06507 -91.24024 1.13697 0.00364 0.01209 0.99979 -0.01599
57211.352843000 4.40648 -91.26759 1.14903 0.00325 0.01102 0.99979 -0.01693
57211.554563000 3.75155 -91.29478 1.15756 0.00265 0.01022 0.99980 -0.01679
57211.756283000 3.09887 -91.31287 1.16474 0.00233 0.00945 0.99986 -0.01386
57211.958003000 2.44420 -91.30985 1.18603 0.00214 0.00929 0.99993 -0.00754
57212.159723000 1.80881 -91.28916 1.17835 0.00198 0.00866 0.99996 -0.00016
57212.361442000 1.17165 -91.26707 1.18397 0.00209 0.00867 0.99993 0.00788
57212.563162000 0.53905 -91.22108 1.18353 0.00217 0.00865 0.99981 0.01709
57212.764882000 -0.08232 -91.16904 1.17692 0.00209 0.00838 0.99961 0.02665
57212.966602000 -0.71297 -91.10795 1.17657 0.00219 0.00854 0.99932 0.03594
57213.168322000 -1.33712 -91.04135 1.16071 0.00223 0.00902 0.99904 0.04290
57213.370041000 -1.96799 -90.96615 1.16720 0.00275 0.00933 0.99879 0.04829
57213.571761000 -2.57626 -90.89048 1.16814 0.00293 0.00970 0.99859 0.05202
57213.773481000 -3.20543 -90.81332 1.16065 0.00359 0.01016 0.99847 0.05416
57213.975201000 -3.83266 -90.74062 1.14752 0.00415 0.01046 0.99849 0.05372
57214.176921000 -4.46972 -90.67903 1.14364 0.00489 0.01067 0.99861 0.05132
57214.378641000 -5.11266 -90.61533 1.14488 0.00541 0.01065 0.99876 0.04836
57214.580360000 -5.75828 -90.55689 1.15479 0.00582 0.01062 0.99888 0.04566
57214.782080000 -6.39813 -90.50629 1.14702 0.00630 0.01043 0.99899 0.04319
57214.983800000 -7.04246 -90.44563 1.15559 0.00657 0.01036 0.99909 0.04082
57215.185520000 -7.69845 -90.38282 1.14703 0.00702 0.01070 0.99920 0.03796
57215.387240000 -8.34611 -90.33939 1.16116 0.00696 0.01047 0.99930 0.03528
57215.588959000 -8.99150 -90.29465 1.17723 0.00660 0.01062 0.99943 0.03149
57215.790679000 -9.61048 -90.25580 1.20311 0.00637 0.01074 0.99952 0.02830
57215.992399000 -10.19480 -90.22456 1.21392 0.00651 0.01105 0.99960 0.02529
57216.194119000 -10.74725 -90.19936 1.23026 0.00657 0.01179 0.99967 0.02191
57216.395839000 -11.24904 -90.18493 1.23207 0.00710 0.01120 0.99975 0.01784
57216.597559000 -11.71519 -90.17633 1.23253 0.00775 0.01130 0.99980 0.01430
57216.799278000 -12.15902 -90.17046 1.23700 0.00834 0.01105 0.99984 0.01101
57217.000998000 -12.57230 -90.16615 1.24225 0.00816 0.01099 0.99986 0.00915
57217.202718000 -12.96642 -90.15479 1.24311 0.00922 0.01106 0.99987 0.00739
57217.404438000 -13.33721 -90.15243 1.25503 0.00952 0.01107 0.99988 0.00588
57217.606158000 -13.65891 -90.15900 1.26330 0.00953 0.01098 0.99988 0.00466
57217.807878000 -13.93191 -90.15779 1.26347 0.00984 0.01090 0.99989 0.00370
57218.009598000 -14.14512 -90.15731 1.27073 0.01020 0.01092 0.99988 0.00293
57218.211318000 -14.33118 -90.16122 1.26704 0.01044 0.01064 0.99989 0.00217
57218.413038000 -14.46276 -90.16628 1.27636 0.01038 0.01066 0.99989 0.00165
57218.614758000 -14.55126 -90.16551 1.27725 0.01055 0.01065 0.99989 0.00127
57218.816478000 -14.60520 -90.16655 1.27659 0.01065 0.01055 0.99989 0.00108
57219.018196000 -14.62928 -90.16763 1.27757 0.01068 0.01061 0.99989 0.00097
57219.219916000 -14.62568 -90.16519 1.27369 0.01087 0.01058 0.99988 0.00100
57219.421636000 -14.60400 -90.16341 1.26704 0.01157 0.01069 0.99988 0.00095
57219.623356000 -14.60634 -90.16549 1.26933 0.01156 0.01066 0.99988 0.00105
57219.825076000 -14.60485 -90.16431 1.26749 0.01153 0.01068 0.99988 0.00099
57220.026797000 -14.60627 -90.16141 1.26758 0.01162 0.01062 0.99988 0.00096
57220.228516000 -14.60679 -90.16537 1.26961 0.01148 0.01066 0.99988 0.00103
57220.430236000 -14.60620 -90.16269 1.26651 0.01161 0.01060 0.99988 0.00102
57220.631956000 -14.60456 -90.16346 1.26641 0.01165 0.01059 0.99988 0.00100
