41197.866216216215 -0.0 -0.0 -0.0 -0.0 -0.0 1.0 -0.0
91214.8662162162 0.0012316428 0.0036923317 -0.0076566776 -0.0015336586 0.0015612203 0.999997 0.0011137963
141231.6162162162 0.0041438234 -0.0028064311 -0.01984832 -0.00078968913 0.000773141 0.99999934 0.00031285864
191248.6162162162 0.0041438234 -0.0028064311 -0.01984832 -0.00078968913 0.000773141 0.99999934 0.00031285864
241265.6162162162 0.0075503383 -0.00382754 -0.020643534 0.00073158654 0.002999126 0.999995 0.0006772323
291283.61621621624 -0.0039526615 -0.013117772 -0.020493742 0.0034243036 0.003753189 0.99998695 -0.0006771175
341300.61621621624 -0.0039526615 -0.013117772 -0.020493742 0.0034243036 0.003753189 0.99998695 -0.0006771175
391317.61621621624 -0.027584242 -0.0016391994 0.004563761 0.0026562223 0.0043554874 0.999987 0.00020991909
441334.61621621624 -0.027584242 -0.0016391994 0.004563761 0.0026562223 0.0043554874 0.999987 0.00020991909
491352.86621621624 -0.027584242 -0.0016391994 0.004563761 0.0026562223 0.0043554874 0.999987 0.00020991909
541369.8662162162 -0.027584242 -0.0016391994 0.004563761 0.0026562223 0.0043554874 0.999987 0.00020991909
591386.6162162162 -0.049032707 -0.006804304 0.0027071058 -0.0068648406 0.0022714762 0.9999737 -0.0006043613
641403.6162162162 -0.049032707 -0.006804304 0.0027071058 -0.0068648406 0.0022714762 0.9999737 -0.0006043613
691421.6162162162 -0.049032707 -0.006804304 0.0027071058 -0.0068648406 0.0022714762 0.9999737 -0.0006043613
741438.6162162162 -0.06984703 -0.025217628 -0.0036099618 -0.014050406 0.0010583579 0.9998912 0.004359844
791455.6162162162 -0.05963231 -0.04333113 -0.00073626445 -0.015836818 0.002891802 0.9998608 0.004388064
841472.6162162162 -0.055922 -0.050616335 -0.0042072944 -0.015411489 0.0034352094 0.99986523 0.0045000594
891489.8662162162 -0.044852324 -0.064268745 0.0050159083 -0.014474027 0.005019291 0.9998812 0.0017101802
941507.8662162162 -0.037641745 -0.07402765 0.0048114615 -0.015037647 0.008248496 0.9998482 0.0030892445
991524.6162162162 -0.020643564 -0.08366557 3.556513e-05 -0.01692267 0.0073816488 0.9998276 0.0019897183
1041541.6162162162 -0.011869798 -0.08806019 0.0032041783 -0.015033184 0.0023333256 0.9997638 0.015521612
1091558.6162162162 -0.00024146457 -0.09426471 0.0044098003 -0.008942648 0.0025291767 0.9998191 0.016594982
1141576.6162162162 0.010854934 -0.09391351 0.0049235327 -0.0029571867 0.0020005372 0.99981177 0.019073067
1191593.6162162162 0.024051404 -0.10080657 0.0047686375 0.003987633 0.002035754 0.99983644 0.017522668
1241610.6162162162 0.03969695 -0.10036003 0.004330887 0.009820993 0.002874073 0.9997905 0.01772935
1291627.6162162162 0.05913248 -0.09539617 0.00026128066 0.01600179 0.0039973105 0.9996989 0.01816897
1341645.8662162162 0.07069242 -0.09515713 -0.0022033022 0.02613371 0.0034755282 0.99952185 0.016159598
1391662.8662162162 0.09966842 -0.082997255 -0.0055196383 0.03594238 0.0038285179 0.9992261 0.015518229
1441679.6162162162 0.10968445 -0.076555006 -0.006562096 0.041566376 0.0038504782 0.999029 0.014089823
1491696.6162162162 0.11700935 -0.06589899 -0.0065289657 0.04670432 0.004032409 0.99880785 0.013618487
1541714.6162162162 0.13004652 -0.056115273 -0.011384863 0.049155634 0.0050551067 0.99869746 0.012715104
1591731.6162162162 0.13370632 -0.051438678 -0.007500986 0.05280075 0.005983629 0.99854976 0.008644242
1641748.6162162162 0.13703394 -0.03914887 -0.012167365 0.053544816 0.006939266 0.9985221 0.006209186
1691765.6162162162 0.12958325 -0.018977594 -0.009786812 0.05422704 0.007489313 0.99848557 0.005478345
1741782.6162162162 0.120738976 -0.010339585 -0.0072156093 0.05404165 0.0077431817 0.9985074 0.0015972066
1791800.8662162162 0.114197895 0.006640833 -0.007140088 0.051270235 0.008585951 0.9986477 0.0007215866
1841817.8662162162 0.10230276 0.0162184 -0.004529374 0.04916827 0.009150657 0.99874735 -0.0015915385
1891834.6162162162 0.08939837 0.026409697 0.0054625846 0.04512631 0.008447112 0.9989414 -0.0029038838
1941851.6162162162 0.07606594 0.037599895 0.0059669465 0.042021498 0.008405561 0.99907756 -0.0027683661
1991869.6162162162 0.064974904 0.0449702 0.006344487 0.036260642 0.0073222597 0.9993137 -0.0019235843
2041886.6162162162 0.044087645 0.046244055 0.003195858 0.031727135 0.00465164 0.99948525 -0.0009940051
2091903.6162162162 0.025167359 0.04433152 0.0067514535 0.028010465 0.0015913126 0.99960625 0.00054285105
2141920.6162162162 0.0045569153 0.04406907 0.011521107 0.024661873 -0.00065470353 0.9996933 0.0021849424
2191938.8662162162 -0.014984244 0.027172117 0.015107618 0.018514508 -0.0040253755 0.9998173 -0.0025367232
2241955.8662162162 -0.041137353 0.02435852 0.019901272 0.014075443 -0.007549489 0.9998676 -0.0031099631
2291972.6162162162 -0.06341391 0.01908711 0.024790963 0.009272373 -0.009437271 0.99990404 -0.0041244025
2341989.6162162162 -0.08602831 0.008366161 0.034436274 0.004372858 -0.01157661 0.9999003 -0.006809904
2392007.6162162162 -0.09881072 -0.0030501431 0.03647168 -0.0037038026 -0.011973474 0.99988216 -0.008871169
2442024.6162162162 -0.115165144 -0.015717003 0.04156954 -0.010138275 -0.01241118 0.9998209 -0.010072211
2492041.6162162162 -0.13067213 -0.03328465 0.0451069 -0.014385694 -0.010308188 0.9997835 -0.010940506
2542058.6162162162 -0.1360266 -0.047874883 0.041301154 -0.018356005 -0.008764568 0.9997304 -0.011199521
2592075.6162162162 -0.13294718 -0.061902724 0.050054304 -0.025996407 -0.007610642 0.99959016 -0.009264374
2642093.8662162162 -0.13628775 -0.080808066 0.04599146 -0.029529259 -0.0070253974 0.999501 -0.008745751
2692110.8662162162 -0.14138825 -0.09778231 0.047222573 -0.031210538 -0.006367846 0.9994626 -0.0077373926
2742127.6162162162 -0.12853117 -0.11624879 0.04397989 -0.034473103 -0.0058965515 0.99937314 -0.005499163
2792144.6162162162 -0.11650794 -0.12886614 0.038050715 -0.034723673 -0.0038038164 0.9993846 -0.0032049133
2842162.6162162162 -0.09719174 -0.14976111 0.03148524 -0.03405556 -0.002661899 0.9994125 -0.0027988413
2892179.6162162162 -0.08644644 -0.15653844 0.028759155 -0.030308936 -0.0018189342 0.9995362 -0.0023299307
2942196.6162162162 -0.06968801 -0.17000723 0.02686291 -0.025553005 -0.00023722048 0.99966055 -0.0050857565
2992213.6162162162 -0.06040761 -0.17125608 0.031083666 -0.018053543 -0.00057926174 0.9998069 -0.007744388
3042231.8662162162 -0.039407518 -0.17832008 0.027223594 -0.01039157 -1.883079e-05 0.9998976 -0.0098447995
3092248.8662162162 -0.031576164 -0.1753065 0.026530463 -0.0028889023 -0.0023308406 0.99993265 -0.011001134
3142265.8662162162 -0.016834106 -0.17356622 0.018950948 0.0049295253 -0.0047715455 0.9999286 -0.009786735
3192282.6162162162 0.00049688783 -0.16674307 0.010526953 0.011659202 -0.0056526423 0.9998789 -0.008626982
3242299.6162162162 0.0077067763 -0.15718918 0.010759264 0.018239956 -0.0065244343 0.9997763 -0.008492511
3292317.6162162162 0.019421106 -0.1488078 0.0061706486 0.023550168 -0.0058026817 0.99966025 -0.009548684
3342334.6162162162 0.03584245 -0.1303786 0.0047736987 0.027593743 -0.0030351682 0.9995509 -0.011287018
3392351.6162162162 0.046185937 -0.113279715 0.0099814525 0.03256709 0.0006218974 0.9993543 -0.015167077
3442368.6162162162 0.051325463 -0.092761144 0.0056883525 0.036737006 0.0028817188 0.9991589 -0.017989384
3492386.8662162162 0.06269343 -0.075280264 0.008870077 0.038015224 0.006404086 0.99904746 -0.020445582
3542403.8662162162 0.05625115 -0.049607586 0.016585654 0.04030223 0.009075648 0.9989228 -0.021132631
3592420.6162162162 0.046620734 -0.03400402 0.022233749 0.040121958 0.009332677 0.99888176 -0.023203071
3642437.6162162162 0.045281697 -0.021123864 0.02815777 0.039278302 0.010720948 0.99886674 -0.024649955
3692455.6162162162 0.029462012 -0.011004763 0.03611938 0.038027313 0.010793211 0.9989022 -0.025138449
3742472.6162162162 0.022332199 -0.0020616837 0.046314668 0.03551345 0.007899045 0.9990151 -0.025403215
3792489.6162162162 0.0151314335 0.014265867 0.04665639 0.030763142 0.008054344 0.9992561 -0.0218204
3842506.6162162162 -0.005568119 0.010889668 0.058392137 0.027532164 0.0038206805 0.99935347 -0.022805985
3892523.6162162162 -0.02089907 0.009273117 0.059792966 0.023278233 0.00090542244 0.9995193 -0.020458344
3942541.8662162162 -0.037665725 0.005542255 0.06195833 0.021097677 -0.0008538562 0.99963486 -0.016866181
3992558.8662162162 -0.054588407 0.00017756794 0.064630926 0.018399172 -0.0029916945 0.99972606 -0.014160175
4042575.6162162162 -0.072911575 -0.017042937 0.06904347 0.014071713 -0.0039862455 0.99980867 -0.012992277
4092592.6162162162 -0.094397694 -0.03124988 0.072958924 0.007313517 -0.0051086475 0.9998933 -0.011566209
4142610.6162162162 -0.112965755 -0.04744711 0.07588476 0.000751426 -0.005752914 0.99992776 -0.010528462
4192627.6162162162 -0.13327193 -0.06218426 0.0750212 -0.005068187 -0.007155065 0.99992347 -0.008732424
4242644.616216216 -0.1466692 -0.082129955 0.07844253 -0.013405501 -0.0074430993 0.9998466 -0.008478268
4292661.616216216 -0.15859118 -0.10423852 0.08469962 -0.02319365 -0.0061607226 0.99967617 -0.008471505
4342679.866216216 -0.16364565 -0.12417362 0.08507947 -0.03442438 -0.003993155 0.9993782 -0.006509308
4392696.866216216 -0.16979495 -0.14513113 0.087759785 -0.04208592 -0.0017153963 0.99910283 -0.0044095083
4442713.866216216 -0.1735688 -0.16439334 0.08457559 -0.04674522 -0.001261771 0.9989055 -0.0010793963
4492730.616216216 -0.17350401 -0.17934997 0.08028728 -0.04900399 -0.0013873756 0.9987934 0.0029108203
4542748.616216216 -0.1709939 -0.1966116 0.08354445 -0.0483688 -0.0021478431 0.99881226 0.0054698368
4592765.616216216 -0.1520497 -0.20917495 0.083796255 -0.049917918 -0.0034083177 0.99871296 0.008315686
4642782.616216216 -0.13994874 -0.21948573 0.08462125 -0.049803924 -0.007153673 0.9986931 0.008967744
4692799.616216216 -0.119145975 -0.22174366 0.08118161 -0.049343523 -0.009832969 0.99868006 0.010333609
4742816.616216216 -0.100844026 -0.22584637 0.08268339 -0.047260348 -0.012385247 0.99876666 0.008843474
4792834.866216216 -0.08533753 -0.22272445 0.08574424 -0.043167256 -0.015685836 0.9989016 0.009284509
4842851.866216216 -0.07388775 -0.22095393 0.08332959 -0.039342217 -0.018832538 0.9990143 0.008249409
4892868.616216216 -0.0520902 -0.21870366 0.08342765 -0.03775062 -0.019968199 0.99905735 0.0077823154
4942885.616216216 -0.036534414 -0.20668504 0.08334517 -0.03540441 -0.02107594 0.99911684 0.00824539
4992903.616216216 -0.023181137 -0.19699666 0.07143253 -0.032730713 -0.02143862 0.9992034 0.007853729
5042920.616216216 -0.004546317 -0.18435238 0.06511525 -0.030894786 -0.020428305 0.9992905 0.006834999
5092937.616216216 0.006721027 -0.16576909 0.064918034 -0.028732887 -0.018766945 0.99939895 0.0049054925
5142954.616216216 0.02028245 -0.14583601 0.05477315 -0.02746777 -0.01695894 0.99947596 0.0024237658
5192972.866216216 0.027068503 -0.12191906 0.052640952 -0.026438262 -0.015503297 0.99952996 -0.0007263477
5242989.866216216 0.028337732 -0.10236035 0.055120155 -0.024446137 -0.014280041 0.99958813 -0.004693583
5293006.866216216 0.029408416 -0.07500743 0.051560774 -0.022674462 -0.014599661 0.9996109 -0.007133693
5343023.616216216 0.02483249 -0.05291395 0.05436802 -0.020185528 -0.015295033 0.9996286 -0.010066987
5393040.616216216 0.010749702 -0.033561204 0.05344263 -0.018934874 -0.017063776 0.99958044 -0.01375915
5443058.616216216 -0.0047941445 -0.013350435 0.060499072 -0.021769486 -0.019888924 0.99942887 -0.016506208
5493075.616216216 -0.020515895 0.00043313298 0.0632952 -0.0258902 -0.020175362 0.99925727 -0.02019097
5543092.616216216 -0.03801332 0.009031884 0.0673384 -0.028317587 -0.021667512 0.9990598 -0.024659956
5593109.616216216 -0.057515543 0.0141070625 0.07124059 -0.02985003 -0.022173721 0.9988914 -0.028867858
5643127.866216216 -0.07795609 0.018904613 0.07253094 -0.033010352 -0.023004403 0.99867463 -0.032096732
5693144.866216216 -0.09510255 0.017644253 0.06945477 -0.040301025 -0.024552986 0.9982154 -0.036594573
5743161.866216216 -0.1195981 0.015087079 0.07197004 -0.05037362 -0.025160428 0.997616 -0.03989813
5793178.616216216 -0.13777111 0.005177343 0.074662864 -0.06301491 -0.026817152 0.99665564 -0.044583067
5843196.616216216 -0.16571423 0.0009239623 0.07472472 -0.07297839 -0.02906658 0.99576813 -0.047698066
5893213.616216216 -0.18859592 -0.012426364 0.07514806 -0.08235387 -0.03171983 0.99480826 -0.050678253
5943230.616216216 -0.2109902 -0.027930936 0.074043244 -0.09086116 -0.033315387 0.9939717 -0.051524263
5993247.616216216 -0.22975983 -0.05024422 0.07091542 -0.09828595 -0.03287871 0.99333096 -0.05052267
6043265.866216216 -0.24398859 -0.07321008 0.0702474 -0.104247734 -0.03165576 0.9929264 -0.047197554
6093282.866216216 -0.24921721 -0.0977788 0.06681187 -0.1070357 -0.02924824 0.9929639 -0.041359793
6143299.866216216 -0.2504152 -0.12841983 0.06966321 -0.10796031 -0.02600384 0.9931796 -0.035535704
6193316.616216216 -0.24735416 -0.15133014 0.06521331 -0.10885743 -0.021767527 0.99343175 -0.027743086
6243333.616216216 -0.23841833 -0.17126448 0.06260116 -0.10764227 -0.017147183 0.9938455 -0.019755743
6293351.616216216 -0.22364144 -0.19591604 0.064442754 -0.10455269 -0.013128722 0.9943246 -0.014661464
6343368.616216216 -0.20818175 -0.20995212 0.06448127 -0.09655354 -0.01037493 0.9952323 -0.009080952
6393385.616216216 -0.19281399 -0.22037438 0.06422936 -0.08595191 -0.008553937 0.9962495 -0.005105394
6443402.616216216 -0.17065391 -0.22395964 0.067525126 -0.07464222 -0.008741775 0.99717 -0.0020681568
6493420.866216216 -0.15272932 -0.22957027 0.06907168 -0.06489008 -0.009627049 0.9978434 -0.0022866596
6543437.866216216 -0.13531832 -0.22845528 0.07386227 -0.055196524 -0.010701574 0.9984133 -0.0031245113
6593454.866216216 -0.116006345 -0.22018155 0.07739456 -0.047521204 -0.01179755 0.9987888 -0.004847656
6643471.616216216 -0.09682535 -0.20734438 0.079862714 -0.03994575 -0.010475391 0.9991242 -0.006736369
6693489.616216216 -0.08185578 -0.18696243 0.0837331 -0.03367023 -0.011675191 0.9993303 -0.008308639
6743506.616216216 -0.072562434 -0.16853146 0.08013371 -0.027560744 -0.011443945 0.9994796 -0.012249951
6793523.616216216 -0.05843839 -0.14518139 0.08131545 -0.023072548 -0.010946178 0.9995407 -0.01631872
6843540.616216216 -0.05076413 -0.11944774 0.08251604 -0.018313808 -0.010554625 0.9995425 -0.02163527
6893557.616216216 -0.04813168 -0.09129145 0.0873861 -0.015607454 -0.008856926 0.99941957 -0.028959198
6943575.866216216 -0.043766163 -0.06394771 0.09209058 -0.014882815 -0.008347952 0.99916 -0.037259668
6993592.866216216 -0.05035543 -0.03646274 0.09780476 -0.012214813 -0.008994683 0.9988618 -0.0452229
7043609.866216216 -0.05897002 -0.008997731 0.10534011 -0.011985365 -0.009797924 0.9985092 -0.05234211
7093626.616216216 -0.06979137 0.019982912 0.110502586 -0.013733415 -0.010242774 0.9981881 -0.057680395
7143644.616216216 -0.08060543 0.04012073 0.12011805 -0.018984627 -0.010984847 0.9976852 -0.06436846
7193661.616216216 -0.099875376 0.055165976 0.12644523 -0.025133528 -0.011530851 0.997135 -0.070406854
7243678.616216216 -0.1165498 0.06592156 0.13015017 -0.03395641 -0.012353243 0.9963465 -0.07738248
7293695.616216216 -0.13859603 0.07187345 0.13443325 -0.042811166 -0.012254982 0.9955733 -0.082770124
7343713.866216216 -0.1605111 0.07477843 0.14012985 -0.052587036 -0.012714996 0.99474436 -0.086928986
7393730.866216216 -0.17861058 0.06882499 0.14613558 -0.0638324 -0.011431399 0.99376094 -0.09074139
7443747.866216216 -0.1993691 0.056552563 0.14951834 -0.07302594 -0.01132089 0.99282634 -0.09399448
7493764.616216216 -0.21673083 0.040775996 0.14989918 -0.08118465 -0.011405472 0.99207735 -0.09519203
7543782.616216216 -0.23518337 0.021706346 0.15236807 -0.08674087 -0.010882862 0.9916157 -0.0951629
7593799.616216216 -0.2456365 0.0010155763 0.16034095 -0.09291516 -0.008915745 0.9913181 -0.09260496
7643816.616216216 -0.25525182 -0.028211148 0.15860672 -0.09784526 -0.008124317 0.9911286 -0.0895793
7693833.616216216 -0.262355 -0.057424456 0.16233908 -0.101670794 -0.0068059447 0.99108255 -0.08586122
7743850.616216216 -0.26601863 -0.08449499 0.1604629 -0.10465102 -0.0067624752 0.9913046 -0.07948384
7793868.866216216 -0.26529908 -0.11326963 0.16058995 -0.10642084 -0.0052309562 0.99161494 -0.07312433
7843885.866216216 -0.26251486 -0.13849314 0.16386539 -0.10855377 -0.0053066663 0.9919165 -0.06549563
7893902.866216216 -0.25166738 -0.16065527 0.16040279 -0.10967133 -0.0063217343 0.9922752 -0.05763928
7943919.616216216 -0.23716821 -0.17959625 0.16179974 -0.1074484 -0.007750005 0.99290967 -0.050252255
7993937.616216216 -0.2181942 -0.19503768 0.16118243 -0.10222023 -0.009907612 0.9937246 -0.04432114
8043954.616216216 -0.20463298 -0.19858386 0.16786833 -0.09344745 -0.0122721065 0.994812 -0.038288645
8093971.616216216 -0.18445754 -0.20326787 0.16903305 -0.084322184 -0.0140216695 0.99572074 -0.03511882
8143988.616216216 -0.16220488 -0.20690712 0.17302814 -0.07421026 -0.015126367 0.99651766 -0.034879893
8194006.616216216 -0.14096633 -0.20066543 0.17431301 -0.0650955 -0.01640546 0.99711746 -0.035360076
8244023.866216216 -0.12212006 -0.18615961 0.17971008 -0.055500124 -0.017204916 0.9976141 -0.03728158
8294040.866216216 -0.101864174 -0.17410558 0.1761427 -0.04752414 -0.018657675 0.9978601 -0.04084896
8344057.866216216 -0.083226256 -0.15576236 0.17757387 -0.041888855 -0.018378196 0.99794686 -0.044830423
8394074.616216216 -0.07258979 -0.13696869 0.18016633 -0.03675667 -0.018634142 0.9978948 -0.05007618
8444092.616216216 -0.063244075 -0.113886856 0.1782313 -0.032563508 -0.018966895 0.9977618 -0.055238906
8494109.616216216 -0.052744832 -0.089192115 0.17732577 -0.029227063 -0.01788211 0.99758637 -0.060394842
8544126.616216216 -0.052560505 -0.06305646 0.17686167 -0.02577027 -0.017731471 0.9973306 -0.06597926
8594143.616216216 -0.05159929 -0.03989575 0.17432567 -0.02617275 -0.016789977 0.99689406 -0.07235573
8644161.866216216 -0.058785405 -0.015938567 0.17554002 -0.028273243 -0.016322214 0.9964417 -0.0777054
8694178.866216216 -0.07202148 0.005898115 0.1777224 -0.03141033 -0.01617906 0.9959104 -0.08315148
8744195.866216216 -0.081314996 0.02492074 0.1771554 -0.036372036 -0.017165132 0.995271 -0.08841973
8794212.616216216 -0.09964508 0.03564299 0.17839415 -0.04233655 -0.018327912 0.99441344 -0.09494012
8844230.616216216 -0.120255694 0.046133727 0.18099727 -0.050980967 -0.01955219 0.9934125 -0.10074884
8894247.616216216 -0.14015368 0.048479345 0.18156011 -0.062378395 -0.02050196 0.9920495 -0.10736147
8944264.616216216 -0.16475248 0.04310857 0.18107614 -0.07392736 -0.020702263 0.9905372 -0.11376408
8994281.616216216 -0.19034252 0.03852435 0.17945082 -0.08309989 -0.021456296 0.9893844 -0.117271215
9044299.616216216 -0.20998983 0.024652425 0.18213426 -0.09191169 -0.02288865 0.9882092 -0.12029583
9094316.866216216 -0.22782391 0.0085110525 0.18034595 -0.09945697 -0.02279972 0.9873739 -0.121167056
9144333.866216216 -0.24559313 -0.017915329 0.17797333 -0.10493557 -0.022426886 0.98685807 -0.1208173
9194350.866216216 -0.25878158 -0.044806045 0.1775798 -0.10873204 -0.021717992 0.9866727 -0.119091146
9244367.616216216 -0.2683981 -0.072308786 0.17475116 -0.11103129 -0.020280117 0.98679316 -0.11618998
9294385.616216216 -0.279525 -0.09838425 0.17542705 -0.11070877 -0.019496936 0.9872558 -0.11264748
9344402.616216216 -0.2851373 -0.1268436 0.17314813 -0.109346375 -0.017742336 0.98779947 -0.109457456
9394419.616216216 -0.28834677 -0.15104364 0.17778209 -0.107060395 -0.018587926 0.98827195 -0.10729043
9444436.616216216 -0.2917279 -0.17803457 0.18140896 -0.10579916 -0.018841755 0.9885675 -0.10576337
9494454.616216216 -0.29566437 -0.20095493 0.18321942 -0.10416509 -0.02004909 0.9888828 -0.10420475
9544471.866216216 -0.2934842 -0.22260845 0.18595228 -0.10246625 -0.020226024 0.98927015 -0.10215765
9594488.866216216 -0.28837064 -0.24168156 0.19071007 -0.10002301 -0.019239653 0.9897465 -0.10013533
9644505.866216216 -0.28425005 -0.25893703 0.19253711 -0.09686246 -0.019016715 0.99027526 -0.09803522
9694523.616216216 -0.27266765 -0.2773326 0.19697034 -0.095765285 -0.015183355 0.9905663 -0.09683439
9744540.616216216 -0.25949374 -0.2959573 0.20204775 -0.0971838 -0.012846696 0.9904997 -0.09644046
9794557.616216216 -0.24889031 -0.31216076 0.20465848 -0.098101944 -0.00956785 0.99049294 -0.0959599
9844574.616216216 -0.23638497 -0.32386595 0.20707753 -0.098581605 -0.0088606905 0.9905865 -0.09455971
9894591.616216216 -0.22107263 -0.33595037 0.20837933 -0.098414645 -0.006442364 0.99064577 -0.094308555
9944609.866216216 -0.2044117 -0.34201688 0.21033388 -0.09907569 -0.008483957 0.9906381 -0.09353251
9994626.866216216 -0.18638322 -0.3519784 0.21464008 -0.09832625 -0.009139097 0.99047 -0.09600881
10044643.866216216 -0.1720089 -0.35374084 0.21767993 -0.094207846 -0.010684844 0.9907403 -0.09718255
10094660.616216216 -0.16017617 -0.35459828 0.21747275 -0.08882312 -0.014287001 0.9910905 -0.09821431
10144678.616216216 -0.14841929 -0.35046595 0.22260518 -0.08399001 -0.018573819 0.9912687 -0.09993559
10194695.616216216 -0.14144774 -0.3483018 0.23037097 -0.081461094 -0.021903021 0.99104536 -0.1035064
10244712.616216216 -0.14442386 -0.346761 0.23199311 -0.08110695 -0.024370836 0.99041253 -0.10913653
10294729.616216216 -0.14471592 -0.34128544 0.23488458 -0.08326224 -0.025731944 0.98962206 -0.11425218
10344747.616216216 -0.15410629 -0.33727315 0.2418922 -0.08576831 -0.025003549 0.98868847 -0.120473206
10394764.866216216 -0.16401568 -0.34077814 0.24399461 -0.087852076 -0.024394771 0.9877182 -0.12688455
10444781.866216216 -0.17497753 -0.34155023 0.25015607 -0.08981626 -0.023389952 0.986957 -0.1315364
10494798.866216216 -0.18586037 -0.35124457 0.25310028 -0.092549406 -0.022413135 0.986139 -0.13587587
10544816.616216216 -0.19493012 -0.35466844 0.26250684 -0.09557941 -0.021230547 0.9856001 -0.1378637
10594833.616216216 -0.20463692 -0.36092857 0.27161226 -0.10087311 -0.019128611 0.98496085 -0.13896349
10644850.616216216 -0.21177387 -0.37242353 0.27487677 -0.10473957 -0.016366675 0.9846125 -0.13892466
10694867.616216216 -0.22481303 -0.38234788 0.27706814 -0.107375816 -0.014880722 0.9846087 -0.137094
10744884.616216216 -0.22720721 -0.39248547 0.2824152 -0.11039743 -0.011483556 0.98468167 -0.13447194
10794902.616216216 -0.22860134 -0.4062486 0.28850654 -0.110485666 -0.008075013 0.9849899 -0.13237308
10844919.866216216 -0.23204868 -0.41879085 0.2913542 -0.108448446 -0.005805367 0.98549783 -0.1303815
10894936.866216216 -0.21911564 -0.42701653 0.30000907 -0.10925904 -0.0017596753 0.98546374 -0.13007946
10944953.866216216 -0.21239108 -0.43802848 0.30526483 -0.106488444 -0.00011075358 0.9857474 -0.13024
10994971.616216216 -0.19832593 -0.44775584 0.31556326 -0.10287673 0.0011614861 0.9859215 -0.13180992
11044988.616216216 -0.18756178 -0.45135492 0.32281345 -0.09888628 0.0011049872 0.9862329 -0.13253348
11095005.616216216 -0.17365524 -0.45563877 0.3336196 -0.094301745 0.0015622056 0.9865305 -0.13364996
11145022.616216216 -0.1565884 -0.4591422 0.3350795 -0.088350736 0.0015970775 0.986922 -0.13482054
11195040.616216216 -0.1433406 -0.4595241 0.34157935 -0.07962142 0.0024969638 0.9875067 -0.13595845
11245057.866216216 -0.12707357 -0.4624886 0.34403226 -0.073004745 0.0035600073 0.9878155 -0.13739818
11295074.866216216 -0.10832685 -0.4629066 0.34216064 -0.06626804 0.0057271435 0.9881861 -0.13807231
11345091.866216216 -0.090447724 -0.46145183 0.3417912 -0.059085872 0.008758451 0.98865443 -0.13782088
11395108.616216216 -0.07401866 -0.4610999 0.33890635 -0.05160992 0.012020818 0.9889691 -0.1383189
11445126.616216216 -0.058156665 -0.45969734 0.33012965 -0.0448522 0.015577239 0.9892691 -0.13817497
11495143.616216216 -0.04614315 -0.46068555 0.32675818 -0.037348337 0.019897921 0.98918176 -0.14045887
11545160.616216216 -0.036699764 -0.4505959 0.31834593 -0.030576047 0.023715515 0.9893101 -0.14059989
11595177.616216216 -0.02969554 -0.44561133 0.31306636 -0.024648093 0.026423432 0.9891527 -0.1423769
11645195.616216216 -0.033730257 -0.44475347 0.30051833 -0.020369878 0.028196841 0.9890584 -0.14336526
11695212.866216216 -0.034452554 -0.4341339 0.29572222 -0.02171526 0.028951582 0.9891334 -0.14249691
11745229.866216216 -0.042175464 -0.43128726 0.29818428 -0.025187898 0.028551908 0.9891339 -0.14200187
11795246.866216216 -0.057402663 -0.43175387 0.29147825 -0.029537939 0.027917838 0.98913765 -0.14126207
11845264.616216216 -0.07257355 -0.4305907 0.28615245 -0.0354759 0.02602273 0.9890603 -0.14079832
11895281.616216216 -0.09303055 -0.42730796 0.28126442 -0.043325316 0.022643756 0.98897505 -0.13978058
11945298.616216216 -0.11318878 -0.43358198 0.27745268 -0.05348153 0.019573787 0.9882184 -0.1420599
11995315.616216216 -0.13307561 -0.44025967 0.2836749 -0.06210554 0.018606257 0.9872017 -0.14570408
12045333.616216216 -0.15021439 -0.44532433 0.29099768 -0.07046028 0.016679186 0.9861925 -0.14893495
12095350.616216216 -0.16135296 -0.452968 0.29829744 -0.07813181 0.016118905 0.9851298 -0.15216765
12145367.866216216 -0.17326923 -0.46367294 0.31159848 -0.08136581 0.016626604 0.9842655 -0.15596339
12195384.866216216 -0.18033476 -0.471847 0.32094747 -0.08549554 0.017863778 0.9836475 -0.15750901
12245401.866216216 -0.1875062 -0.48209137 0.33059368 -0.088080324 0.01696217 0.98336804 -0.15792878
12295419.616216216 -0.17985797 -0.49482745 0.34440058 -0.09171722 0.01820734 0.9829726 -0.1581814
12345436.616216216 -0.18418902 -0.50363475 0.35126412 -0.09199316 0.01676586 0.9832449 -0.15647916
12395453.616216216 -0.1840818 -0.51141155 0.36017153 -0.09184044 0.014948604 0.9834819 -0.15525873
12445470.616216216 -0.17597598 -0.51988035 0.37183088 -0.092515014 0.01274742 0.9834732 -0.15510978
12495488.616216216 -0.16767797 -0.52632785 0.38366044 -0.091670886 0.010533321 0.9836436 -0.15469621
12545505.866216216 -0.15546282 -0.53268933 0.3878547 -0.09013146 0.008530909 0.98384005 -0.1544745
12595522.866216216 -0.14225595 -0.53723305 0.3938277 -0.0877149 0.0070896735 0.98404574 -0.15462807
12645539.866216216 -0.12896794 -0.5421447 0.40645292 -0.08516528 0.006716162 0.98399043 -0.15641172
12695557.616216216 -0.11717448 -0.54480064 0.41324425 -0.08215452 0.0051291687 0.98416364 -0.15699145
12745574.616216216 -0.1032502 -0.546488 0.41838792 -0.07890592 0.0040103146 0.98422295 -0.15831329
12795591.616216216 -0.09114747 -0.5499614 0.4250413 -0.07358763 0.005025128 0.9842108 -0.16089997
12845608.616216216 -0.081323 -0.54990846 0.4291505 -0.06853207 0.005406045 0.984384 -0.16205661
12895626.616216216 -0.069200575 -0.5504504 0.4290359 -0.06567427 0.005431568 0.9842929 -0.16378282
12945643.616216216 -0.059512645 -0.54681534 0.42872292 -0.06157047 0.0068161082 0.9844874 -0.16415605
12995660.866216216 -0.050299354 -0.5443055 0.42264822 -0.05796255 0.008357149 0.98468876 -0.16419075
13045677.866216216 -0.044146758 -0.5415919 0.40875942 -0.055413783 0.009161088 0.9849163 -0.16366215
13095694.866216216 -0.03324493 -0.5317671 0.40284112 -0.05503855 0.010852103 0.98509234 -0.16262265
13145712.616216216 -0.037440874 -0.5272664 0.38732526 -0.05276917 0.010275443 0.98539996 -0.16154493
13195729.616216216 -0.032159537 -0.51228034 0.38460878 -0.050240874 0.0115632005 0.9857503 -0.16012038
13245746.616216216 -0.03200036 -0.51206046 0.36304605 -0.04766301 0.010141479 0.9860165 -0.15936413
13295763.616216216 -0.0312684 -0.50375265 0.3498319 -0.044354904 0.011410578 0.98641557 -0.15775543
13345781.616216216 -0.030903546 -0.4971911 0.3384861 -0.04226231 0.01167227 0.9867604 -0.15614624
13395798.616216216 -0.036207106 -0.49321038 0.3257721 -0.03697138 0.012152739 0.9870696 -0.155496
13445815.866216216 -0.041216835 -0.4846376 0.30519763 -0.034013223 0.012333031 0.9876484 -0.15245225
13495832.866216216 -0.040328182 -0.4775801 0.3006627 -0.036219906 0.012516782 0.9877209 -0.15145582
13545850.616216216 -0.06031164 -0.4787825 0.2935461 -0.034224734 0.013315563 0.9877978 -0.1513503
13595867.616216216 -0.07870129 -0.47754797 0.28302157 -0.031684976 0.013714908 0.98802614 -0.15037405
13645884.616216216 -0.08855256 -0.48062032 0.28071377 -0.032050613 0.014741642 0.98771876 -0.15220763
13695901.616216216 -0.09732264 -0.48102546 0.27996626 -0.03449848 0.013771271 0.9874698 -0.15337433
13745918.616216216 -0.11551623 -0.48655644 0.27650616 -0.0350403 0.013347067 0.98711646 -0.15554778
13795936.616216216 -0.12620556 -0.49226367 0.28144813 -0.039777257 0.013765067 0.9864831 -0.15836482
13845953.866216216 -0.13455255 -0.49796078 0.2875707 -0.04820081 0.0130111445 0.9857349 -0.16073036
13895970.866216216 -0.14417817 -0.5039609 0.29338786 -0.05664022 0.011105738 0.9851442 -0.16173907
13945987.866216216 -0.15281591 -0.51213235 0.30488902 -0.06392915 0.008080391 0.9845974 -0.16252965
13996005.616216216 -0.15839952 -0.5201571 0.3175114 -0.069333196 0.004062958 0.9842403 -0.16262703
14046022.616216216 -0.16331562 -0.52586377 0.33434585 -0.07083459 -7.06759e-05 0.9845463 -0.16015944
14096039.616216216 -0.1599606 -0.53788865 0.34563872 -0.07122608 -0.0021912004 0.98482823 -0.15822579
14146056.616216216 -0.15285142 -0.546094 0.36040515 -0.07175252 -0.0033658112 0.98530287 -0.1549796
14196074.616216216 -0.1443439 -0.56043977 0.36698183 -0.071306795 -0.00367826 0.9858928 -0.15138452
14246091.616216216 -0.12872294 -0.5732753 0.37735447 -0.071725994 -0.0034591497 0.9863033 -0.14848974
14296108.866216216 -0.11929986 -0.5811275 0.38085127 -0.06860919 -0.0048816246 0.9870897 -0.14464769
14346125.866216216 -0.101234585 -0.59307975 0.38762888 -0.06542063 -0.0050966586 0.98766017 -0.14220293
14396142.866216216 -0.08020975 -0.5986872 0.3928303 -0.059722643 -0.005712411 0.9884992 -0.13881634
14446160.616216216 -0.06315586 -0.60149693 0.39884502 -0.05184651 -0.0060105775 0.9893217 -0.13608253
14496177.616216216 -0.039312415 -0.6067067 0.39857003 -0.046187818 -0.005044897 0.9898061 -0.1346295
14546194.616216216 -0.019836904 -0.60705346 0.39533365 -0.04129182 -0.003986383 0.99029684 -0.13263239
14596211.616216216 -0.0017714556 -0.6080749 0.39670205 -0.036074594 -0.0012878447 0.99045205 -0.13304807
14646229.616216216 0.02061076 -0.61123234 0.39459956 -0.030904206 0.0017658082 0.9904578 -0.13429543
14696246.616216216 0.039870605 -0.60714823 0.3867743 -0.02449332 0.0044237208 0.99071515 -0.13365662
14746263.866216216 0.052977294 -0.6028099 0.37733993 -0.017416706 0.007488979 0.9908711 -0.13347347
14796280.866216216 0.0684964 -0.5937175 0.36963493 -0.01183466 0.010678532 0.99099565 -0.13294227
14846298.616216216 0.07585059 -0.5842169 0.3574236 -0.0065816096 0.013721722 0.9911622 -0.1317802
14896315.616216216 0.087936796 -0.5751384 0.34550756 -0.002157054 0.017223096 0.9912388 -0.13093653
14946332.616216216 0.087037966 -0.562936 0.3327248 0.0024757478 0.017905392 0.99148786 -0.12893854
14996349.616216216 0.08600451 -0.55466247 0.31113252 0.0008786509 0.018014455 0.991533 -0.12859657
15046367.616216216 0.07721883 -0.543216 0.3000089 9.669569e-05 0.018894263 0.9916659 -0.12744345
15096384.616216216 0.06302608 -0.5225468 0.30038768 -0.0019127561 0.018733123 0.9919184 -0.12547241
15146401.866216216 0.045022056 -0.5197495 0.29053614 -0.0050221984 0.01626981 0.99195105 -0.12547189
15196418.866216216 0.02730314 -0.5168717 0.28557208 -0.010264482 0.014485478 0.99195445 -0.1253446
15246435.866216216 0.0052310405 -0.5107135 0.27818 -0.014568083 0.011984846 0.9920027 -0.124798864
15296453.616216216 -0.016996045 -0.5103845 0.2787156 -0.020229725 0.007991395 0.9918527 -0.12551929
15346470.616216216 -0.03816838 -0.516198 0.28046513 -0.027248671 0.00533155 0.99141806 -0.12774704
15396487.616216216 -0.06363192 -0.5242797 0.2820562 -0.034471437 0.0019489194 0.990947 -0.12973814
15446504.616216216 -0.08315577 -0.5323666 0.28467044 -0.041856147 0.00018195507 0.99042946 -0.13151997
15496522.616216216 -0.10306042 -0.5430471 0.2959627 -0.049603704 -0.001590149 0.9897902 -0.1336126
15546539.616216216 -0.11698878 -0.5589211 0.30754682 -0.057330973 -0.0023575875 0.9891152 -0.1354946
15596556.866216216 -0.1296294 -0.56706816 0.31970498 -0.06579974 -0.0031029987 0.98867625 -0.13483368
15646573.866216216 -0.1356868 -0.5820239 0.33196512 -0.07281649 -0.0023830812 0.98831624 -0.1338776
15696591.616216216 -0.13651739 -0.5901224 0.349002 -0.07739073 -0.0014411781 0.98833245 -0.13117822
15746608.616216216 -0.13829151 -0.6051168 0.354236 -0.07896565 0.001158932 0.9887483 -0.12704326
15796625.616216216 -0.13052833 -0.61655927 0.36269668 -0.08101388 0.0042236717 0.98922986 -0.12183342
15846642.616216216 -0.119699985 -0.6261444 0.36264575 -0.08217741 0.0056769024 0.98998916 -0.114612825
15896659.616216216 -0.10555077 -0.63341945 0.36448973 -0.08187273 0.0075492347 0.9909428 -0.10617122
15946677.616216216 -0.089963526 -0.63515526 0.3632993 -0.08000404 0.008957944 0.9920868 -0.09634826
15996694.616216216 -0.07206415 -0.6403643 0.35748196 -0.07922861 0.010250041 0.99293756 -0.08770817
16046711.866216216 -0.053734016 -0.64346427 0.3536869 -0.07828143 0.014142586 0.99363416 -0.079769455
16096728.866216216 -0.03697166 -0.6356699 0.34395772 -0.07918139 0.015141229 0.99428195 -0.07003232
16146746.616216216 -0.021643193 -0.6260062 0.335706 -0.08164862 0.015710523 0.9945468 -0.062955305
16196763.616216216 -0.016726092 -0.6244447 0.32123214 -0.081537254 0.01634928 0.9947969 -0.05885218
16246780.616216216 -0.0022510914 -0.6043868 0.32145467 -0.08224926 0.015704818 0.9949397 -0.055528253
16296797.616216216 0.0042330637 -0.5861302 0.31858 -0.08098888 0.014677762 0.9951047 -0.054700904
16346815.616216216 0.012452537 -0.5675039 0.30615926 -0.08288752 0.015111937 0.9949092 -0.055290997
16396832.616216216 0.018280184 -0.5428451 0.30696055 -0.086919636 0.0151248025 0.9945132 -0.05621129
16446849.866216216 0.024421267 -0.5222448 0.29461977 -0.093721546 0.014371249 0.9937928 -0.05818676
16496866.866216216 0.030505514 -0.49960524 0.29007414 -0.100433 0.01200209 0.99313754 -0.058711756
16546884.616216216 0.034477804 -0.47792277 0.27722034 -0.10869527 0.008506891 0.9924357 -0.05643078
16596901.616216216 0.035626464 -0.45851713 0.25989744 -0.117643565 0.0016051545 0.9916049 -0.053639032
16646918.616216216 0.03582891 -0.43120652 0.25181717 -0.12532704 -0.005667422 0.9909102 -0.048561405
16696935.616216216 0.039720803 -0.40913773 0.2343303 -0.13417728 -0.015010124 0.9899287 -0.042570684
16746952.616216216 0.038344227 -0.3887555 0.21665095 -0.14561401 -0.025359176 0.98832965 -0.03685097
16796970.616216216 0.038453106 -0.36332354 0.20003915 -0.16002221 -0.036257967 0.9859986 -0.029751796
16846987.616216216 0.03550863 -0.33938155 0.18235013 -0.17692514 -0.04848517 0.9827407 -0.023821615
16897004.866216216 0.034584515 -0.31666815 0.1696672 -0.19390416 -0.059481524 0.9790279 -0.019170083
16947021.866216216 0.033353545 -0.295325 0.1537554 -0.2096643 -0.06908846 0.97520036 -0.015875895
16997039.616216216 0.03269006 -0.2769348 0.13874355 -0.22599173 -0.07712233 0.97097635 -0.013594138
17047056.616216216 0.03369164 -0.2621742 0.13277777 -0.24208732 -0.083157666 0.96660006 -0.012763099
17097073.616216216 0.03701654 -0.25368983 0.13013245 -0.25468737 -0.08500269 0.9631821 -0.013753445
17147090.616216216 0.039325807 -0.2525997 0.1317573 -0.2609337 -0.085296765 0.96144664 -0.01607755
17197108.616216216 0.04633464 -0.261541 0.11198224 -0.25961882 -0.079684325 0.9622016 -0.02041177
17247125.616216216 0.052736886 -0.26508465 0.116291314 -0.2546741 -0.08148069 0.96342295 -0.017839294
17297142.616216216 0.062116254 -0.2747434 0.11715664 -0.2459553 -0.07825348 0.96597874 -0.016355755
17347159.866216216 0.07231197 -0.28119677 0.116303794 -0.23652841 -0.07797358 0.96841556 -0.01207669
17397176.866216216 0.08062287 -0.28612107 0.11700693 -0.22879204 -0.079112224 0.9702327 -0.00663318
17447194.616216216 0.08742834 -0.2954241 0.11382334 -0.22248182 -0.08183484 0.97149235 -0.0027482964
17497211.616216216 0.10081619 -0.29976472 0.1216251 -0.21734506 -0.08269851 0.97258526 0.00029361382
17547228.616216216 0.11307356 -0.30341846 0.12943229 -0.21096122 -0.08476469 0.9738074 0.0030855918
17597245.616216216 0.12394224 -0.3064053 0.13452752 -0.20095022 -0.085106336 0.97587293 0.006929932
17647263.616216216 0.14424299 -0.3008171 0.13950278 -0.19369358 -0.08482663 0.97731084 0.012278434
17697280.616216216 0.16453987 -0.29388243 0.14033443 -0.1894857 -0.082353026 0.9782913 0.016108345
17747297.866216216 0.18693411 -0.28937837 0.14172564 -0.18854813 -0.07746355 0.97884494 0.017653262
17797314.866216216 0.20514122 -0.2733849 0.1523369 -0.18528765 -0.074119166 0.97969025 0.019543482
17847332.616216216 0.2244944 -0.25264886 0.16684432 -0.18057196 -0.071916424 0.98074424 0.01904415
17897349.616216216 0.23697922 -0.2249736 0.17540644 -0.17689416 -0.071386956 0.9814771 0.017754745
17947366.616216216 0.25169772 -0.1966962 0.18008292 -0.1795872 -0.07180302 0.9810183 0.013993402
17997383.616216216 0.2595041 -0.16789477 0.18647614 -0.18262902 -0.07545616 0.9802318 0.009931165
18047401.616216216 0.2635065 -0.14058661 0.19761135 -0.18757069 -0.07649184 0.97925705 0.0046788836
18097418.616216216 0.26526213 -0.1169171 0.20250191 -0.19254093 -0.07719625 0.9782477 0.0004235834
18147435.616216216 0.27012467 -0.098620094 0.21362248 -0.19913056 -0.077453114 0.97690237 -0.0031553407
18197452.866216216 0.26752776 -0.07962503 0.20953304 -0.20256862 -0.07609445 0.9762974 -0.004361413
18247469.866216216 0.26366168 -0.07025649 0.21123978 -0.20441766 -0.074146956 0.97605395 -0.0058689234
18297487.616216216 0.26402017 -0.063924365 0.21143349 -0.2081999 -0.073688306 0.9752908 -0.005541625
18347504.616216216 0.26775396 -0.06767231 0.21044114 -0.2154711 -0.07130484 0.9738868 -0.005694759
18397521.616216216 0.26018703 -0.08787591 0.1960129 -0.21996942 -0.070736855 0.9729164 -0.006589218
18447538.616216216 0.2506287 -0.10733678 0.18260966 -0.22101521 -0.07048904 0.97270054 -0.0061134063
18497556.616216216 0.24770969 -0.12069943 0.17383114 -0.22105409 -0.070857994 0.97268325 -0.0012645687
18547573.616216216 0.24896252 -0.14601417 0.17359899 -0.22484644 -0.07017328 0.97186214 0.0019781052
18597590.616216216 0.25167507 -0.16270481 0.16229703 -0.22868063 -0.06944593 0.9709833 0.008596714
18647607.866216216 0.25640592 -0.18637514 0.15793374 -0.23324053 -0.07045408 0.96975917 0.014222848
18697625.866216216 0.26392722 -0.20125414 0.14872903 -0.23582937 -0.07142461 0.96893615 0.021116257
18747642.616216216 0.28007638 -0.21308218 0.13694811 -0.23665954 -0.07000576 0.9686248 0.029283682
18797659.616216216 0.29473826 -0.22950283 0.12862557 -0.23496951 -0.071204394 0.96873087 0.03577497
18847676.616216216 0.31708428 -0.23900764 0.12532423 -0.22903551 -0.07194696 0.9698539 0.041831065
18897693.616216216 0.34048748 -0.24046436 0.12838578 -0.21907486 -0.072684415 0.97186005 0.04702462
18947711.616216216 0.36199212 -0.23617382 0.13521445 -0.20863815 -0.07510743 0.9738262 0.049914543
18997728.616216216 0.38263834 -0.229544 0.1528049 -0.2012682 -0.077620104 0.9752165 0.049183946
19047745.866216216 0.4024369 -0.22239415 0.1683819 -0.19739068 -0.0800604 0.9760571 0.04404411
19097762.866216216 0.41640222 -0.20805006 0.18958898 -0.19455111 -0.08350414 0.97669494 0.035270892
19147780.616216216 0.42844582 -0.19613187 0.21002996 -0.19097213 -0.0870517 0.97743684 0.023853825
19197797.616216216 0.44208327 -0.17596221 0.22551864 -0.18909928 -0.09045947 0.9776962 0.012989064
19247814.616216216 0.44334906 -0.15443626 0.24597247 -0.18935125 -0.09490143 0.9773095 0.0024325782
19297831.616216216 0.43796197 -0.12753731 0.26146275 -0.19140255 -0.0988101 0.9765008 -0.006918112
19347849.616216216 0.43566465 -0.10325485 0.26934052 -0.19943935 -0.103239775 0.9743213 -0.016232047
19397866.616216216 0.42789716 -0.07959147 0.28323388 -0.2077121 -0.10591644 0.97207505 -0.02659908
19447883.616216216 0.4221305 -0.054583386 0.2906975 -0.21735238 -0.10696248 0.96946675 -0.038095832
19497900.866216216 0.41363415 -0.03502211 0.30209252 -0.22776096 -0.10789012 0.9663324 -0.05183069
19547918.866216216 0.40051115 -0.015779784 0.30908272 -0.23832874 -0.108807795 0.9628643 -0.065213464
19597935.616216216 0.3854996 -0.0016314089 0.31318212 -0.24929479 -0.11049986 0.9590444 -0.07665392
19647952.616216216 0.37219253 0.005533984 0.3165849 -0.26246288 -0.11254738 0.9544859 -0.08604125
19697969.616216216 0.35866785 0.007421028 0.31044176 -0.27542523 -0.11325352 0.95017254 -0.0921232
19747986.616216216 0.34992468 0.0025658887 0.3012902 -0.28805164 -0.115389295 0.9459362 -0.09442597
19798004.616216216 0.34419486 -0.014760777 0.28961387 -0.2989343 -0.1159901 0.94242376 -0.09498465
19848021.616216216 0.3393579 -0.033032298 0.27391636 -0.30744827 -0.11630357 0.93994415 -0.091946
19898038.616216216 0.33982983 -0.052656822 0.25577947 -0.315501 -0.11697461 0.9378649 -0.08476732
19948055.866216216 0.34294915 -0.0797697 0.24592212 -0.3222022 -0.1171864 0.93609214 -0.078642465
19998073.866216216 0.35276765 -0.10513406 0.2289628 -0.32614914 -0.115130946 0.93560505 -0.07081536
20048090.616216216 0.370277 -0.137052 0.22467384 -0.3273339 -0.112601295 0.93587846 -0.06561212
20098107.616216216 0.38994253 -0.16364995 0.21941362 -0.32339913 -0.10861807 0.93807185 -0.060303323
20148124.616216216 0.41357732 -0.18681113 0.22096317 -0.31761232 -0.104731254 0.940763 -0.055846572
20198142.616216216 0.43687564 -0.21066189 0.21909101 -0.31218392 -0.10248015 0.9429858 -0.053075273
20248159.616216216 0.46248132 -0.22771399 0.21810046 -0.3046519 -0.10160083 0.9456676 -0.050767243
20298176.616216216 0.48810038 -0.24047093 0.22254975 -0.2964348 -0.098588206 0.9486597 -0.04951358
20348193.866216216 0.51590306 -0.24606092 0.22604714 -0.28627628 -0.09806166 0.95195264 -0.047075484
20398210.866216216 0.54121405 -0.246021 0.23489624 -0.274012 -0.09812424 0.9556115 -0.045780182
20448228.616216216 0.5669635 -0.23859105 0.24561408 -0.2629904 -0.09839598 0.95871866 -0.04486512
20498245.616216216 0.58904433 -0.22729988 0.25690785 -0.25298452 -0.09885941 0.96131754 -0.045762602
20548262.616216216 0.6087287 -0.2108751 0.26249072 -0.24508594 -0.09865846 0.96331656 -0.047124226
20598279.616216216 0.61725444 -0.18588845 0.27748275 -0.24059533 -0.09880962 0.9642689 -0.05035871
20648297.616216216 0.62837905 -0.15698661 0.28725564 -0.24081348 -0.097366124 0.9642099 -0.053179417
20698314.616216216 0.6314682 -0.1288124 0.29191315 -0.24306144 -0.095916875 0.9635418 -0.057519015
20748331.616216216 0.6290985 -0.10091397 0.29352757 -0.24797077 -0.09293956 0.96218336 -0.0638434
20798348.866216216 0.6258874 -0.073865995 0.2993021 -0.25507268 -0.08873774 0.9602075 -0.07117019
20848366.866216216 0.61701304 -0.0491883 0.30492514 -0.26258612 -0.08562414 0.9578393 -0.07912628
20898383.616216216 0.603552 -0.031584524 0.30446714 -0.26978338 -0.08266255 0.9553704 -0.087471925
20948400.616216216 0.5877283 -0.016957035 0.30783883 -0.28086853 -0.079171166 0.9518236 -0.09421605
20998417.616216216 0.5708491 -0.011367954 0.3018929 -0.29324856 -0.07658703 0.9477045 -0.0999799
21048435.616216216 0.55506814 -0.016747437 0.28987706 -0.30421722 -0.07543714 0.94388413 -0.10413384
21098452.616216216 0.54341763 -0.028825797 0.28109908 -0.3140918 -0.07609338 0.94037646 -0.10605813
21148469.616216216 0.52954745 -0.048091125 0.26739442 -0.3232594 -0.077801816 0.9371458 -0.10586809
21198486.616216216 0.51870793 -0.07170196 0.25153044 -0.3337931 -0.07968742 0.9335454 -0.10356152
21248503.866216216 0.51067936 -0.0962079 0.23274687 -0.34338808 -0.08058235 0.9305397 -0.09842245
21298521.866216216 0.5048257 -0.12830067 0.21804686 -0.35028583 -0.08159463 0.92847455 -0.092613205
21348538.616216216 0.50479454 -0.1614382 0.20284337 -0.35491735 -0.081669286 0.9273021 -0.08645618
21398555.616216216 0.50355756 -0.19825006 0.19805533 -0.35801074 -0.08302749 0.9265472 -0.080280505
21448572.616216216 0.50993174 -0.23060903 0.1896486 -0.3598723 -0.082980834 0.9264182 -0.07318163
21498590.616216216 0.5222991 -0.26131922 0.18426651 -0.3596072 -0.08454563 0.92697513 -0.065206446
21548607.616216216 0.53926665 -0.28443295 0.17657852 -0.35467458 -0.08514609 0.9293878 -0.056519724
21598624.616216216 0.55809164 -0.30659547 0.18660042 -0.34640476 -0.08507763 0.9328622 -0.050336514
21648641.866216216 0.57845795 -0.32401326 0.18940568 -0.33369595 -0.08484504 0.93781865 -0.044097193
21698659.866216216 0.5983185 -0.33740225 0.19852951 -0.31678545 -0.08384204 0.9439367 -0.040013604
21748676.616216216 0.6189599 -0.3412977 0.20938455 -0.29770765 -0.08302324 0.9503638 -0.035860803
21798693.616216216 0.64216286 -0.3358334 0.22642908 -0.27905715 -0.08244562 0.95617473 -0.03255519
21848710.616216216 0.6632728 -0.33279508 0.23660226 -0.2632976 -0.081386134 0.96075475 -0.031641155
21898727.616216216 0.6815917 -0.32112744 0.24653186 -0.24888474 -0.07965911 0.96470666 -0.03243393
21948745.616216216 0.70408213 -0.30629554 0.2538642 -0.23675835 -0.07604445 0.96793836 -0.035469618
21998762.616216216 0.71401846 -0.28558835 0.26630846 -0.22496338 -0.07333742 0.9707244 -0.04132022
22048779.616216216 0.72684205 -0.25910923 0.27394447 -0.2144121 -0.06911827 0.9730945 -0.048345387
22098796.866216216 0.7370246 -0.22988509 0.28118947 -0.2058558 -0.065912 0.97472376 -0.05650354
22148814.866216216 0.7458055 -0.20228042 0.28812528 -0.20090996 -0.062282853 0.9753487 -0.06671591
22198831.616216216 0.74499106 -0.17289051 0.30033112 -0.19785984 -0.061101492 0.97532827 -0.07650394
22248848.616216216 0.73974925 -0.14288113 0.30126858 -0.19684324 -0.060048535 0.9748573 -0.085441895
22298865.616216216 0.7291065 -0.114779875 0.30413097 -0.19756545 -0.058965683 0.974004 -0.09384721
22348883.616216216 0.71455 -0.09076681 0.30566978 -0.19777855 -0.058785353 0.9732818 -0.100749604
22398900.616216216 0.69714063 -0.06923789 0.30318615 -0.19835085 -0.059624232 0.97262245 -0.10539239
22448917.616216216 0.67426294 -0.052850313 0.29553542 -0.19893077 -0.061262093 0.9721374 -0.107807614
22498934.616216216 0.65095645 -0.042459115 0.28656742 -0.20203573 -0.06433778 0.9711999 -0.10868767
22548952.866216216 0.6291909 -0.041040923 0.27620044 -0.21050984 -0.06844615 0.9690793 -0.109023035
22598969.866216216 0.60442454 -0.046980478 0.25614312 -0.22101624 -0.070430845 0.96659 -0.10906532
22648986.616216216 0.5785525 -0.056549974 0.24793258 -0.2307305 -0.072552964 0.964194 -0.10876366
22699003.616216216 0.5507972 -0.072434224 0.23048924 -0.23579587 -0.07250107 0.9631277 -0.10737321
22749020.616216216 0.5259658 -0.09122089 0.21841949 -0.23940584 -0.07143345 0.9625431 -0.10532295
22799038.616216216 0.50123537 -0.11224149 0.21041317 -0.24301715 -0.068399444 0.9622237 -0.10193042
22849055.616216216 0.47406998 -0.13442181 0.20195156 -0.24509831 -0.06476821 0.96243155 -0.09725004
22899072.616216216 0.45285484 -0.1602127 0.19393468 -0.24543615 -0.062575445 0.9630523 -0.091519356
22949089.866216216 0.43023884 -0.18419518 0.18772817 -0.24235612 -0.059367895 0.9646807 -0.08444022
22999107.866216216 0.40594947 -0.20986065 0.1834804 -0.23708373 -0.055940025 0.966809 -0.0770874
23049124.616216216 0.3810702 -0.23070365 0.177036 -0.2277913 -0.053551983 0.9698418 -0.06819298
23099141.616216216 0.35420018 -0.25230506 0.17462884 -0.21678059 -0.050729323 0.9731134 -0.059017323
23149158.616216216 0.33096975 -0.2728158 0.17365186 -0.20563748 -0.04800756 0.97612613 -0.050855387
23199176.616216216 0.30184793 -0.29028237 0.17119242 -0.19327176 -0.047776416 0.9790429 -0.0428772
23249193.616216216 0.27873594 -0.30324268 0.17043611 -0.18456542 -0.04604975 0.98110515 -0.035324413
23299210.616216216 0.2504025 -0.31994304 0.16438727 -0.17528169 -0.044028923 0.9830907 -0.029506765
23349227.616216216 0.22027755 -0.33137566 0.1632014 -0.16769744 -0.042118844 0.9846323 -0.024551416
23399244.866216216 0.19561377 -0.34218436 0.16537718 -0.16440177 -0.03789189 0.98542565 -0.02173963
23449262.866216216 0.16588706 -0.35860622 0.15675779 -0.15964378 -0.031477787 0.98641634 -0.022491824
23499279.616216216 0.14751826 -0.3673276 0.16234984 -0.15570909 -0.026169501 0.98719966 -0.022509584
23549296.616216216 0.1195435 -0.37319246 0.16490379 -0.15091905 -0.020811573 0.9880502 -0.02339014
23599313.616216216 0.09142244 -0.37873852 0.16567272 -0.14795518 -0.01852346 0.9885109 -0.024746161
23649331.616216216 0.068047374 -0.38036183 0.16506568 -0.14621556 -0.016503163 0.9888298 -0.023755308
23699348.616216216 0.042415198 -0.3794674 0.16686092 -0.14363673 -0.016938094 0.989206 -0.023519898
23749365.616216216 0.020886414 -0.38457394 0.15019217 -0.14346749 -0.018097922 0.98923814 -0.022304686
23799382.616216216 -0.0027792684 -0.37544146 0.14844479 -0.14163789 -0.018344425 0.98953325 -0.020644868
23849400.866216216 -0.028706646 -0.37199587 0.14022344 -0.14079112 -0.022373846 0.98955655 -0.02133384
23899417.866216216 -0.0698116 -0.3650852 0.14145306 -0.13702433 -0.025135998 0.99003196 -0.020719446
23949434.616216216 -0.093203746 -0.35429138 0.13956484 -0.13759206 -0.027829275 0.9898711 -0.021196408
23999451.616216216 -0.11325244 -0.34445915 0.13603806 -0.13777745 -0.027946219 0.9898408 -0.021249315
24049469.616216216 -0.13938472 -0.33642274 0.12917146 -0.13699038 -0.029544335 0.9898784 -0.022397347
24099486.616216216 -0.15917 -0.32141888 0.10508322 -0.13690123 -0.030445071 0.98992085 -0.019693725
24149503.616216216 -0.18003072 -0.30470985 0.105323315 -0.13260466 -0.030481553 0.9905528 -0.01709371
24199520.616216216 -0.19319318 -0.29117292 0.092481375 -0.12878461 -0.03307725 0.991024 -0.01385448
24249537.866216216 -0.20317712 -0.26904762 0.10100298 -0.12697692 -0.034809403 0.991262 -0.008056537
24299555.866216216 -0.22042784 -0.25309572 0.079638414 -0.124791354 -0.035678282 0.9915358 -0.0033331665
24349572.616216216 -0.2285618 -0.22750287 0.07210511 -0.12308616 -0.036900632 0.9917046 0.0032007464
24399589.616216216 -0.23576245 -0.20909716 0.0764554 -0.12250882 -0.03674331 0.99176896 0.0059937313
24449606.616216216 -0.24481377 -0.18993065 0.072889045 -0.119416565 -0.03748067 0.99208844 0.009775872
24499624.616216216 -0.2452707 -0.1794906 0.060798213 -0.11759076 -0.035238694 0.9923805 0.010566656
24549641.616216216 -0.24368033 -0.1644713 0.063128315 -0.114677295 -0.034442376 0.9927119 0.013638746
24599658.616216216 -0.24875179 -0.14894968 0.054929502 -0.11053094 -0.03331558 0.99316716 0.017086454
24649675.616216216 -0.2504468 -0.13642238 0.042181242 -0.10726206 -0.032301724 0.9934781 0.02127763
24699693.866216216 -0.24845994 -0.12454057 0.04387033 -0.10389787 -0.03278051 0.99375856 0.023972401
24749710.866216216 -0.23721954 -0.116250955 0.045619372 -0.104098424 -0.03370266 0.9935807 0.028724235
24799727.616216216 -0.24206816 -0.10236476 0.047525734 -0.099858925 -0.03733562 0.9937134 0.03417574
24849744.616216216 -0.24277747 -0.07795138 0.04439801 -0.09607904 -0.041392136 0.9936112 0.042336475
24899761.616216216 -0.23363693 -0.06596001 0.04403333 -0.09446794 -0.046488043 0.99321145 0.049454678
24949779.616216216 -0.23264505 -0.052960683 0.040754 -0.09199289 -0.053863477 0.9927149 0.056154337
24999796.616216216 -0.22731079 -0.044789325 0.040605646 -0.09237199 -0.06281513 0.99176985 0.062564686
25049813.616216216 -0.2254382 -0.034269147 0.040319264 -0.09323002 -0.07006908 0.99078727 0.06884079
25099830.616216216 -0.21301693 -0.027370203 0.039851427 -0.09574551 -0.07626817 0.98973495 0.07376156
25149848.866216216 -0.21707422 -0.0076753474 0.037102234 -0.0947315 -0.08222737 0.98894596 0.07906083
25199865.866216216 -0.20295379 0.010590324 0.031166386 -0.09611188 -0.08802721 0.98805207 0.08226122
25249882.616216216 -0.19478698 0.009714831 0.034754064 -0.093953624 -0.09021318 0.9881337 0.08140042
25299899.616216216 -0.18110213 0.01935405 0.031808127 -0.094065815 -0.0942634 0.9877295 0.08158819
25349917.616216216 -0.17197797 0.028886368 0.03005652 -0.09212139 -0.0940616 0.9879396 0.08149492
25399934.616216216 -0.15328647 0.04822018 0.031124365 -0.09115017 -0.09350384 0.98782724 0.08453453
25449951.616216216 -0.14357756 0.052698784 0.02607271 -0.089555584 -0.08991545 0.98826027 0.08506943
25499968.616216216 -0.12733796 0.06640645 0.026283594 -0.09041474 -0.08582567 0.9883071 0.08779686
25549986.866216216 -0.11454843 0.08018887 0.03151847 -0.09066677 -0.08448223 0.9880275 0.09189139
25600003.866216216 -0.105893776 0.09056902 0.01946024 -0.09012423 -0.0814595 0.9879601 0.09579592
25650020.616216216 -0.086316906 0.11214858 0.02762001 -0.08946756 -0.079488635 0.98765725 0.10104625
25700037.616216216 -0.07984327 0.11506633 0.02427614 -0.08688497 -0.078645565 0.98765177 0.10397126
25750054.616216216 -0.06962025 0.13096608 0.020282809 -0.08563716 -0.07577264 0.9877108 0.10654684
25800072.616216216 -0.062309895 0.13867453 0.031414345 -0.0839826 -0.07771278 0.9877038 0.106530815
25850089.616216216 -0.04855757 0.14254852 0.034933392 -0.08450188 -0.07534842 0.98813933 0.103743665
25900106.616216216 -0.041200623 0.15111426 0.029118566 -0.084349476 -0.07698386 0.98816836 0.102382116
25950123.616216216 -0.03712008 0.16501588 0.035048686 -0.0829159 -0.07769059 0.98836684 0.101095065
26000141.866216216 -0.028439568 0.17348705 0.040321525 -0.08420755 -0.0791243 0.98850226 0.09752876
26050158.866216216 -0.028003614 0.18334588 0.041912746 -0.081857875 -0.07972577 0.9889705 0.09423597
26100175.616216216 -0.020511504 0.19434606 0.043114528 -0.083599724 -0.07942225 0.98908335 0.09174608
26150192.616216216 -0.01758188 0.20231517 0.042984497 -0.08574185 -0.07846399 0.98930377 0.08814637
26200210.616216216 -0.018592464 0.21253653 0.047060397 -0.08809942 -0.077265695 0.9894674 0.08498785
26250227.616216216 -0.012731033 0.22319311 0.043944217 -0.0931461 -0.07355644 0.98953575 0.08205123
26300244.616216216 0.0002954253 0.23258488 0.059224855 -0.09664239 -0.07176132 0.9895151 0.079815425
26350261.616216216 0.0052005034 0.23575751 0.054013263 -0.0906991 -0.06762451 0.99038947 0.07955802
26400278.616216216 0.0049777087 0.24454653 0.049783353 -0.081523225 -0.063201725 0.9911227 0.08387679
26450296.866216216 0.010305643 0.2475508 0.051009767 -0.075767994 -0.05704069 0.9914906 0.08917466
26500313.866216216 0.020434394 0.25811544 0.050608702 -0.07464432 -0.050535917 0.9911607 0.097338974
26550330.616216216 0.030561835 0.26339394 0.04764115 -0.073092215 -0.046248123 0.9906071 0.10590714
26600347.616216216 0.033636156 0.2740656 0.049536906 -0.06951689 -0.04089387 0.9901151 0.11474838
26650365.616216216 0.03958772 0.28740278 0.042831697 -0.06395917 -0.03502011 0.9897361 0.12290384
26700382.616216216 0.044319287 0.29564416 0.03847108 -0.05825959 -0.031042337 0.98941857 0.12920207
26750399.616216216 0.04804307 0.30600563 0.043838993 -0.05245357 -0.026578266 0.9893147 0.13341177
26800416.616216216 0.051560927 0.31923532 0.06114061 -0.047968924 -0.024492705 0.98932457 0.13541037
26850434.866216216 0.0499748 0.3233527 0.07089796 -0.045603376 -0.023125678 0.9897618 0.13325553
26900451.866216216 0.052769095 0.33313608 0.08641614 -0.047765974 -0.02393017 0.9898761 0.13149537
26950468.616216216 0.048718754 0.34587023 0.08685227 -0.049279097 -0.024834234 0.9899327 0.13033858
27000485.616216216 0.049332336 0.3574176 0.08944709 -0.051578462 -0.02556828 0.9899169 0.12942356
27050503.616216216 0.051695976 0.36989143 0.09644566 -0.053893276 -0.027769553 0.98975813 0.1292407
27100520.616216216 0.05120014 0.37781858 0.10057405 -0.056657992 -0.02943423 0.9896595 0.12844314
27150537.616216216 0.049914613 0.38989443 0.10043879 -0.058939524 -0.030334381 0.98922735 0.13051938
27200554.616216216 0.051405683 0.39895523 0.1006998 -0.063025124 -0.030516092 0.988898 0.13106303
27250571.616216216 0.056150608 0.411208 0.1057963 -0.066860735 -0.028819028 0.98845255 0.13289411
27300589.866216216 0.059279602 0.42194957 0.10713972 -0.06853343 -0.02482541 0.9883558 0.13356513
27350606.866216216 0.05936812 0.42545974 0.109330624 -0.07003211 -0.024060499 0.9885167 0.13172497
27400623.616216216 0.057493236 0.43599835 0.110311486 -0.071931876 -0.018669376 0.9885178 0.13156696
27450640.616216216 0.06592375 0.43797126 0.12093786 -0.07429026 -0.0144861145 0.9886626 0.12968215
27500658.616216216 0.06534531 0.44369552 0.12456424 -0.07135936 -0.013781559 0.98889834 0.12960699
27550675.616216216 0.064924754 0.4525598 0.124632485 -0.07053243 -0.010394815 0.9890176 0.12946562
27600692.616216216 0.06944515 0.45693472 0.1358294 -0.07046341 -0.010928237 0.9890531 0.12918775
27650709.616216216 0.07054713 0.46927392 0.13044155 -0.07056673 -0.0124440435 0.98879504 0.1309575
27700727.866216216 0.069467686 0.4651025 0.1346077 -0.0718692 -0.014603372 0.9885464 0.13190068
27750744.866216216 0.0672456 0.46476454 0.1311438 -0.07418159 -0.015724208 0.9880486 0.1342007
