# timestamp[secs] tx ty tz qx qy qz qw
0.04119786621621621 -0.0 -0.0 -0.0 -0.0 -0.0 -0.0 1.0
0.0912148662162162 0.0012316427892073989 0.003692331723868847 -0.0076566776260733604 0.0011137962574139237 -0.0015336585929617286 0.0015612202696502209 0.9999970197677612
0.14123161621621622 0.004143823403865099 -0.002806431148201227 -0.01984832063317299 0.000312858639517799 -0.0007896891329437494 0.0007731409859843552 0.9999993443489075
0.1912486162162162 0.004143823403865099 -0.002806431148201227 -0.01984832063317299 0.000312858639517799 -0.0007896891329437494 0.0007731409859843552 0.9999993443489075
0.2412656162162162 0.0075503382831811905 -0.003827539971098304 -0.020643534138798714 0.0006772322813048959 0.0007315865368582308 0.0029991259798407555 0.9999949932098389
0.29128361621621623 -0.003952661529183388 -0.013117771595716476 -0.02049374207854271 -0.0006771174957975745 0.0034243036061525345 0.0037531889975070953 0.9999869465827942
0.3413006162162162 -0.003952661529183388 -0.013117771595716476 -0.02049374207854271 -0.0006771174957975745 0.0034243036061525345 0.0037531889975070953 0.9999869465827942
0.39131761621621625 -0.027584241703152657 -0.0016391994431614876 0.004563760943710804 0.00020991908968426287 0.0026562223210930824 0.004355487413704395 0.999987006187439
0.4413346162162162 -0.027584241703152657 -0.0016391994431614876 0.004563760943710804 0.00020991908968426287 0.0026562223210930824 0.004355487413704395 0.999987006187439
0.4913528662162162 -0.027584241703152657 -0.0016391994431614876 0.004563760943710804 0.00020991908968426287 0.0026562223210930824 0.004355487413704395 0.999987006187439
0.5413698662162162 -0.027584241703152657 -0.0016391994431614876 0.004563760943710804 0.00020991908968426287 0.0026562223210930824 0.004355487413704395 0.999987006187439
0.5913866162162162 -0.04903270676732063 -0.006804304197430611 0.00270710582844913 -0.0006043612957000732 -0.006864840630441904 0.002271476201713085 0.999973714351654
0.6414036162162162 -0.04903270676732063 -0.006804304197430611 0.00270710582844913 -0.0006043612957000732 -0.006864840630441904 0.002271476201713085 0.999973714351654
0.6914216162162162 -0.04903270676732063 -0.006804304197430611 0.00270710582844913 -0.0006043612957000732 -0.006864840630441904 0.002271476201713085 0.999973714351654
0.7414386162162162 -0.06984703242778778 -0.025217628106474876 -0.0036099618300795555 0.0043598441407084465 -0.014050406403839588 0.0010583578841760755 0.9998912215232849
0.7914556162162162 -0.059632308781147 -0.04333113133907318 -0.0007362644537352026 0.00438806414604187 -0.015836818143725395 0.0028918019961565733 0.9998608231544495
0.8414726162162163 -0.0559220016002655 -0.05061633512377739 -0.004207294434309006 0.00450005941092968 -0.015411488711833954 0.0034352093935012817 0.9998652338981628
0.8914898662162163 -0.044852323830127716 -0.06426874548196793 0.005015908274799585 0.0017101801931858063 -0.01447402685880661 0.005019290838390589 0.9998812079429626
0.9415078662162162 -0.0376417450606823 -0.0740276500582695 0.004811461549252272 0.0030892444774508476 -0.01503764744848013 0.008248495869338512 0.9998481869697571
0.9915246162162162 -0.0206435639411211 -0.08366557210683823 3.556512820068747e-05 0.0019897182937711477 -0.016922669485211372 0.0073816487565636635 0.9998276233673096
1.0415416162162163 -0.01186979841440916 -0.08806019276380539 0.003204178297892213 0.015521612018346786 -0.015033183619379997 0.0023333255667239428 0.9997637867927551
1.0915586162162163 -0.00024146457144524902 -0.09426470845937729 0.004409800283610821 0.016594981774687767 -0.008942647837102413 0.002529176650568843 0.9998190999031067
1.1415766162162162 0.010854934342205524 -0.09391351044178009 0.004923532716929913 0.019073067232966423 -0.0029571866616606712 0.002000537235289812 0.9998117685317993
1.1915936162162162 0.024051403626799583 -0.1008065715432167 0.004768637474626303 0.017522668465971947 0.003987633157521486 0.002035754034295678 0.9998364448547363
1.2416106162162162 0.03969695046544075 -0.10036002844572067 0.004330886993557215 0.017729349434375763 0.009820993058383465 0.0028740731067955494 0.9997904896736145
1.2916276162162161 0.05913247913122177 -0.09539616852998734 0.0002612806565593928 0.018168969079852104 0.016001790761947632 0.003997310530394316 0.9996988773345947
1.3416458662162163 0.07069242000579834 -0.09515713155269623 -0.002203302225098014 0.016159597784280777 0.026133710518479347 0.003475528210401535 0.9995218515396118
1.3916628662162163 0.09966842085123062 -0.08299725502729416 -0.005519638303667307 0.015518229454755783 0.035942379385232925 0.00382851785980165 0.9992260932922363
1.4416796162162162 0.10968445241451263 -0.07655500620603561 -0.006562096066772938 0.014089822769165039 0.04156637564301491 0.0038504782132804394 0.9990289807319641
1.4916966162162162 0.11700934916734695 -0.06589899212121964 -0.006528965663164854 0.013618486933410168 0.04670431837439537 0.004032408818602562 0.9988078474998474
1.5417146162162163 0.1300465166568756 -0.056115273386240005 -0.011384863406419754 0.012715104036033154 0.04915563389658928 0.005055106710642576 0.9986974596977234
1.5917316162162163 0.13370631635189056 -0.05143867805600166 -0.007500986102968454 0.008644241839647293 0.052800748497247696 0.005983628798276186 0.99854975938797
1.6417486162162163 0.13703393936157227 -0.03914887085556984 -0.012167365290224552 0.006209185812622309 0.05354481562972069 0.006939265877008438 0.9985221028327942
1.6917656162162162 0.12958325445652008 -0.018977593630552292 -0.009786811657249928 0.0054783448576927185 0.054227039217948914 0.007489312905818224 0.9984855651855469
1.7417826162162162 0.12073897570371628 -0.0103395851328969 -0.007215609308332205 0.001597206573933363 0.054041650146245956 0.00774318166077137 0.9985073804855347
1.7918008662162161 0.11419789493083954 0.006640832871198654 -0.007140087895095348 0.000721586577128619 0.05127023532986641 0.008585951291024685 0.9986476898193359
1.8418178662162161 0.10230275988578796 0.01621839962899685 -0.004529374185949564 -0.0015915385447442532 0.04916827008128166 0.009150656871497631 0.9987473487854004
1.8918346162162163 0.08939836919307709 0.02640969678759575 0.005462584551423788 -0.0029038838110864162 0.04512631148099899 0.008447111584246159 0.9989414215087891
1.9418516162162163 0.07606594264507294 0.037599895149469376 0.005966946482658386 -0.0027683661319315434 0.0420214980840683 0.008405560627579689 0.999077558517456
1.9918696162162162 0.06497490406036377 0.04497019946575165 0.0063444869592785835 -0.0019235842628404498 0.03626064211130142 0.007322259712964296 0.9993137121200562
2.041886616216216 0.044087644666433334 0.0462440550327301 0.003195858094841242 -0.0009940051240846515 0.031727135181427 0.004651640076190233 0.9994852542877197
2.091903616216216 0.02516735903918743 0.044331520795822144 0.0067514535039663315 0.0005428510485216975 0.02801046520471573 0.001591312582604587 0.9996062517166138
2.141920616216216 0.004556915257126093 0.0440690703690052 0.011521106585860252 0.002184942364692688 0.024661872535943985 -0.0006547035300172865 0.9996932744979858
2.191938866216216 -0.014984243549406528 0.027172116562724113 0.01510761771351099 -0.002536723157390952 0.01851450838148594 -0.004025375470519066 0.9998173117637634
2.2419558662162165 -0.04113735258579254 0.024358520284295082 0.019901271909475327 -0.003109963145107031 0.014075443148612976 -0.007549488916993141 0.9998676180839539
2.291972616216216 -0.06341391056776047 0.019087109714746475 0.024790963158011436 -0.004124402534216642 0.009272373281419277 -0.009437271393835545 0.9999040365219116
2.341989616216216 -0.08602830767631531 0.008366161026060581 0.03443627431988716 -0.006809903774410486 0.004372857976704836 -0.011576609686017036 0.9999002814292908
2.3920076162162163 -0.09881071746349335 -0.0030501431319862604 0.03647167980670929 -0.008871168829500675 -0.003703802591189742 -0.01197347417473793 0.999882161617279
2.4420246162162162 -0.11516514420509338 -0.015717003494501114 0.0415695384144783 -0.010072210803627968 -0.010138275101780891 -0.012411179952323437 0.99982088804245
2.4920416162162162 -0.1306721270084381 -0.03328464925289154 0.04510689899325371 -0.010940506123006344 -0.014385693706572056 -0.010308188386261463 0.9997835159301758
2.542058616216216 -0.13602660596370697 -0.04787488281726837 0.04130115360021591 -0.011199520900845528 -0.01835600472986698 -0.008764567784965038 0.9997304081916809
2.592075616216216 -0.13294717669487 -0.0619027242064476 0.05005430430173874 -0.009264374151825905 -0.025996407493948936 -0.00761064188554883 0.9995901584625244
2.642093866216216 -0.13628774881362915 -0.08080806583166122 0.04599146172404289 -0.008745751343667507 -0.029529258608818054 -0.007025397382676601 0.9995009899139404
2.692110866216216 -0.14138825237751007 -0.09778230637311935 0.047222573310136795 -0.00773739255964756 -0.031210537999868393 -0.006367845926433802 0.9994626045227051
2.7421276162162163 -0.12853117287158966 -0.11624878644943237 0.043979890644550323 -0.005499163176864386 -0.034473102539777756 -0.005896551534533501 0.9993731379508972
2.7921446162162162 -0.11650793999433517 -0.12886613607406616 0.03805071488022804 -0.003204913344234228 -0.0347236730158329 -0.0038038163911551237 0.9993845820426941
2.8421626162162164 -0.09719174355268478 -0.1497611105442047 0.031485240906476974 -0.0027988413348793983 -0.03405556082725525 -0.0026618989650160074 0.999412477016449
2.8921796162162163 -0.08644644170999527 -0.1565384417772293 0.028759155422449112 -0.0023299306631088257 -0.030308935791254044 -0.0018189342226833105 0.9995362162590027
2.9421966162162163 -0.06968800723552704 -0.17000722885131836 0.026862910017371178 -0.005085756536573172 -0.025553004816174507 -0.00023722047626506537 0.9996605515480042
2.9922136162162163 -0.0604076087474823 -0.17125608026981354 0.031083665788173676 -0.007744388189166784 -0.01805354282259941 -0.0005792617448605597 0.9998068809509277
3.042231866216216 -0.03940751776099205 -0.17832008004188538 0.02722359448671341 -0.009844799526035786 -0.010391569696366787 -1.8830789485946298e-05 0.9998975992202759
3.092248866216216 -0.031576164066791534 -0.175306499004364 0.026530463248491287 -0.011001134291291237 -0.002888902323320508 -0.002330840565264225 0.9999326467514038
3.142265866216216 -0.016834106296300888 -0.17356622219085693 0.018950948491692543 -0.009786735288798809 0.004929525312036276 -0.0047715455293655396 0.9999285936355591
3.1922826162162163 0.0004968878347426653 -0.16674306988716125 0.010526953265070915 -0.008626981638371944 0.011659202165901661 -0.005652642343193293 0.9998788833618164
3.2422996162162163 0.007706776261329651 -0.15718917548656464 0.01075926423072815 -0.00849251076579094 0.018239956349134445 -0.0065244343131780624 0.999776303768158
3.2923176162162164 0.019421106204390526 -0.14880779385566711 0.006170648615807295 -0.009548683650791645 0.023550167679786682 -0.005802681669592857 0.9996602535247803
3.3423346162162164 0.035842448472976685 -0.1303786039352417 0.0047736987471580505 -0.011287017725408077 0.027593743056058884 -0.0030351681634783745 0.9995508790016174
3.3923516162162164 0.0461859367787838 -0.11327971518039703 0.009981452487409115 -0.01516707707196474 0.032567091286182404 0.0006218974012881517 0.9993543028831482
3.4423686162162164 0.05132546275854111 -0.09276114404201508 0.005688352510333061 -0.01798938401043415 0.03673700615763664 0.002881718799471855 0.9991589188575745
3.4923868662162163 0.06269343197345734 -0.07528026401996613 0.008870077319443226 -0.020445581525564194 0.038015224039554596 0.0064040860161185265 0.9990474581718445
3.5424038662162163 0.056251149624586105 -0.04960758611559868 0.01658565364778042 -0.021132631227374077 0.040302228182554245 0.0090756481513381 0.9989228248596191
3.5924206162162164 0.04662073403596878 -0.03400402143597603 0.02223374880850315 -0.02320307120680809 0.040121957659721375 0.009332677349448204 0.9988817572593689
3.6424376162162164 0.04528169706463814 -0.021123863756656647 0.02815777063369751 -0.024649955332279205 0.0392783023416996 0.01072094775736332 0.9988667368888855
3.692455616216216 0.02946201153099537 -0.011004762724041939 0.036119379103183746 -0.025138448923826218 0.038027312606573105 0.010793210938572884 0.9989022016525269
3.742472616216216 0.022332198917865753 -0.0020616836845874786 0.04631466791033745 -0.025403214618563652 0.03551344946026802 0.007899045012891293 0.9990150928497314
3.792489616216216 0.015131433494389057 0.014265866950154305 0.04665638878941536 -0.021820399910211563 0.030763141810894012 0.008054343983530998 0.9992560744285583
3.842506616216216 -0.00556811923161149 0.010889668017625809 0.05839213728904724 -0.022805985063314438 0.027532164007425308 0.003820680547505617 0.9993534684181213
3.8925236162162165 -0.02089907042682171 0.009273117408156395 0.05979296565055847 -0.020458344370126724 0.023278232663869858 0.0009054224356077611 0.9995192885398865
3.9425418662162164 -0.037665724754333496 0.0055422550067305565 0.06195833161473274 -0.016866181045770645 0.02109767682850361 -0.0008538562105968595 0.999634861946106
3.9925588662162164 -0.05458840727806091 0.0001775679411366582 0.06463092565536499 -0.014160174876451492 0.01839917153120041 -0.0029916944913566113 0.9997260570526123
4.042575616216216 -0.0729115754365921 -0.017042936757206917 0.06904347240924835 -0.012992276810109615 0.014071713201701641 -0.003986245486885309 0.999808669090271
4.0925926162162165 -0.09439769387245178 -0.03124988079071045 0.07295892387628555 -0.01156620867550373 0.0073135169222950935 -0.0051086475141346455 0.999893307685852
4.142610616216216 -0.11296575516462326 -0.04744711145758629 0.07588475942611694 -0.010528462007641792 0.0007514259777963161 -0.005752914119511843 0.9999277591705322
4.192627616216217 -0.1332719326019287 -0.06218425929546356 0.07502119988203049 -0.00873242411762476 -0.005068187136203051 -0.007155064959079027 0.9999234676361084
4.242644616216216 -0.1466691941022873 -0.08212995529174805 0.0784425288438797 -0.008478268049657345 -0.013405500911176205 -0.007443099282681942 0.9998465776443481
4.292661616216217 -0.15859118103981018 -0.10423851758241653 0.08469962328672409 -0.008471504785120487 -0.02319364994764328 -0.006160722579807043 0.9996761679649353
4.3426798662162165 -0.1636456549167633 -0.1241736188530922 0.08507946878671646 -0.006509307771921158 -0.03442437946796417 -0.0039931549690663815 0.9993782043457031
4.392696866216216 -0.1697949469089508 -0.14513112604618073 0.08775978535413742 -0.004409508313983679 -0.0420859195291996 -0.001715396298095584 0.9991028308868408
4.4427138662162164 -0.17356880009174347 -0.1643933355808258 0.0845755934715271 -0.0010793963447213173 -0.046745218336582184 -0.0012617709580808878 0.9989054799079895
4.492730616216217 -0.17350400984287262 -0.17934997379779816 0.08028727769851685 0.0029108203016221523 -0.04900398850440979 -0.0013873756397515535 0.9987934231758118
4.542748616216216 -0.1709938943386078 -0.19661159813404083 0.08354444801807404 0.005469836760312319 -0.048368800431489944 -0.0021478431299328804 0.9988122582435608
4.592765616216216 -0.1520497053861618 -0.20917494595050812 0.08379625529050827 0.008315686136484146 -0.04991791769862175 -0.0034083176869899035 0.998712956905365
4.642782616216216 -0.1399487406015396 -0.21948572993278503 0.08462125062942505 0.008967744186520576 -0.049803923815488815 -0.007153673097491264 0.9986931085586548
4.692799616216217 -0.11914597451686859 -0.2217436581850052 0.0811816081404686 0.010333608835935593 -0.049343522638082504 -0.009832968935370445 0.998680055141449
4.742816616216216 -0.10084402561187744 -0.22584636509418488 0.08268339186906815 0.008843474090099335 -0.0472603477537632 -0.012385247275233269 0.9987666606903076
4.792834866216216 -0.08533752709627151 -0.22272445261478424 0.08574423938989639 0.009284509345889091 -0.04316725581884384 -0.015685835853219032 0.9989016056060791
4.8428518662162165 -0.07388775050640106 -0.22095392644405365 0.08332958817481995 0.008249408565461636 -0.03934221714735031 -0.018832538276910782 0.9990143179893494
4.892868616216216 -0.052090201526880264 -0.21870365738868713 0.08342765271663666 0.007782315369695425 -0.037750620394945145 -0.019968198612332344 0.9990573525428772
4.942885616216216 -0.03653441369533539 -0.20668503642082214 0.08334516733884811 0.00824538990855217 -0.03540441021323204 -0.021075939759612083 0.999116837978363
4.992903616216216 -0.023181136697530746 -0.19699665904045105 0.07143253087997437 0.007853728719055653 -0.03273071348667145 -0.02143861912190914 0.9992033839225769
5.042920616216216 -0.004546316806226969 -0.18435238301753998 0.06511525064706802 0.006834999192506075 -0.03089478611946106 -0.020428305491805077 0.9992905259132385
5.092937616216216 0.006721027195453644 -0.1657690852880478 0.06491803377866745 0.0049054925329983234 -0.028732886537909508 -0.018766945227980614 0.999398946762085
5.142954616216216 0.020282449200749397 -0.1458360105752945 0.05477314814925194 0.0024237658362835646 -0.027467770501971245 -0.016958940774202347 0.9994759559631348
5.192972866216216 0.027068503201007843 -0.12191905826330185 0.05264095216989517 -0.000726347672753036 -0.026438262313604355 -0.015503296628594398 0.9995299577713013
5.242989866216217 0.028337731957435608 -0.10236035287380219 0.05512015521526337 -0.004693583119660616 -0.024446137249469757 -0.014280040748417377 0.999588131904602
5.293006866216216 0.029408415779471397 -0.07500743120908737 0.05156077444553375 -0.007133692968636751 -0.02267446182668209 -0.014599661342799664 0.9996109008789062
5.343023616216216 0.02483249083161354 -0.05291394889354706 0.054368019104003906 -0.01006698701530695 -0.020185528323054314 -0.01529503334313631 0.9996286034584045
5.393040616216216 0.010749702341854572 -0.03356120362877846 0.05344263091683388 -0.013759150169789791 -0.01893487386405468 -0.017063776031136513 0.999580442905426
5.4430586162162164 -0.0047941445372998714 -0.013350434601306915 0.06049907207489014 -0.01650620810687542 -0.021769486367702484 -0.019888924434781075 0.9994288682937622
5.493075616216216 -0.020515894517302513 0.00043313298374414444 0.06329520046710968 -0.020190969109535217 -0.025890199467539787 -0.02017536200582981 0.9992572665214539
5.543092616216216 -0.03801332041621208 0.009031884372234344 0.06733839958906174 -0.024659955874085426 -0.028317587450146675 -0.021667512133717537 0.999059796333313
5.593109616216216 -0.05751554295420647 0.014107062481343746 0.07124058902263641 -0.02886785753071308 -0.029850030317902565 -0.022173721343278885 0.9988914132118225
5.643127866216216 -0.07795608788728714 0.018904613330960274 0.07253094017505646 -0.032096732407808304 -0.03301035240292549 -0.023004403337836266 0.9986746311187744
5.693144866216216 -0.09510254859924316 0.017644252628087997 0.06945476680994034 -0.03659457340836525 -0.04030102491378784 -0.02455298602581024 0.99821537733078
5.743161866216216 -0.11959809809923172 0.015087079256772995 0.07197003811597824 -0.03989813104271889 -0.0503736212849617 -0.025160428136587143 0.9976159930229187
5.793178616216216 -0.1377711147069931 0.005177342798560858 0.07466286420822144 -0.044583067297935486 -0.0630149096250534 -0.02681715227663517 0.9966556429862976
5.8431966162162166 -0.16571423411369324 0.0009239622741006315 0.0747247189283371 -0.047698065638542175 -0.07297839224338531 -0.029066579416394234 0.995768129825592
5.893213616216216 -0.18859592080116272 -0.012426364235579967 0.07514806091785431 -0.050678253173828125 -0.0823538675904274 -0.03171982988715172 0.9948082566261292
5.9432306162162165 -0.21099020540714264 -0.027930935844779015 0.07404324412345886 -0.05152426287531853 -0.09086115658283234 -0.03331538662314415 0.9939717054367065
5.993247616216216 -0.2297598272562027 -0.05024421960115433 0.07091542333364487 -0.05052267014980316 -0.09828595072031021 -0.03287871181964874 0.9933309555053711
6.043265866216216 -0.24398858845233917 -0.07321008294820786 0.07024739682674408 -0.047197554260492325 -0.10424773395061493 -0.03165575861930847 0.9929264187812805
6.093282866216216 -0.2492172122001648 -0.0977787971496582 0.06681186705827713 -0.041359793394804 -0.10703569650650024 -0.02924823947250843 0.9929639101028442
6.143299866216216 -0.25041520595550537 -0.12841983139514923 0.06966321170330048 -0.03553570434451103 -0.10796031355857849 -0.026003839448094368 0.9931796193122864
6.193316616216216 -0.2473541647195816 -0.1513301432132721 0.06521330773830414 -0.027743086218833923 -0.10885743051767349 -0.021767526865005493 0.9934317469596863
6.2433336162162165 -0.2384183257818222 -0.17126448452472687 0.06260115653276443 -0.019755743443965912 -0.1076422706246376 -0.017147183418273926 0.993845522403717
6.293351616216216 -0.22364144027233124 -0.1959160417318344 0.06444275379180908 -0.014661463908851147 -0.10455269366502762 -0.013128722086548805 0.9943246245384216
6.343368616216217 -0.20818175375461578 -0.20995211601257324 0.06448127329349518 -0.009080952033400536 -0.09655354171991348 -0.010374929755926132 0.9952322840690613
6.393385616216216 -0.19281399250030518 -0.22037437558174133 0.06422936171293259 -0.005105393938720226 -0.08595190942287445 -0.008553937077522278 0.9962494969367981
6.443402616216217 -0.17065390944480896 -0.22395963966846466 0.06752512603998184 -0.0020681568421423435 -0.07464221864938736 -0.008741774596273899 0.9971699714660645
6.4934208662162165 -0.1527293175458908 -0.22957026958465576 0.0690716803073883 -0.0022866595536470413 -0.06489007920026779 -0.00962704885751009 0.9978433847427368
6.543437866216216 -0.135318323969841 -0.22845527529716492 0.07386226952075958 -0.0031245113350450993 -0.055196523666381836 -0.010701574385166168 0.9984133243560791
6.5934548662162165 -0.11600634455680847 -0.22018155455589294 0.07739455997943878 -0.00484765600413084 -0.0475212037563324 -0.01179755013436079 0.9987887740135193
6.643471616216217 -0.09682534635066986 -0.20734438300132751 0.07986271381378174 -0.006736368872225285 -0.039945751428604126 -0.01047539059072733 0.9991242289543152
6.693489616216216 -0.08185578137636185 -0.18696242570877075 0.08373309671878815 -0.00830863881856203 -0.03367023169994354 -0.01167519111186266 0.9993302822113037
6.743506616216216 -0.07256243377923965 -0.16853146255016327 0.08013370633125305 -0.012249951250851154 -0.027560744434595108 -0.01144394464790821 0.9994795918464661
6.793523616216216 -0.058438390493392944 -0.14518138766288757 0.08131545037031174 -0.01631871983408928 -0.02307254821062088 -0.010946177877485752 0.9995406866073608
6.843540616216217 -0.05076412856578827 -0.1194477379322052 0.08251603692770004 -0.02163526974618435 -0.018313808366656303 -0.01055462472140789 0.9995424747467041
6.893557616216216 -0.04813167825341225 -0.09129144996404648 0.0873861014842987 -0.02895919792354107 -0.015607453882694244 -0.00885692611336708 0.9994195699691772
6.943575866216216 -0.04376616328954697 -0.06394770741462708 0.09209057688713074 -0.03725966811180115 -0.014882815070450306 -0.0083479518070817 0.9991599917411804
6.993592866216217 -0.05035543069243431 -0.03646273910999298 0.09780476242303848 -0.04522290080785751 -0.012214813381433487 -0.00899468269199133 0.9988617897033691
7.043609866216216 -0.05897001922130585 -0.008997730910778046 0.10534010827541351 -0.05234210938215256 -0.01198536530137062 -0.00979792419821024 0.9985092282295227
7.093626616216216 -0.06979136914014816 0.01998291164636612 0.11050258576869965 -0.057680394500494 -0.013733414933085442 -0.010242774151265621 0.9981880784034729
7.143644616216216 -0.08060543239116669 0.04012072831392288 0.12011805176734924 -0.06436845660209656 -0.018984626978635788 -0.010984847322106361 0.9976851940155029
7.193661616216216 -0.09987537562847137 0.05516597628593445 0.1264452338218689 -0.07040685415267944 -0.02513352781534195 -0.011530851013958454 0.9971349835395813
7.243678616216216 -0.11654979735612869 0.06592155992984772 0.13015016913414001 -0.07738248258829117 -0.03395640850067139 -0.012353243306279182 0.9963464736938477
7.293695616216216 -0.13859602808952332 0.07187344878911972 0.13443325459957123 -0.08277012407779694 -0.04281116649508476 -0.012254982255399227 0.9955732822418213
7.343713866216216 -0.1605111062526703 0.07477843016386032 0.14012984931468964 -0.08692898601293564 -0.05258703604340553 -0.012714996002614498 0.9947443604469299
7.393730866216217 -0.17861057817935944 0.06882499158382416 0.1461355835199356 -0.09074138849973679 -0.06383240222930908 -0.011431398801505566 0.9937609434127808
7.443747866216216 -0.19936910271644592 0.05655256286263466 0.14951834082603455 -0.09399448335170746 -0.07302594184875488 -0.011320889927446842 0.9928263425827026
7.493764616216216 -0.21673083305358887 0.04077599570155144 0.1498991847038269 -0.09519203007221222 -0.08118464797735214 -0.011405471712350845 0.9920773506164551
7.543782616216216 -0.23518337309360504 0.021706346422433853 0.15236806869506836 -0.09516289830207825 -0.08674086630344391 -0.010882861912250519 0.9916157126426697
7.5937996162162165 -0.2456364929676056 0.0010155763011425734 0.16034094989299774 -0.09260495752096176 -0.09291516244411469 -0.008915744721889496 0.9913181066513062
7.643816616216216 -0.25525182485580444 -0.02821114845573902 0.15860672295093536 -0.08957929909229279 -0.09784525632858276 -0.008124317042529583 0.9911286234855652
7.693833616216216 -0.2623549997806549 -0.057424455881118774 0.16233907639980316 -0.0858612209558487 -0.10167079418897629 -0.006805944722145796 0.9910825490951538
7.743850616216216 -0.2660186290740967 -0.08449499309062958 0.1604629009962082 -0.07948383688926697 -0.10465101897716522 -0.006762475240975618 0.9913045763969421
7.793868866216216 -0.26529908180236816 -0.1132696270942688 0.16058994829654694 -0.07312432676553726 -0.1064208373427391 -0.005230956245213747 0.9916149377822876
7.843885866216216 -0.2625148594379425 -0.1384931355714798 0.16386538743972778 -0.06549563258886337 -0.10855376720428467 -0.005306666251271963 0.9919164776802063
7.893902866216216 -0.2516673803329468 -0.16065527498722076 0.1604027897119522 -0.05763927847146988 -0.10967133194208145 -0.00632173428311944 0.9922751784324646
7.943919616216216 -0.23716820776462555 -0.17959624528884888 0.16179974377155304 -0.05025225505232811 -0.10744839906692505 -0.00775000499561429 0.9929096698760986
7.993937616216217 -0.21819420158863068 -0.19503767788410187 0.1611824333667755 -0.04432113841176033 -0.10222022980451584 -0.009907611645758152 0.9937245845794678
8.043954616216217 -0.2046329826116562 -0.19858385622501373 0.16786833107471466 -0.03828864544630051 -0.09344744682312012 -0.012272106483578682 0.99481201171875
8.093971616216216 -0.18445754051208496 -0.2032678723335266 0.16903305053710938 -0.035118818283081055 -0.08432218432426453 -0.014021669514477253 0.9957207441329956
8.143988616216216 -0.16220487654209137 -0.20690712332725525 0.1730281412601471 -0.0348798930644989 -0.0742102563381195 -0.015126367099583149 0.9965176582336426
8.194006616216216 -0.14096632599830627 -0.2006654292345047 0.1743130087852478 -0.035360075533390045 -0.06509549915790558 -0.016405459493398666 0.9971174597740173
8.244023866216216 -0.12212006002664566 -0.18615961074829102 0.17971007525920868 -0.0372815802693367 -0.05550012364983559 -0.01720491610467434 0.9976140856742859
8.294040866216216 -0.10186417400836945 -0.17410558462142944 0.17614269256591797 -0.04084895923733711 -0.047524139285087585 -0.01865767501294613 0.9978600740432739
8.344057866216216 -0.08322625607252121 -0.15576235949993134 0.17757387459278107 -0.04483042284846306 -0.04188885539770126 -0.01837819628417492 0.9979468584060669
8.394074616216216 -0.07258979231119156 -0.1369686871767044 0.1801663339138031 -0.05007617920637131 -0.036756668239831924 -0.018634142354130745 0.997894823551178
8.444092616216217 -0.06324407458305359 -0.11388685554265976 0.17823129892349243 -0.05523890629410744 -0.03256350755691528 -0.01896689459681511 0.9977617859840393
8.494109616216216 -0.05274483188986778 -0.08919211477041245 0.1773257702589035 -0.06039484217762947 -0.029227063059806824 -0.01788211055099964 0.9975863695144653
8.544126616216216 -0.05256050452589989 -0.06305646151304245 0.17686167359352112 -0.0659792572259903 -0.025770269334316254 -0.017731470987200737 0.9973306059837341
8.594143616216217 -0.05159929022192955 -0.03989575058221817 0.17432567477226257 -0.0723557323217392 -0.02617274969816208 -0.016789976507425308 0.9968940615653992
8.644161866216216 -0.05878540500998497 -0.015938566997647285 0.1755400151014328 -0.07770539820194244 -0.028273243457078934 -0.016322214156389236 0.9964417219161987
8.694178866216216 -0.0720214769244194 0.00589811522513628 0.17772239446640015 -0.08315148204565048 -0.031410329043865204 -0.01617906056344509 0.9959104061126709
8.744195866216216 -0.08131499588489532 0.024920739233493805 0.17715540528297424 -0.08841972798109055 -0.03637203574180603 -0.017165131866931915 0.9952710270881653
8.794212616216216 -0.09964507818222046 0.03564298897981644 0.17839415371418 -0.09494011849164963 -0.04233654960989952 -0.01832791231572628 0.994413435459137
8.844230616216215 -0.12025569379329681 0.046133726835250854 0.18099726736545563 -0.10074883699417114 -0.05098096653819084 -0.019552189856767654 0.9934124946594238
8.894247616216216 -0.1401536762714386 0.0484793446958065 0.18156011402606964 -0.10736147314310074 -0.06237839534878731 -0.020501960068941116 0.992049515247345
8.944264616216216 -0.16475248336791992 0.04310857132077217 0.18107613921165466 -0.11376407742500305 -0.07392735779285431 -0.020702263340353966 0.9905372262001038
8.994281616216217 -0.190342515707016 0.03852434828877449 0.17945082485675812 -0.11727121472358704 -0.08309988677501678 -0.021456295624375343 0.9893844127655029
9.044299616216216 -0.20998983085155487 0.024652425199747086 0.1821342557668686 -0.12029583007097244 -0.0919116884469986 -0.022888649255037308 0.9882091879844666
9.094316866216216 -0.2278239130973816 0.008511052466928959 0.18034595251083374 -0.12116705626249313 -0.09945697337388992 -0.022799719125032425 0.9873738884925842
9.144333866216217 -0.2455931305885315 -0.017915328964591026 0.17797333002090454 -0.12081730365753174 -0.10493557155132294 -0.02242688648402691 0.986858069896698
9.194350866216217 -0.2587815821170807 -0.044806044548749924 0.17757980525493622 -0.11909114569425583 -0.10873203724622726 -0.021717991679906845 0.9866726994514465
9.244367616216216 -0.26839810609817505 -0.07230878621339798 0.1747511625289917 -0.11618997901678085 -0.11103128641843796 -0.02028011716902256 0.9867931604385376
9.294385616216216 -0.2795250117778778 -0.09838425368070602 0.17542704939842224 -0.11264748126268387 -0.11070877313613892 -0.019496936351060867 0.9872558116912842
9.344402616216216 -0.2851372957229614 -0.12684360146522522 0.17314812541007996 -0.10945745557546616 -0.10934637486934662 -0.0177423357963562 0.9877994656562805
9.394419616216217 -0.2883467674255371 -0.15104363858699799 0.1777820885181427 -0.10729043185710907 -0.10706039518117905 -0.018587926402688026 0.988271951675415
9.444436616216215 -0.2917279005050659 -0.17803457379341125 0.18140895664691925 -0.10576336830854416 -0.10579916089773178 -0.018841754645109177 0.9885674715042114
9.494454616216217 -0.29566437005996704 -0.20095492899417877 0.18321941792964935 -0.10420475155115128 -0.10416509211063385 -0.020049089565873146 0.9888827800750732
9.544471866216217 -0.2934842109680176 -0.22260844707489014 0.18595227599143982 -0.10215765237808228 -0.10246624797582626 -0.020226024091243744 0.9892701506614685
9.594488866216217 -0.28837063908576965 -0.2416815608739853 0.19071006774902344 -0.10013532638549805 -0.10002300888299942 -0.019239652901887894 0.9897465109825134
9.644505866216216 -0.28425005078315735 -0.2589370310306549 0.1925371140241623 -0.09803521633148193 -0.09686245769262314 -0.01901671476662159 0.9902752637863159
9.694523616216216 -0.27266764640808105 -0.277332603931427 0.19697034358978271 -0.09683439135551453 -0.09576528519392014 -0.01518335472792387 0.9905663132667542
9.744540616216216 -0.25949373841285706 -0.2959572970867157 0.20204775035381317 -0.09644045680761337 -0.09718380123376846 -0.012846696190536022 0.9904996752738953
9.794557616216217 -0.24889031052589417 -0.31216076016426086 0.20465847849845886 -0.09595990180969238 -0.09810194373130798 -0.009567850269377232 0.9904929399490356
9.844574616216216 -0.23638497292995453 -0.32386595010757446 0.2070775330066681 -0.09455970674753189 -0.09858160465955734 -0.008860690519213676 0.990586519241333
9.894591616216216 -0.22107262909412384 -0.3359503746032715 0.208379328250885 -0.09430855512619019 -0.09841464459896088 -0.00644236383959651 0.9906457662582397
9.944609866216217 -0.20441170036792755 -0.34201687574386597 0.21033388376235962 -0.0935325101017952 -0.09907568991184235 -0.008483956567943096 0.9906380772590637
9.994626866216215 -0.1863832175731659 -0.3519783914089203 0.2146400809288025 -0.09600880742073059 -0.09832625091075897 -0.009139097295701504 0.9904699921607971
10.044643866216216 -0.17200890183448792 -0.3537408411502838 0.2176799327135086 -0.09718254953622818 -0.09420784562826157 -0.010684844106435776 0.9907402992248535
10.094660616216217 -0.16017617285251617 -0.3545982837677002 0.21747274696826935 -0.09821431338787079 -0.0888231173157692 -0.014287001453340054 0.9910904765129089
10.144678616216217 -0.14841929078102112 -0.35046595335006714 0.22260518372058868 -0.09993559122085571 -0.08399000763893127 -0.01857381872832775 0.9912686944007874
10.194695616216217 -0.1414477378129959 -0.34830179810523987 0.23037096858024597 -0.10350640118122101 -0.0814610943198204 -0.021903021261096 0.991045355796814
10.244712616216216 -0.14442385733127594 -0.34676098823547363 0.23199310898780823 -0.10913652926683426 -0.08110695332288742 -0.024370836094021797 0.9904125332832336
10.294729616216216 -0.14471592009067535 -0.34128543734550476 0.234884575009346 -0.11425217986106873 -0.08326224237680435 -0.025731943547725677 0.9896220564842224
10.344747616216216 -0.1541062891483307 -0.33727315068244934 0.24189220368862152 -0.12047320604324341 -0.08576831221580505 -0.025003548711538315 0.9886884689331055
10.394764866216216 -0.16401568055152893 -0.3407781422138214 0.2439946085214615 -0.1268845498561859 -0.08785207569599152 -0.024394771084189415 0.9877182245254517
10.444781866216216 -0.17497752606868744 -0.34155023097991943 0.25015607476234436 -0.13153639435768127 -0.08981625735759735 -0.02338995225727558 0.9869570136070251
10.494798866216216 -0.18586036562919617 -0.35124456882476807 0.25310027599334717 -0.13587586581707 -0.0925494059920311 -0.022413134574890137 0.9861389994621277
10.544816616216217 -0.19493012130260468 -0.35466843843460083 0.2625068426132202 -0.13786369562149048 -0.09557940810918808 -0.02123054675757885 0.9856001138687134
10.594833616216217 -0.20463691651821136 -0.36092856526374817 0.2716122567653656 -0.1389634907245636 -0.10087311267852783 -0.01912861131131649 0.9849608540534973
10.644850616216216 -0.21177387237548828 -0.37242352962493896 0.27487677335739136 -0.13892465829849243 -0.10473956912755966 -0.01636667549610138 0.9846125245094299
10.694867616216216 -0.22481302917003632 -0.38234788179397583 0.2770681381225586 -0.13709400594234467 -0.10737581551074982 -0.014880722388625145 0.9846087098121643
10.744884616216217 -0.227207213640213 -0.39248546957969666 0.2824152112007141 -0.13447193801403046 -0.11039742827415466 -0.011483555659651756 0.9846816658973694
10.794902616216216 -0.228601336479187 -0.4062485992908478 0.28850653767585754 -0.13237307965755463 -0.11048566550016403 -0.00807501282542944 0.9849898815155029
10.844919866216216 -0.23204867541790009 -0.4187908470630646 0.2913542091846466 -0.1303814947605133 -0.10844844579696655 -0.005805367138236761 0.9854978322982788
10.894936866216216 -0.21911564469337463 -0.4270165264606476 0.3000090718269348 -0.1300794631242752 -0.10925903916358948 -0.0017596753314137459 0.9854637384414673
10.944953866216217 -0.21239107847213745 -0.438028484582901 0.30526483058929443 -0.13023999333381653 -0.10648844391107559 -0.00011075357906520367 0.9857473969459534
10.994971616216215 -0.19832593202590942 -0.4477558434009552 0.31556326150894165 -0.13180992007255554 -0.10287673026323318 0.001161486143246293 0.9859215021133423
11.044988616216216 -0.1875617802143097 -0.4513549208641052 0.3228134512901306 -0.1325334757566452 -0.09888628125190735 0.0011049872264266014 0.9862328767776489
11.095005616216216 -0.17365524172782898 -0.4556387662887573 0.3336195945739746 -0.13364996016025543 -0.0943017452955246 0.001562205608934164 0.9865304827690125
11.145022616216217 -0.15658840537071228 -0.45914220809936523 0.33507949113845825 -0.13482053577899933 -0.08835073560476303 0.0015970774693414569 0.986922025680542
11.195040616216216 -0.143340602517128 -0.45952409505844116 0.3415793478488922 -0.1359584480524063 -0.07962141931056976 0.002496963832527399 0.9875066876411438
11.245057866216216 -0.12707357108592987 -0.46248859167099 0.34403225779533386 -0.13739818334579468 -0.07300474494695663 0.003560007316991687 0.9878154993057251
11.295074866216217 -0.10832685232162476 -0.4629065990447998 0.3421606421470642 -0.13807231187820435 -0.06626804172992706 0.005727143492549658 0.9881861209869385
11.345091866216217 -0.09044772386550903 -0.46145182847976685 0.34179121255874634 -0.13782088458538055 -0.059085872024297714 0.008758450858294964 0.9886544346809387
11.395108616216216 -0.07401865720748901 -0.46109989285469055 0.33890634775161743 -0.13831889629364014 -0.05160991847515106 0.012020817957818508 0.988969087600708
11.445126616216216 -0.05815666541457176 -0.45969733595848083 0.3301296532154083 -0.13817496597766876 -0.04485220089554787 0.015577238984405994 0.9892690777778625
11.495143616216216 -0.04614315181970596 -0.4606855511665344 0.32675817608833313 -0.1404588669538498 -0.03734833747148514 0.01989792101085186 0.9891817569732666
11.545160616216217 -0.03669976443052292 -0.450595885515213 0.31834593415260315 -0.14059989154338837 -0.03057604655623436 0.023715514689683914 0.989310085773468
11.595177616216215 -0.0296955406665802 -0.4456113278865814 0.31306636333465576 -0.14237689971923828 -0.024648092687129974 0.026423431932926178 0.989152729511261
11.645195616216217 -0.03373025730252266 -0.4447534680366516 0.30051833391189575 -0.1433652639389038 -0.020369878038764 0.02819684147834778 0.9890583753585815
11.695212866216217 -0.03445255383849144 -0.4341338872909546 0.29572221636772156 -0.14249691367149353 -0.021715259179472923 0.028951581567525864 0.9891334176063538
11.745229866216217 -0.04217546433210373 -0.4312872588634491 0.29818427562713623 -0.14200186729431152 -0.025187898427248 0.02855190820991993 0.989133894443512
11.795246866216216 -0.05740266293287277 -0.43175387382507324 0.2914782464504242 -0.14126206934452057 -0.02953793853521347 0.027917837724089622 0.9891376495361328
11.845264616216216 -0.07257355004549026 -0.4305906891822815 0.2861524522304535 -0.14079831540584564 -0.035475898534059525 0.02602273039519787 0.9890602827072144
11.895281616216216 -0.09303054958581924 -0.42730796337127686 0.28126442432403564 -0.13978058099746704 -0.04332531616091728 0.02264375612139702 0.9889750480651855
11.945298616216217 -0.11318878084421158 -0.43358197808265686 0.277452677488327 -0.14205990731716156 -0.05348153039813042 0.019573787227272987 0.9882184267044067
11.995315616216216 -0.13307560980319977 -0.4402596652507782 0.2836748957633972 -0.14570407569408417 -0.06210554018616676 0.01860625669360161 0.9872016906738281
12.045333616216217 -0.15021438896656036 -0.4453243315219879 0.2909976840019226 -0.14893494546413422 -0.07046028226613998 0.01667918637394905 0.986192524433136
12.095350616216216 -0.1613529622554779 -0.4529680013656616 0.2982974350452423 -0.1521676480770111 -0.07813180983066559 0.016118904575705528 0.9851297736167908
12.145367866216215 -0.17326922714710236 -0.463672935962677 0.3115984797477722 -0.15596339106559753 -0.08136580884456635 0.01662660390138626 0.9842655062675476
12.195384866216216 -0.18033476173877716 -0.4718469977378845 0.32094746828079224 -0.15750901401042938 -0.08549553900957108 0.01786377839744091 0.9836475253105164
12.245401866216216 -0.18750619888305664 -0.48209136724472046 0.33059367537498474 -0.15792877972126007 -0.08808032423257828 0.016962170600891113 0.9833680391311646
12.295419616216217 -0.17985796928405762 -0.4948274493217468 0.3444005846977234 -0.15818139910697937 -0.09171722084283829 0.018207339569926262 0.9829726219177246
12.345436616216217 -0.18418902158737183 -0.5036347508430481 0.3512641191482544 -0.15647916495800018 -0.09199316054582596 0.016765860840678215 0.9832448959350586
12.395453616216216 -0.1840817928314209 -0.5114115476608276 0.36017152667045593 -0.15525873005390167 -0.09184043854475021 0.014948603697121143 0.9834818840026855
12.445470616216216 -0.1759759783744812 -0.5198803544044495 0.37183088064193726 -0.15510977804660797 -0.0925150141119957 0.012747419998049736 0.9834731817245483
12.495488616216216 -0.16767796874046326 -0.5263278484344482 0.3836604356765747 -0.15469621121883392 -0.09167088568210602 0.010533320717513561 0.9836435914039612
12.545505866216216 -0.1554628163576126 -0.5326893329620361 0.3878546953201294 -0.15447449684143066 -0.09013146162033081 0.008530909195542336 0.9838400483131409
12.595522866216216 -0.14225594699382782 -0.5372330546379089 0.3938277065753937 -0.15462806820869446 -0.08771490305662155 0.007089673541486263 0.9840457439422607
12.645539866216216 -0.12896794080734253 -0.5421447157859802 0.4064529240131378 -0.15641172230243683 -0.08516527712345123 0.0067161619663238525 0.9839904308319092
12.695557616216217 -0.11717447638511658 -0.5448006391525269 0.41324424743652344 -0.15699145197868347 -0.0821545198559761 0.00512916874140501 0.9841636419296265
12.745574616216217 -0.10325019806623459 -0.5464879870414734 0.41838791966438293 -0.15831328928470612 -0.07890591770410538 0.004010314587503672 0.984222948551178
12.795591616216216 -0.09114746749401093 -0.5499613881111145 0.4250412881374359 -0.16089996695518494 -0.07358763366937637 0.005025127902626991 0.9842107892036438
12.845608616216216 -0.08132299780845642 -0.549908459186554 0.4291504919528961 -0.16205660998821259 -0.0685320720076561 0.005406044889241457 0.9843840003013611
12.895626616216216 -0.06920057535171509 -0.5504503846168518 0.42903590202331543 -0.16378282010555267 -0.06567426770925522 0.005431567784398794 0.9842929244041443
12.945643616216216 -0.05951264500617981 -0.5468153357505798 0.42872291803359985 -0.16415604948997498 -0.06157046929001808 0.0068161082454025745 0.9844874143600464
12.995660866216216 -0.050299353897571564 -0.5443055033683777 0.42264822125434875 -0.16419075429439545 -0.05796255171298981 0.008357148617506027 0.9846887588500977
13.045677866216217 -0.04414675757288933 -0.5415918827056885 0.4087594151496887 -0.1636621505022049 -0.055413782596588135 0.009161087684333324 0.9849163293838501
13.095694866216217 -0.03324493020772934 -0.5317670702934265 0.40284112095832825 -0.16262264549732208 -0.05503854900598526 0.010852103121578693 0.9850923418998718
13.145712616216215 -0.03744087368249893 -0.5272663831710815 0.387325257062912 -0.16154493391513824 -0.052769169211387634 0.010275443084537983 0.9853999614715576
13.195729616216216 -0.03215953707695007 -0.5122803449630737 0.38460877537727356 -0.1601203829050064 -0.05024087429046631 0.011563200503587723 0.9857503175735474
13.245746616216216 -0.032000359147787094 -0.5120604634284973 0.3630460500717163 -0.15936413407325745 -0.04766301065683365 0.010141478851437569 0.9860165119171143
13.295763616216217 -0.0312683992087841 -0.5037526488304138 0.3498319089412689 -0.15775543451309204 -0.04435490444302559 0.011410578154027462 0.9864155650138855
13.345781616216216 -0.030903546139597893 -0.49719110131263733 0.33848610520362854 -0.15614624321460724 -0.04226230829954147 0.01167226955294609 0.9867603778839111
13.395798616216217 -0.036207105964422226 -0.4932103753089905 0.32577210664749146 -0.1554960012435913 -0.036971379071474075 0.012152738869190216 0.9870696067810059
13.445815866216217 -0.041216835379600525 -0.484637588262558 0.3051976263523102 -0.1524522453546524 -0.03401322290301323 0.012333030812442303 0.9876484274864197
13.495832866216217 -0.04032818228006363 -0.47758010029792786 0.30066269636154175 -0.151455819606781 -0.03621990606188774 0.012516781687736511 0.9877209067344666
13.545850616216216 -0.06031164154410362 -0.4787825047969818 0.2935461103916168 -0.15135030448436737 -0.034224733710289 0.013315563090145588 0.9877977967262268
13.595867616216216 -0.07870128750801086 -0.4775479733943939 0.28302156925201416 -0.15037405490875244 -0.03168497607111931 0.013714907690882683 0.9880261421203613
13.645884616216216 -0.0885525569319725 -0.4806203246116638 0.2807137668132782 -0.1522076278924942 -0.032050613313913345 0.014741642400622368 0.9877187609672546
13.695901616216217 -0.09732264280319214 -0.48102545738220215 0.27996626496315 -0.1533743292093277 -0.03449847921729088 0.013771271333098412 0.9874697923660278
13.745918616216215 -0.11551623046398163 -0.48655644059181213 0.2765061557292938 -0.15554778277873993 -0.03504030033946037 0.013347066938877106 0.9871164560317993
13.795936616216217 -0.12620556354522705 -0.49226367473602295 0.2814481258392334 -0.15836481750011444 -0.039777256548404694 0.013765066862106323 0.986483097076416
13.845953866216217 -0.13455255329608917 -0.49796077609062195 0.28757068514823914 -0.16073036193847656 -0.048200808465480804 0.01301114447414875 0.9857348799705505
13.895970866216215 -0.14417816698551178 -0.503960907459259 0.29338786005973816 -0.1617390662431717 -0.05664021894335747 0.011105737648904324 0.9851441979408264
13.945987866216216 -0.15281590819358826 -0.5121323466300964 0.3048890233039856 -0.16252964735031128 -0.06392914801836014 0.008080391213297844 0.984597384929657
13.996005616216216 -0.1583995223045349 -0.5201570987701416 0.3175114095211029 -0.16262702643871307 -0.06933319568634033 0.004062958061695099 0.9842402935028076
14.046022616216217 -0.16331562399864197 -0.525863766670227 0.33434584736824036 -0.16015943884849548 -0.07083459198474884 -7.067590195219964e-05 0.9845463037490845
14.096039616216217 -0.15996059775352478 -0.5378886461257935 0.3456387221813202 -0.15822578966617584 -0.0712260827422142 -0.0021912003867328167 0.9848282337188721
14.146056616216216 -0.1528514176607132 -0.5460940003395081 0.3604051470756531 -0.15497960150241852 -0.07175251841545105 -0.0033658111933618784 0.9853028655052185
14.196074616216217 -0.14434389770030975 -0.5604397654533386 0.3669818341732025 -0.15138451755046844 -0.07130679488182068 -0.0036782599054276943 0.9858927726745605
14.246091616216216 -0.1287229359149933 -0.5732753276824951 0.3773544728755951 -0.14848974347114563 -0.071725994348526 -0.0034591497387737036 0.9863033294677734
14.296108866216215 -0.11929985880851746 -0.5811275243759155 0.38085126876831055 -0.14464768767356873 -0.06860919296741486 -0.004881624598056078 0.9870896935462952
14.346125866216216 -0.10123458504676819 -0.5930797457695007 0.3876288831233978 -0.1422029286623001 -0.06542062759399414 -0.00509665859863162 0.9876601696014404
14.396142866216216 -0.08020974695682526 -0.5986871719360352 0.3928303122520447 -0.13881634175777435 -0.059722643345594406 -0.005712410900741816 0.9884992241859436
14.446160616216217 -0.06315585970878601 -0.6014969348907471 0.39884501695632935 -0.13608253002166748 -0.05184651166200638 -0.0060105775482952595 0.9893217086791992
14.496177616216217 -0.039312414824962616 -0.6067066788673401 0.3985700309276581 -0.1346295028924942 -0.04618781805038452 -0.005044897086918354 0.9898061156272888
14.546194616216216 -0.019836904481053352 -0.6070534586906433 0.3953336477279663 -0.13263238966464996 -0.041291821748018265 -0.003986382856965065 0.9902968406677246
14.596211616216216 -0.001771455630660057 -0.6080749034881592 0.3967020511627197 -0.13304807245731354 -0.03607459366321564 -0.00128784473054111 0.9904520511627197
14.646229616216216 0.020610760897397995 -0.611232340335846 0.3945995569229126 -0.13429543375968933 -0.03090420551598072 0.0017658082069829106 0.9904577732086182
14.696246616216216 0.03987060487270355 -0.6071482300758362 0.38677430152893066 -0.13365662097930908 -0.024493319913744926 0.004423720762133598 0.9907151460647583
14.746263866216216 0.052977293729782104 -0.6028099060058594 0.3773399293422699 -0.1334734708070755 -0.017416706308722496 0.007488979026675224 0.9908710718154907
14.796280866216216 0.06849639862775803 -0.5937175154685974 0.3696349263191223 -0.13294227421283722 -0.011834659613668919 0.010678531602025032 0.9909956455230713
14.846298616216217 0.07585059106349945 -0.5842168927192688 0.3574236035346985 -0.131780207157135 -0.006581609603017569 0.013721722178161144 0.9911621809005737
14.896315616216215 0.08793679624795914 -0.5751383900642395 0.34550756216049194 -0.13093653321266174 -0.0021570539101958275 0.017223095521330833 0.9912387728691101
14.946332616216216 0.08703796565532684 -0.562936007976532 0.33272480964660645 -0.12893854081630707 0.002475747838616371 0.01790539175271988 0.9914878606796265
14.996349616216216 0.08600451052188873 -0.5546624660491943 0.3111325204372406 -0.12859657406806946 0.0008786509279161692 0.0180144552141428 0.9915329813957214
15.046367616216216 0.07721883058547974 -0.5432159900665283 0.3000088930130005 -0.12744344770908356 9.669568680692464e-05 0.018894262611865997 0.9916658997535706
15.096384616216216 0.0630260780453682 -0.5225468277931213 0.3003876805305481 -0.12547241151332855 -0.0019127561245113611 0.018733123317360878 0.9919183850288391
15.146401866216216 0.04502205550670624 -0.5197495222091675 0.29053613543510437 -0.12547188997268677 -0.005022198427468538 0.016269810497760773 0.991951048374176
15.196418866216217 0.027303140610456467 -0.5168716907501221 0.2855720818042755 -0.12534460425376892 -0.010264482349157333 0.014485478401184082 0.9919544458389282
15.246435866216217 0.00523104052990675 -0.510713517665863 0.27818000316619873 -0.12479886412620544 -0.014568082988262177 0.011984845623373985 0.9920027256011963
15.296453616216215 -0.016996044665575027 -0.5103845000267029 0.2787156105041504 -0.1255192905664444 -0.020229725167155266 0.007991394959390163 0.9918527007102966
15.346470616216216 -0.03816837817430496 -0.5161979794502258 0.28046512603759766 -0.127747043967247 -0.027248671278357506 0.005331549793481827 0.9914180636405945
15.396487616216216 -0.06363192200660706 -0.5242797136306763 0.28205621242523193 -0.12973813712596893 -0.03447143733501434 0.0019489193800836802 0.9909470081329346
15.446504616216217 -0.08315577358007431 -0.5323665738105774 0.2846704423427582 -0.13151997327804565 -0.04185614734888077 0.00018195506709162146 0.9904294610023499
15.496522616216216 -0.10306041687726974 -0.5430470705032349 0.29596269130706787 -0.13361260294914246 -0.04960370436310768 -0.0015901490114629269 0.9897902011871338
15.546539616216217 -0.11698877811431885 -0.5589210987091064 0.30754682421684265 -0.13549460470676422 -0.05733097344636917 -0.0023575874511152506 0.9891151785850525
15.596556866216217 -0.12962940335273743 -0.5670681595802307 0.31970497965812683 -0.1348336786031723 -0.06579974293708801 -0.0031029987148940563 0.9886762499809265
15.646573866216217 -0.13568679988384247 -0.5820239186286926 0.3319651186466217 -0.13387760519981384 -0.07281649112701416 -0.002383081242442131 0.9883162379264832
15.696591616216216 -0.13651739060878754 -0.590122401714325 0.34900200366973877 -0.13117821514606476 -0.07739073038101196 -0.0014411781448870897 0.9883324503898621
15.746608616216216 -0.13829150795936584 -0.6051167845726013 0.35423600673675537 -0.12704326212406158 -0.07896564900875092 0.0011589319910854101 0.98874831199646
15.796625616216216 -0.13052833080291748 -0.6165592670440674 0.36269667744636536 -0.1218334212899208 -0.08101388067007065 0.004223671741783619 0.9892298579216003
15.846642616216217 -0.11969998478889465 -0.6261444091796875 0.3626457452774048 -0.11461282521486282 -0.08217740803956985 0.005676902364939451 0.989989161491394
15.896659616216215 -0.10555077344179153 -0.6334194540977478 0.36448973417282104 -0.10617122054100037 -0.08187273144721985 0.007549234665930271 0.9909427762031555
15.946677616216217 -0.08996352553367615 -0.6351552605628967 0.36329931020736694 -0.09634826332330704 -0.08000403642654419 0.008957943879067898 0.9920868277549744
15.996694616216216 -0.07206414639949799 -0.6403642892837524 0.3574819564819336 -0.08770816773176193 -0.07922860980033875 0.010250041261315346 0.9929375648498535
16.046711866216217 -0.05373401567339897 -0.6434642672538757 0.3536868989467621 -0.07976945489645004 -0.07828143239021301 0.014142585918307304 0.9936341643333435
16.096728866216218 -0.03697165846824646 -0.6356698870658875 0.34395772218704224 -0.07003232091665268 -0.07918138802051544 0.015141229145228863 0.9942819476127625
16.146746616216216 -0.021643193438649178 -0.6260061860084534 0.3357059955596924 -0.06295530498027802 -0.08164861798286438 0.01571052335202694 0.9945467710494995
16.196763616216217 -0.016726091504096985 -0.6244447231292725 0.3212321400642395 -0.0588521808385849 -0.08153725415468216 0.01634928025305271 0.994796872138977
16.246780616216217 -0.0022510914131999016 -0.6043868064880371 0.3214546740055084 -0.05552825331687927 -0.08224926143884659 0.015704818069934845 0.9949396848678589
16.296797616216217 0.004233063664287329 -0.5861302018165588 0.3185800015926361 -0.054700903594493866 -0.08098887652158737 0.014677762053906918 0.9951046705245972
16.346815616216215 0.012452537193894386 -0.5675039291381836 0.30615925788879395 -0.05529099702835083 -0.08288752287626266 0.015111937187612057 0.9949092268943787
16.396832616216216 0.018280183896422386 -0.5428450703620911 0.3069605529308319 -0.05621128901839256 -0.0869196355342865 0.015124802477657795 0.994513213634491
16.446849866216215 0.024421267211437225 -0.5222448110580444 0.29461976885795593 -0.05818675830960274 -0.09372154623270035 0.01437124889343977 0.9937927722930908
16.496866866216216 0.03050551377236843 -0.4996052384376526 0.2900741398334503 -0.05871175602078438 -0.10043299943208694 0.012002089992165565 0.993137538433075
16.546884616216218 0.034477803856134415 -0.4779227674007416 0.27722033858299255 -0.05643077939748764 -0.10869526863098145 0.008506891317665577 0.9924356937408447
16.596901616216215 0.03562646359205246 -0.4585171341896057 0.2598974406719208 -0.05363903194665909 -0.1176435649394989 0.0016051544807851315 0.9916049242019653
16.646918616216215 0.035828910768032074 -0.43120652437210083 0.25181716680526733 -0.04856140539050102 -0.12532703578472137 -0.005667421966791153 0.9909101724624634
16.696935616216216 0.0397208034992218 -0.4091377258300781 0.23433029651641846 -0.04257068410515785 -0.1341772824525833 -0.015010124072432518 0.9899287223815918
16.746952616216216 0.03834422677755356 -0.3887555003166199 0.21665094792842865 -0.03685097023844719 -0.14561401307582855 -0.025359176099300385 0.9883296489715576
16.796970616216218 0.038453105837106705 -0.36332353949546814 0.20003914833068848 -0.029751796275377274 -0.16002221405506134 -0.036257967352867126 0.9859985709190369
16.846987616216218 0.03550862893462181 -0.33938154578208923 0.18235012888908386 -0.023821614682674408 -0.17692513763904572 -0.0484851710498333 0.9827407002449036
16.897004866216218 0.034584514796733856 -0.31666815280914307 0.16966719925403595 -0.019170083105564117 -0.19390416145324707 -0.05948152393102646 0.9790279269218445
16.947021866216215 0.033353544771671295 -0.29532501101493835 0.15375539660453796 -0.01587589457631111 -0.20966430008411407 -0.06908845901489258 0.975200355052948
16.997039616216217 0.03269005939364433 -0.27693480253219604 0.1387435495853424 -0.01359413843601942 -0.22599172592163086 -0.07712233066558838 0.9709763526916504
17.047056616216217 0.0336916409432888 -0.26217418909072876 0.13277776539325714 -0.012763098813593388 -0.24208731949329376 -0.08315766602754593 0.9666000604629517
17.097073616216218 0.03701654076576233 -0.25368982553482056 0.13013245165348053 -0.013753444887697697 -0.2546873688697815 -0.08500269055366516 0.9631820917129517
17.147090616216218 0.03932580724358559 -0.25259968638420105 0.13175730407238007 -0.016077550128102303 -0.26093369722366333 -0.08529676496982574 0.9614466428756714
17.197108616216216 0.0463346391916275 -0.2615410089492798 0.11198224127292633 -0.020411770790815353 -0.2596188187599182 -0.07968432456254959 0.9622015953063965
17.247125616216216 0.05273688584566116 -0.2650846540927887 0.11629131436347961 -0.01783929392695427 -0.25467410683631897 -0.08148068934679031 0.963422954082489
17.297142616216217 0.06211625412106514 -0.2747434079647064 0.11715663969516754 -0.01635575480759144 -0.24595530331134796 -0.07825347781181335 0.965978741645813
17.347159866216217 0.07231196761131287 -0.2811967730522156 0.11630379408597946 -0.01207668986171484 -0.2365284115076065 -0.07797358185052872 0.9684155583381653
17.397176866216217 0.08062286674976349 -0.28612107038497925 0.11700692772865295 -0.006633180193603039 -0.22879204154014587 -0.0791122242808342 0.9702327251434326
17.447194616216215 0.08742833882570267 -0.29542410373687744 0.11382333934307098 -0.0027482963632792234 -0.22248181700706482 -0.0818348377943039 0.971492350101471
17.497211616216216 0.10081619024276733 -0.2997647225856781 0.12162510305643082 0.00029361381893977523 -0.21734505891799927 -0.0826985090970993 0.9725852608680725
17.547228616216216 0.11307355761528015 -0.30341845750808716 0.1294322907924652 0.0030855918303132057 -0.2109612226486206 -0.08476468920707703 0.9738073945045471
17.597245616216217 0.12394224107265472 -0.30640530586242676 0.1345275193452835 0.006929932162165642 -0.20095022022724152 -0.08510633558034897 0.9758729338645935
17.647263616216215 0.14424298703670502 -0.3008171021938324 0.13950277864933014 0.01227843388915062 -0.19369357824325562 -0.08482663333415985 0.977310836315155
17.697280616216215 0.1645398736000061 -0.29388242959976196 0.14033442735671997 0.016108345240354538 -0.18948569893836975 -0.08235302567481995 0.9782912731170654
17.747297866216215 0.18693411350250244 -0.2893783748149872 0.14172564446926117 0.017653262242674828 -0.18854813277721405 -0.0774635523557663 0.978844940662384
17.797314866216215 0.20514121651649475 -0.2733848989009857 0.15233689546585083 0.019543481990695 -0.18528765439987183 -0.07411916553974152 0.9796902537345886
17.847332616216217 0.22449439764022827 -0.25264886021614075 0.16684432327747345 0.019044149667024612 -0.18057195842266083 -0.07191642373800278 0.9807442426681519
17.897349616216218 0.23697921633720398 -0.22497360408306122 0.17540644109249115 0.017754744738340378 -0.1768941581249237 -0.07138695567846298 0.9814770817756653
17.947366616216215 0.25169771909713745 -0.1966962069272995 0.18008291721343994 0.013993402011692524 -0.1795872002840042 -0.071803018450737 0.9810183048248291
17.997383616216215 0.259504109621048 -0.16789476573467255 0.18647614121437073 0.009931164793670177 -0.18262901902198792 -0.0754561573266983 0.9802318215370178
18.047401616216217 0.2635065019130707 -0.14058661460876465 0.19761134684085846 0.0046788835898041725 -0.1875706911087036 -0.0764918401837349 0.9792570471763611
18.097418616216217 0.2652621269226074 -0.11691710352897644 0.20250190794467926 0.0004235834057908505 -0.19254092872142792 -0.07719624787569046 0.9782477021217346
18.147435616216217 0.2701246738433838 -0.09862009435892105 0.21362248063087463 -0.003155340673401952 -0.1991305649280548 -0.07745311409235 0.9769023656845093
18.197452866216217 0.2675277590751648 -0.07962503284215927 0.20953303575515747 -0.004361412953585386 -0.20256862044334412 -0.07609444856643677 0.9762973785400391
18.247469866216218 0.2636616826057434 -0.07025648653507233 0.2112397849559784 -0.005868923384696245 -0.2044176608324051 -0.07414695620536804 0.9760539531707764
18.297487616216216 0.264020174741745 -0.06392436474561691 0.21143348515033722 -0.005541624967008829 -0.2081999033689499 -0.07368830591440201 0.9752907752990723
18.347504616216217 0.2677539587020874 -0.06767231225967407 0.21044114232063293 -0.005694759078323841 -0.21547110378742218 -0.07130484282970428 0.9738867878913879
18.397521616216217 0.260187029838562 -0.08787591010332108 0.19601289927959442 -0.00658921804279089 -0.21996942162513733 -0.0707368552684784 0.9729164242744446
18.447538616216217 0.2506287097930908 -0.10733678191900253 0.1826096624135971 -0.006113406270742416 -0.22101521492004395 -0.07048904150724411 0.9727005362510681
18.497556616216215 0.24770969152450562 -0.1206994280219078 0.17383113503456116 -0.0012645686510950327 -0.2210540920495987 -0.07085799425840378 0.9726832509040833
18.547573616216216 0.24896252155303955 -0.14601416885852814 0.1735989898443222 0.00197810516692698 -0.22484643757343292 -0.07017327845096588 0.9718621373176575
18.597590616216216 0.2516750693321228 -0.16270481050014496 0.16229702532291412 0.008596713654696941 -0.22868062555789948 -0.06944593042135239 0.9709833264350891
18.647607866216216 0.25640591979026794 -0.18637514114379883 0.15793374180793762 0.014222848229110241 -0.2332405298948288 -0.07045408338308334 0.9697591662406921
18.697625866216217 0.2639272212982178 -0.20125414431095123 0.14872902631759644 0.021116256713867188 -0.23582936823368073 -0.07142461091279984 0.9689361453056335
18.747642616216215 0.28007638454437256 -0.2130821794271469 0.1369481086730957 0.029283681884407997 -0.23665954172611237 -0.07000575959682465 0.9686247706413269
18.797659616216215 0.2947382628917694 -0.2295028269290924 0.12862557172775269 0.035774968564510345 -0.23496951162815094 -0.07120439410209656 0.9687308669090271
18.847676616216216 0.31708428263664246 -0.2390076369047165 0.12532423436641693 0.041831064969301224 -0.22903551161289215 -0.07194696366786957 0.9698538780212402
18.897693616216216 0.3404874801635742 -0.24046435952186584 0.1283857822418213 0.047024618834257126 -0.21907486021518707 -0.07268441468477249 0.9718600511550903
18.947711616216218 0.36199212074279785 -0.2361738234758377 0.1352144479751587 0.04991454258561134 -0.20863814651966095 -0.07510743290185928 0.9738262295722961
18.997728616216218 0.3826383352279663 -0.229543998837471 0.152804896235466 0.04918394610285759 -0.20126819610595703 -0.07762010395526886 0.9752165079116821
19.047745866216218 0.40243691205978394 -0.2223941534757614 0.16838189959526062 0.04404411092400551 -0.19739067554473877 -0.08006040006875992 0.9760571122169495
19.097762866216215 0.4164022207260132 -0.20805005729198456 0.1895889788866043 0.03527089208364487 -0.19455111026763916 -0.08350414037704468 0.9766949415206909
19.147780616216217 0.42844581604003906 -0.1961318701505661 0.2100299596786499 0.02385382540524006 -0.19097213447093964 -0.08705169707536697 0.9774368405342102
19.197797616216217 0.4420832693576813 -0.17596220970153809 0.22551864385604858 0.012989063747227192 -0.1890992820262909 -0.09045947343111038 0.9776961803436279
19.247814616216218 0.44334906339645386 -0.15443626046180725 0.24597246944904327 0.00243257824331522 -0.18935124576091766 -0.0949014276266098 0.97730952501297
19.297831616216218 0.43796196579933167 -0.1275373101234436 0.2614627480506897 -0.006918111816048622 -0.19140255451202393 -0.0988100990653038 0.9765008091926575
19.347849616216216 0.43566465377807617 -0.10325484722852707 0.26934051513671875 -0.016232047230005264 -0.19943934679031372 -0.10323977470397949 0.9743213057518005
19.397866616216216 0.4278971552848816 -0.07959146797657013 0.2832338809967041 -0.026599079370498657 -0.2077120989561081 -0.10591644048690796 0.9720750451087952
19.447883616216217 0.4221304953098297 -0.054583385586738586 0.29069748520851135 -0.038095831871032715 -0.21735237538814545 -0.10696247965097427 0.9694667458534241
19.497900866216217 0.41363415122032166 -0.03502210974693298 0.3020925223827362 -0.05183069035410881 -0.22776095569133759 -0.10789012163877487 0.9663323760032654
19.547918866216218 0.40051114559173584 -0.015779783949255943 0.3090827167034149 -0.06521346420049667 -0.2383287400007248 -0.10880779474973679 0.9628642797470093
19.597935616216215 0.38549959659576416 -0.001631408929824829 0.31318211555480957 -0.07665392011404037 -0.24929478764533997 -0.11049985885620117 0.9590443968772888
19.647952616216216 0.37219253182411194 0.005533983930945396 0.31658488512039185 -0.08604124933481216 -0.26246288418769836 -0.1125473827123642 0.9544858932495117
19.697969616216216 0.35866785049438477 0.00742102786898613 0.3104417622089386 -0.09212320297956467 -0.2754252254962921 -0.11325351893901825 0.9501725435256958
19.747986616216217 0.3499246835708618 0.002565888687968254 0.30129021406173706 -0.09442596882581711 -0.28805163502693176 -0.11538929492235184 0.9459362030029297
19.798004616216215 0.34419485926628113 -0.014760777354240417 0.28961387276649475 -0.09498465061187744 -0.29893431067466736 -0.11599010229110718 0.9424237608909607
19.848021616216215 0.3393579125404358 -0.03303229808807373 0.2739163637161255 -0.09194599837064743 -0.30744826793670654 -0.11630357056856155 0.9399441480636597
19.898038616216216 0.33982983231544495 -0.05265682190656662 0.2557794749736786 -0.08476731926202774 -0.31550100445747375 -0.1169746071100235 0.9378648996353149
19.948055866216215 0.34294915199279785 -0.07976970076560974 0.24592211842536926 -0.07864246517419815 -0.322202205657959 -0.11718639731407166 0.9360921382904053
19.998073866216217 0.3527676463127136 -0.10513406246900558 0.22896279394626617 -0.07081536203622818 -0.3261491358280182 -0.1151309460401535 0.9356050491333008
20.048090616216218 0.3702769875526428 -0.1370519995689392 0.22467383742332458 -0.06561212241649628 -0.32733389735221863 -0.11260129511356354 0.9358784556388855
20.098107616216215 0.3899425268173218 -0.16364994645118713 0.219413623213768 -0.06030332297086716 -0.3233991265296936 -0.10861807316541672 0.9380718469619751
20.148124616216215 0.4135773181915283 -0.18681113421916962 0.22096316516399384 -0.055846571922302246 -0.31761232018470764 -0.1047312542796135 0.940762996673584
20.198142616216217 0.4368756413459778 -0.2106618881225586 0.2190910130739212 -0.05307527258992195 -0.3121839165687561 -0.10248015075922012 0.9429857730865479
20.248159616216217 0.4624813199043274 -0.22771398723125458 0.21810045838356018 -0.05076724290847778 -0.3046518862247467 -0.10160083323717117 0.9456676244735718
20.298176616216217 0.4881003797054291 -0.24047093093395233 0.22254975140094757 -0.04951357841491699 -0.29643478989601135 -0.09858820587396622 0.9486597180366516
20.348193866216217 0.5159030556678772 -0.24606092274188995 0.22604714334011078 -0.047075483947992325 -0.28627628087997437 -0.09806165844202042 0.9519526362419128
20.398210866216218 0.5412140488624573 -0.24602100253105164 0.2348962426185608 -0.045780181884765625 -0.2740119993686676 -0.09812424331903458 0.955611526966095
20.448228616216216 0.5669634938240051 -0.2385910451412201 0.24561408162117004 -0.04486512020230293 -0.26299038529396057 -0.09839598089456558 0.9587186574935913
20.498245616216217 0.5890443325042725 -0.22729988396167755 0.2569078505039215 -0.04576260223984718 -0.25298452377319336 -0.09885940700769424 0.9613175392150879
20.548262616216217 0.6087287068367004 -0.21087509393692017 0.26249071955680847 -0.0471242256462574 -0.2450859397649765 -0.09865845739841461 0.9633165597915649
20.598279616216217 0.6172544360160828 -0.18588845431804657 0.2774827480316162 -0.05035870894789696 -0.24059532582759857 -0.0988096222281456 0.9642689228057861
20.648297616216215 0.6283790469169617 -0.15698660910129547 0.2872556447982788 -0.05317941680550575 -0.2408134788274765 -0.09736612439155579 0.9642099142074585
20.698314616216216 0.6314681768417358 -0.12881240248680115 0.29191315174102783 -0.05751901492476463 -0.24306143820285797 -0.09591687470674515 0.9635418057441711
20.748331616216216 0.6290984749794006 -0.10091397166252136 0.2935275733470917 -0.06384339928627014 -0.24797077476978302 -0.09293956309556961 0.9621833562850952
20.798348866216216 0.625887393951416 -0.07386599481105804 0.2993021011352539 -0.07117018848657608 -0.255072683095932 -0.08873774111270905 0.9602075219154358
20.848366866216217 0.6170130372047424 -0.04918830096721649 0.3049251437187195 -0.0791262835264206 -0.2625861167907715 -0.08562414348125458 0.95783931016922
20.898383616216215 0.603551983833313 -0.03158452361822128 0.3044671416282654 -0.08747192472219467 -0.2697833776473999 -0.08266255259513855 0.9553704261779785
20.948400616216215 0.5877283215522766 -0.016957035288214684 0.3078388273715973 -0.09421604871749878 -0.2808685302734375 -0.07917116582393646 0.9518235921859741
20.998417616216216 0.5708491206169128 -0.011367954313755035 0.3018929064273834 -0.09997989982366562 -0.29324856400489807 -0.07658702880144119 0.9477044939994812
21.048435616216217 0.5550681352615356 -0.01674743741750717 0.2898770570755005 -0.10413383692502975 -0.30421721935272217 -0.07543714344501495 0.9438841342926025
21.098452616216218 0.5434176325798035 -0.028825797140598297 0.2810990810394287 -0.10605812817811966 -0.3140918016433716 -0.07609338313341141 0.9403764605522156
21.148469616216214 0.5295474529266357 -0.04809112474322319 0.26739442348480225 -0.10586809366941452 -0.3232594132423401 -0.07780181616544724 0.9371458292007446
21.198486616216215 0.5187079310417175 -0.07170195877552032 0.2515304386615753 -0.10356152057647705 -0.33379310369491577 -0.07968741655349731 0.9335454106330872
21.248503866216215 0.5106793642044067 -0.09620790183544159 0.23274686932563782 -0.09842245280742645 -0.34338808059692383 -0.08058235049247742 0.9305397272109985
21.298521866216216 0.5048257112503052 -0.12830066680908203 0.2180468589067459 -0.09261320531368256 -0.3502858281135559 -0.08159463107585907 0.9284745454788208
21.348538616216217 0.5047945380210876 -0.1614381968975067 0.20284336805343628 -0.08645617961883545 -0.35491734743118286 -0.08166928589344025 0.9273021221160889
21.398555616216218 0.503557562828064 -0.19825005531311035 0.19805532693862915 -0.08028050512075424 -0.35801073908805847 -0.08302748948335648 0.9265472292900085
21.448572616216214 0.509931743144989 -0.23060902953147888 0.1896485984325409 -0.0731816291809082 -0.35987231135368347 -0.08298083394765854 0.9264181852340698
21.498590616216216 0.5222991108894348 -0.26131922006607056 0.18426650762557983 -0.06520644575357437 -0.35960718989372253 -0.08454562723636627 0.9269751310348511
21.548607616216216 0.5392666459083557 -0.28443294763565063 0.17657852172851562 -0.05651972442865372 -0.3546745777130127 -0.08514609187841415 0.9293878078460693
21.598624616216217 0.5580916404724121 -0.30659547448158264 0.18660041689872742 -0.05033651366829872 -0.3464047610759735 -0.08507762849330902 0.9328622221946716
21.648641866216217 0.5784579515457153 -0.32401326298713684 0.1894056797027588 -0.04409719258546829 -0.3336959481239319 -0.08484504371881485 0.9378186464309692
21.698659866216218 0.5983185172080994 -0.33740225434303284 0.19852951169013977 -0.04001360386610031 -0.31678545475006104 -0.08384203910827637 0.9439367055892944
21.748676616216216 0.618959903717041 -0.3412976861000061 0.20938454568386078 -0.035860802978277206 -0.2977076470851898 -0.08302324265241623 0.95036381483078
21.798693616216216 0.6421628594398499 -0.3358334004878998 0.2264290750026703 -0.03255518898367882 -0.2790571451187134 -0.08244562149047852 0.9561747312545776
21.848710616216216 0.6632727980613708 -0.33279508352279663 0.23660226166248322 -0.0316411554813385 -0.26329758763313293 -0.08138613402843475 0.9607547521591187
21.898727616216217 0.6815916895866394 -0.32112744450569153 0.24653185904026031 -0.03243393078446388 -0.24888473749160767 -0.0796591117978096 0.9647066593170166
21.948745616216215 0.7040821313858032 -0.3062955439090729 0.25386419892311096 -0.03546961769461632 -0.23675835132598877 -0.07604444772005081 0.9679383635520935
21.998762616216215 0.7140184640884399 -0.2855883538722992 0.266308456659317 -0.04132021963596344 -0.22496338188648224 -0.07333742082118988 0.9707244038581848
22.048779616216216 0.7268420457839966 -0.259109228849411 0.2739444673061371 -0.04834538698196411 -0.21441209316253662 -0.06911826878786087 0.9730945229530334
22.098796866216215 0.7370246052742004 -0.22988508641719818 0.2811894714832306 -0.0565035417675972 -0.20585580170154572 -0.06591200083494186 0.974723756313324
22.148814866216217 0.7458055019378662 -0.2022804170846939 0.28812527656555176 -0.06671591103076935 -0.20090995728969574 -0.062282852828502655 0.975348711013794
22.198831616216218 0.7449910640716553 -0.17289051413536072 0.30033111572265625 -0.0765039399266243 -0.19785983860492706 -0.06110149249434471 0.975328266620636
22.248848616216215 0.7397492527961731 -0.1428811252117157 0.3012685775756836 -0.08544189482927322 -0.1968432366847992 -0.06004853546619415 0.9748572707176208
22.298865616216215 0.7291064858436584 -0.11477987468242645 0.3041309714317322 -0.09384720772504807 -0.1975654512643814 -0.05896568298339844 0.9740039706230164
22.348883616216217 0.7145500183105469 -0.09076680988073349 0.30566978454589844 -0.10074960440397263 -0.19777855277061462 -0.05878535285592079 0.9732818007469177
22.398900616216217 0.697140634059906 -0.06923788785934448 0.3031861484050751 -0.10539238899946213 -0.19835084676742554 -0.05962423235177994 0.9726224541664124
22.448917616216217 0.6742629408836365 -0.05285031348466873 0.2955354154109955 -0.10780761390924454 -0.1989307701587677 -0.0612620934844017 0.9721373915672302
22.498934616216218 0.6509564518928528 -0.042459115386009216 0.28656741976737976 -0.10868766903877258 -0.20203572511672974 -0.06433778256177902 0.9711999297142029
22.548952866216215 0.6291909217834473 -0.041040923446416855 0.27620044350624084 -0.10902303457260132 -0.21050983667373657 -0.06844615191221237 0.969079315662384
22.598969866216216 0.6044245362281799 -0.04698047786951065 0.25614312291145325 -0.10906531661748886 -0.22101624310016632 -0.07043084502220154 0.9665899872779846
22.648986616216217 0.5785524845123291 -0.05654997378587723 0.2479325830936432 -0.10876365751028061 -0.23073050379753113 -0.07255296409130096 0.9641939997673035
22.699003616216217 0.5507972240447998 -0.07243422418832779 0.23048923909664154 -0.1073732078075409 -0.23579587042331696 -0.07250107079744339 0.9631276726722717
22.749020616216217 0.5259658098220825 -0.09122089296579361 0.21841949224472046 -0.1053229495882988 -0.23940584063529968 -0.07143344730138779 0.9625430703163147
22.799038616216215 0.5012353658676147 -0.11224149167537689 0.21041317284107208 -0.1019304171204567 -0.24301715195178986 -0.06839944422245026 0.9622237086296082
22.849055616216216 0.4740699827671051 -0.13442181050777435 0.20195156335830688 -0.09725003689527512 -0.2450983077287674 -0.06476821005344391 0.9624315500259399
22.899072616216216 0.45285484194755554 -0.1602126955986023 0.19393467903137207 -0.09151935577392578 -0.2454361468553543 -0.06257544457912445 0.9630522727966309
22.949089866216216 0.43023884296417236 -0.18419517576694489 0.1877281665802002 -0.084440216422081 -0.24235612154006958 -0.05936789512634277 0.9646806716918945
22.999107866216217 0.4059494733810425 -0.2098606526851654 0.1834803968667984 -0.07708740234375 -0.23708373308181763 -0.05594002455472946 0.9668089747428894
23.049124616216215 0.38107019662857056 -0.23070365190505981 0.17703600227832794 -0.0681929811835289 -0.22779129445552826 -0.05355198308825493 0.9698417782783508
23.099141616216215 0.35420018434524536 -0.2523050606250763 0.1746288388967514 -0.05901732295751572 -0.21678058803081512 -0.05072932317852974 0.9731134176254272
23.149158616216216 0.33096975088119507 -0.2728157937526703 0.17365185916423798 -0.05085538700222969 -0.20563748478889465 -0.04800755903124809 0.9761261343955994
23.199176616216217 0.3018479347229004 -0.29028236865997314 0.17119242250919342 -0.0428772009909153 -0.19327175617218018 -0.047776415944099426 0.9790428876876831
23.249193616216218 0.2787359356880188 -0.30324268341064453 0.17043611407279968 -0.03532441332936287 -0.18456542491912842 -0.046049751341342926 0.9811051487922668
23.299210616216214 0.2504025101661682 -0.31994304060935974 0.1643872708082199 -0.02950676530599594 -0.17528168857097626 -0.04402892291545868 0.9830906987190247
23.349227616216215 0.2202775478363037 -0.3313756585121155 0.16320140659809113 -0.02455141581594944 -0.16769744455814362 -0.04211884364485741 0.9846323132514954
23.399244866216215 0.1956137716770172 -0.3421843647956848 0.1653771847486496 -0.02173963002860546 -0.16440176963806152 -0.03789189085364342 0.9854256510734558
23.449262866216216 0.16588705778121948 -0.358606219291687 0.15675778687000275 -0.022491823881864548 -0.15964378416538239 -0.03147778660058975 0.9864163398742676
23.499279616216217 0.14751826226711273 -0.36732760071754456 0.16234983503818512 -0.022509584203362465 -0.15570908784866333 -0.02616950124502182 0.9871996641159058
23.549296616216218 0.11954350024461746 -0.3731924593448639 0.16490378975868225 -0.023390140384435654 -0.15091904997825623 -0.020811572670936584 0.9880502223968506
23.599313616216214 0.091422438621521 -0.37873852252960205 0.16567271947860718 -0.024746160954236984 -0.14795517921447754 -0.018523460254073143 0.9885109066963196
23.649331616216216 0.06804737448692322 -0.3803618252277374 0.1650656759738922 -0.023755308240652084 -0.146215558052063 -0.016503162682056427 0.9888297915458679
23.699348616216216 0.04241519793868065 -0.3794673979282379 0.1668609231710434 -0.02351989783346653 -0.14363673329353333 -0.016938094049692154 0.9892060160636902
23.749365616216217 0.020886413753032684 -0.38457393646240234 0.15019217133522034 -0.022304685786366463 -0.1434674859046936 -0.018097922205924988 0.9892381429672241
23.799382616216217 -0.002779268426820636 -0.37544146180152893 0.1484447866678238 -0.020644867792725563 -0.1416378915309906 -0.018344424664974213 0.9895332455635071
23.849400866216214 -0.028706645593047142 -0.37199586629867554 0.1402234435081482 -0.021333839744329453 -0.140791118144989 -0.022373845800757408 0.9895565509796143
23.899417866216215 -0.06981159746646881 -0.3650852143764496 0.14145305752754211 -0.02071944624185562 -0.13702432811260223 -0.02513599768280983 0.9900319576263428
23.949434616216216 -0.09320374578237534 -0.3542913794517517 0.13956484198570251 -0.021196408197283745 -0.13759206235408783 -0.027829274535179138 0.989871084690094
23.999451616216216 -0.1132524386048317 -0.3444591462612152 0.13603806495666504 -0.0212493147701025 -0.1377774477005005 -0.027946218848228455 0.9898408055305481
24.049469616216218 -0.13938471674919128 -0.33642274141311646 0.1291714608669281 -0.022397346794605255 -0.13699038326740265 -0.02954433485865593 0.9898784160614014
24.099486616216215 -0.159170001745224 -0.3214188814163208 0.10508321970701218 -0.019693724811077118 -0.13690122961997986 -0.030445070937275887 0.9899208545684814
24.149503616216215 -0.1800307184457779 -0.30470985174179077 0.10532331466674805 -0.017093710601329803 -0.1326046586036682 -0.030481552705168724 0.9905527830123901
24.199520616216216 -0.19319318234920502 -0.29117292165756226 0.09248137474060059 -0.013854480348527431 -0.12878461182117462 -0.03307725116610527 0.9910240173339844
24.249537866216215 -0.20317712426185608 -0.2690476179122925 0.10100297629833221 -0.008056537248194218 -0.12697692215442657 -0.034809403121471405 0.9912620186805725
24.299555866216217 -0.22042784094810486 -0.25309571623802185 0.07963841408491135 -0.0033331664744764566 -0.12479135394096375 -0.035678282380104065 0.9915357828140259
24.349572616216218 -0.22856180369853973 -0.22750286757946014 0.07210510969161987 0.003200746374204755 -0.12308616191148758 -0.036900632083415985 0.9917045831680298
24.399589616216215 -0.23576244711875916 -0.20909716188907623 0.07645539939403534 0.005993731319904327 -0.12250881642103195 -0.03674330934882164 0.9917689561843872
24.449606616216215 -0.24481377005577087 -0.18993064761161804 0.072889044880867 0.009775872342288494 -0.11941656470298767 -0.0374806709587574 0.9920884370803833
24.499624616216217 -0.24527069926261902 -0.1794905960559845 0.06079821288585663 0.010566655546426773 -0.1175907626748085 -0.03523869439959526 0.9923804998397827
24.549641616216217 -0.24368032813072205 -0.16447129845619202 0.06312831491231918 0.013638745993375778 -0.114677295088768 -0.03444237634539604 0.9927119016647339
24.599658616216217 -0.24875178933143616 -0.14894968271255493 0.05492950230836868 0.0170864537358284 -0.11053094267845154 -0.03331558033823967 0.9931671619415283
24.649675616216218 -0.25044679641723633 -0.13642238080501556 0.042181242257356644 0.02127763070166111 -0.10726206004619598 -0.03230172395706177 0.9934781193733215
24.699693866216215 -0.24845993518829346 -0.12454056739807129 0.04387032985687256 0.0239724013954401 -0.10389786958694458 -0.03278050944209099 0.9937585592269897
24.749710866216216 -0.23721954226493835 -0.11625095456838608 0.04561937227845192 0.02872423455119133 -0.10409842431545258 -0.03370266035199165 0.99358069896698
24.799727616216217 -0.24206815659999847 -0.10236476361751556 0.04752573370933533 0.03417573869228363 -0.09985892474651337 -0.03733561933040619 0.99371337890625
24.849744616216217 -0.24277746677398682 -0.07795137912034988 0.04439800977706909 0.04233647510409355 -0.0960790365934372 -0.04139213636517525 0.993611216545105
24.899761616216217 -0.23363693058490753 -0.06596001237630844 0.04403332993388176 0.04945467785000801 -0.09446793794631958 -0.046488042920827866 0.9932114481925964
24.949779616216215 -0.23264504969120026 -0.05296068266034126 0.04075400158762932 0.05615433678030968 -0.09199289232492447 -0.05386347696185112 0.9927148818969727
24.999796616216216 -0.22731079161167145 -0.04478932544589043 0.04060564562678337 0.06256468594074249 -0.09237199276685715 -0.06281512975692749 0.9917698502540588
25.049813616216216 -0.2254382073879242 -0.034269146621227264 0.04031926393508911 0.06884078681468964 -0.09323001652956009 -0.0700690820813179 0.9907872676849365
25.099830616216217 -0.21301692724227905 -0.027370203286409378 0.03985142707824707 0.07376156002283096 -0.0957455113530159 -0.07626816630363464 0.989734947681427
25.149848866216217 -0.2170742154121399 -0.00767534738406539 0.03710223361849785 0.07906083017587662 -0.09473150223493576 -0.08222737163305283 0.9889459609985352
25.199865866216218 -0.2029537856578827 0.01059032417833805 0.031166385859251022 0.08226121962070465 -0.09611187875270844 -0.08802720904350281 0.9880520701408386
25.249882616216215 -0.19478698074817657 0.009714830666780472 0.03475406393408775 0.08140041679143906 -0.09395362436771393 -0.09021317958831787 0.9881337285041809
25.299899616216216 -0.18110212683677673 0.019354049116373062 0.03180812671780586 0.08158818632364273 -0.09406581521034241 -0.09426339715719223 0.9877294898033142
25.349917616216217 -0.1719779670238495 0.02888636849820614 0.03005651943385601 0.08149491995573044 -0.09212139248847961 -0.09406159818172455 0.9879395961761475
25.399934616216218 -0.15328647196292877 0.048220179975032806 0.031124364584684372 0.08453453332185745 -0.09115017205476761 -0.09350384026765823 0.9878272414207458
25.449951616216214 -0.14357756078243256 0.052698783576488495 0.026072710752487183 0.0850694328546524 -0.08955558389425278 -0.0899154469370842 0.9882602691650391
25.499968616216215 -0.1273379623889923 0.06640645116567612 0.026283593848347664 0.08779685944318771 -0.09041474014520645 -0.08582566678524017 0.9883071184158325
25.549986866216216 -0.11454842984676361 0.08018887042999268 0.031518470495939255 0.09189139306545258 -0.0906667709350586 -0.08448223024606705 0.9880275130271912
25.600003866216216 -0.10589377582073212 0.09056901931762695 0.019460240378975868 0.09579592198133469 -0.0901242271065712 -0.08145949989557266 0.9879601001739502
25.650020616216217 -0.08631690591573715 0.11214858293533325 0.02762001007795334 0.10104624927043915 -0.08946756273508072 -0.07948863506317139 0.9876572489738464
25.700037616216218 -0.07984326779842377 0.11506632715463638 0.024276139214634895 0.10397125780582428 -0.08688496798276901 -0.07864556461572647 0.9876517653465271
25.750054616216214 -0.06962025165557861 0.13096608221530914 0.0202828086912632 0.10654684156179428 -0.0856371596455574 -0.07577264308929443 0.9877107739448547
25.800072616216216 -0.06230989471077919 0.1386745274066925 0.031414344906806946 0.1065308153629303 -0.08398260176181793 -0.077712781727314 0.987703800201416
25.850089616216216 -0.04855756834149361 0.14254851639270782 0.03493339195847511 0.10374366492033005 -0.08450187742710114 -0.07534842193126678 0.9881393313407898
25.900106616216217 -0.04120062291622162 0.15111425518989563 0.02911856584250927 0.1023821160197258 -0.08434947580099106 -0.07698386162519455 0.9881683588027954
25.950123616216217 -0.03712008148431778 0.16501587629318237 0.03504868596792221 0.10109506547451019 -0.08291590213775635 -0.07769058644771576 0.9883668422698975
26.000141866216214 -0.028439568355679512 0.17348705232143402 0.04032152518630028 0.09752876311540604 -0.08420754969120026 -0.07912430167198181 0.9885022640228271
26.050158866216215 -0.028003614395856857 0.18334588408470154 0.0419127456843853 0.09423597157001495 -0.08185787498950958 -0.07972577214241028 0.9889705181121826
26.100175616216216 -0.020511504262685776 0.19434605538845062 0.04311452805995941 0.09174607694149017 -0.08359972387552261 -0.0794222503900528 0.9890833497047424
26.150192616216216 -0.01758188009262085 0.20231516659259796 0.0429844968020916 0.08814637362957001 -0.08574184775352478 -0.07846398651599884 0.9893037676811218
26.200210616216218 -0.018592463806271553 0.2125365287065506 0.047060396522283554 0.08498784899711609 -0.0880994200706482 -0.07726569473743439 0.9894673824310303
26.250227616216215 -0.012731033377349377 0.22319310903549194 0.04394421726465225 0.08205123245716095 -0.09314610064029694 -0.07355643808841705 0.9895357489585876
26.300244616216215 0.00029542529955506325 0.2325848788022995 0.05922485515475273 0.07981542497873306 -0.0966423898935318 -0.07176131755113602 0.9895151257514954
26.350261616216216 0.005200503394007683 0.235757514834404 0.05401326343417168 0.07955802232027054 -0.09069909900426865 -0.06762450933456421 0.9903894662857056
26.400278616216216 0.00497770868241787 0.2445465326309204 0.04978335276246071 0.08387678861618042 -0.08152322471141815 -0.06320172548294067 0.9911227226257324
26.450296866216217 0.010305643081665039 0.24755080044269562 0.05100976675748825 0.08917465806007385 -0.07576799392700195 -0.05704069137573242 0.9914906024932861
26.500313866216217 0.020434394478797913 0.2581154406070709 0.05060870200395584 0.0973389744758606 -0.07464431971311569 -0.05053591728210449 0.9911606907844543
26.550330616216215 0.030561834573745728 0.26339393854141235 0.047641150653362274 0.105907142162323 -0.07309221476316452 -0.04624812304973602 0.9906070828437805
26.600347616216215 0.03363615646958351 0.27406561374664307 0.04953690618276596 0.11474838107824326 -0.06951688975095749 -0.04089387133717537 0.9901151061058044
26.650365616216217 0.03958772122859955 0.28740277886390686 0.042831696569919586 0.12290383875370026 -0.06395916640758514 -0.03502010926604271 0.9897360801696777
26.700382616216217 0.044319286942481995 0.2956441640853882 0.03847108036279678 0.12920206785202026 -0.058259591460227966 -0.03104233741760254 0.9894185662269592
26.750399616216217 0.04804306849837303 0.3060056269168854 0.0438389927148819 0.13341176509857178 -0.05245357006788254 -0.02657826617360115 0.9893146753311157
26.800416616216218 0.05156092718243599 0.31923532485961914 0.06114061176776886 0.1354103684425354 -0.047968924045562744 -0.02449270524084568 0.9893245697021484
26.850434866216215 0.049974799156188965 0.3233526945114136 0.07089795917272568 0.13325552642345428 -0.045603375881910324 -0.023125678300857544 0.9897618293762207
26.900451866216216 0.052769094705581665 0.33313608169555664 0.08641614019870758 0.1314953714609146 -0.04776597395539284 -0.023930169641971588 0.9898760914802551
26.950468616216217 0.04871875420212746 0.3458702266216278 0.08685226738452911 0.13033857941627502 -0.049279097467660904 -0.02483423426747322 0.9899327158927917
27.000485616216217 0.04933233559131622 0.35741761326789856 0.08944708853960037 0.12942355871200562 -0.05157846212387085 -0.02556828036904335 0.9899169206619263
27.050503616216215 0.05169597640633583 0.3698914349079132 0.09644565731287003 0.1292407065629959 -0.05389327555894852 -0.027769552543759346 0.9897581338882446
27.100520616216215 0.05120014026761055 0.37781858444213867 0.10057404637336731 0.1284431368112564 -0.05665799230337143 -0.02943423017859459 0.9896594882011414
27.150537616216216 0.049914613366127014 0.38989442586898804 0.10043878853321075 0.13051937520503998 -0.05893952399492264 -0.030334381386637688 0.9892273545265198
27.200554616216216 0.051405683159828186 0.39895522594451904 0.10069979727268219 0.13106302917003632 -0.06302512437105179 -0.030516091734170914 0.988897979259491
27.250571616216217 0.05615060776472092 0.41120800375938416 0.10579629987478256 0.1328941136598587 -0.06686073541641235 -0.028819028288125992 0.9884525537490845
27.300589866216217 0.05927960202097893 0.421949565410614 0.1071397215127945 0.13356512784957886 -0.06853342801332474 -0.024825410917401314 0.988355815410614
27.350606866216218 0.05936811864376068 0.42545974254608154 0.10933062434196472 0.13172496855258942 -0.07003211230039597 -0.024060498923063278 0.9885166883468628
27.400623616216215 0.05749323591589928 0.4359983503818512 0.11031148582696915 0.13156695663928986 -0.0719318762421608 -0.018669376149773598 0.9885178208351135
27.450640616216216 0.06592375040054321 0.4379712641239166 0.12093786150217056 0.12968215346336365 -0.07429026067256927 -0.014486114494502544 0.988662600517273
27.500658616216217 0.06534530967473984 0.4436955153942108 0.12456423789262772 0.12960699200630188 -0.07135935872793198 -0.013781558722257614 0.9888983368873596
27.550675616216218 0.06492475420236588 0.45255979895591736 0.12463248521089554 0.12946562469005585 -0.0705324336886406 -0.010394815355539322 0.9890176057815552
27.600692616216215 0.06944514811038971 0.45693472027778625 0.1358294039964676 0.12918774783611298 -0.07046341150999069 -0.01092823687940836 0.9890530705451965
27.650709616216215 0.07054713368415833 0.4692739248275757 0.1304415464401245 0.1309574991464615 -0.07056672871112823 -0.012444043532013893 0.9887950420379639
27.700727866216216 0.0694676861166954 0.46510249376296997 0.1346077024936676 0.13190068304538727 -0.07186920195817947 -0.014603371731936932 0.9885463714599609
27.750744866216216 0.06724560260772705 0.4647645354270935 0.13114379346370697 0.13420070707798004 -0.07418158650398254 -0.01572420820593834 0.9880486130714417
