1518195889.281262 -0.000000 -0.000000 -0.000000 -0.000000 -0.000000 -0.000000 1.000000
1518195889.379878 -0.000000 -0.000000 -0.000000 -0.000000 -0.000000 -0.000000 1.000000
1518195889.478244 -0.000000 -0.000000 -0.000000 -0.000000 -0.000000 -0.000000 1.000000
1518195889.576733 -0.008787 0.000812 0.013623 0.000880 0.001931 0.001958 0.999996
1518195889.674950 -0.008787 0.000812 0.013623 0.000880 0.001931 0.001958 0.999996
1518195889.781048 -0.031199 -0.010443 0.016866 -0.000402 -0.005852 -0.000500 0.999983
1518195889.879521 -0.031199 -0.010443 0.016866 -0.000402 -0.005852 -0.000500 0.999983
1518195889.977899 -0.050281 -0.037183 0.027366 0.002167 -0.015443 -0.004169 0.999870
1518195890.076429 -0.050281 -0.037183 0.027366 0.002167 -0.015443 -0.004169 0.999870
1518195890.174721 -0.034141 -0.065602 0.026307 0.011055 -0.018136 -0.002041 0.999772
1518195890.280082 -0.012197 -0.073079 0.024800 0.017361 -0.005948 -0.001664 0.999830
1518195890.378423 0.017794 -0.075198 0.019867 0.021101 0.008102 -0.000968 0.999744
1518195890.476838 0.044612 -0.073554 0.019869 0.018268 0.022901 -0.001204 0.999570
1518195890.575462 0.069301 -0.070776 0.015082 0.014135 0.037999 -0.000164 0.999178
1518195890.680825 0.090057 -0.059724 0.006743 0.010398 0.049547 0.000401 0.998718
1518195890.779452 0.097262 -0.044931 0.006536 0.005768 0.057427 0.001321 0.998332
1518195890.878103 0.102076 -0.027620 0.000643 -0.000015 0.057458 0.002769 0.998344
1518195890.976773 0.097522 -0.003673 -0.001497 -0.003199 0.053857 0.005794 0.998527
1518195891.075226 0.080329 0.009696 0.007509 -0.006584 0.047820 0.006819 0.998811
1518195891.180777 0.061139 0.023735 0.009532 -0.005216 0.038497 0.005726 0.999229
1518195891.279389 0.029808 0.023476 0.019524 -0.004513 0.029504 0.000007 0.999555
1518195891.377707 -0.003170 0.020992 0.027288 -0.002333 0.021495 -0.006116 0.999748
1518195891.476372 -0.045098 0.010868 0.038031 -0.005293 0.011712 -0.010407 0.999863
1518195891.575026 -0.076476 -0.002738 0.051352 -0.008924 -0.000944 -0.014080 0.999861
1518195891.680723 -0.103457 -0.023767 0.059735 -0.010935 -0.011928 -0.014824 0.999759
1518195891.779373 -0.114022 -0.043070 0.062543 -0.009542 -0.021606 -0.012951 0.999637
1518195891.878537 -0.115732 -0.068110 0.068533 -0.007968 -0.029902 -0.011330 0.999457
1518195891.976700 -0.106570 -0.087712 0.067093 -0.003101 -0.032575 -0.009998 0.999415
1518195892.075347 -0.081052 -0.105418 0.052184 0.000112 -0.028418 -0.005906 0.999579
1518195892.181039 -0.055764 -0.123379 0.046239 -0.003811 -0.017401 -0.004252 0.999832
1518195892.279986 -0.032652 -0.124095 0.037525 -0.005716 -0.002043 -0.006360 0.999961
1518195892.378681 -0.010906 -0.125283 0.026221 -0.006760 0.012069 -0.009702 0.999857
1518195892.477505 0.004809 -0.113338 0.022990 -0.008645 0.023691 -0.009879 0.999633
1518195892.576153 0.018680 -0.088658 0.022473 -0.013788 0.034548 -0.005756 0.999291
1518195892.674689 0.029665 -0.064898 0.028917 -0.021432 0.041673 0.001505 0.998900
1518195892.780265 0.029253 -0.038531 0.038488 -0.026019 0.041717 0.005570 0.998775
1518195892.878730 0.020417 -0.014376 0.046864 -0.026392 0.039713 0.007574 0.998834
1518195892.977814 0.008156 0.003001 0.050453 -0.024099 0.033641 0.005085 0.999130
1518195893.076400 -0.017057 0.000018 0.062438 -0.022719 0.025825 -0.000861 0.999408
1518195893.174937 -0.040971 -0.007268 0.067544 -0.017298 0.020314 -0.004232 0.999635
1518195893.280393 -0.072929 -0.022158 0.073051 -0.011886 0.010354 -0.007990 0.999844
1518195893.379017 -0.099670 -0.046230 0.078911 -0.009474 -0.003054 -0.009620 0.999904
1518195893.477521 -0.126118 -0.074270 0.087064 -0.008064 -0.018568 -0.010186 0.999743
1518195893.575820 -0.138135 -0.104275 0.086894 -0.004281 -0.038170 -0.006843 0.999239
1518195893.681507 -0.142829 -0.131726 0.090288 0.002185 -0.047380 -0.006469 0.998854
1518195893.780011 -0.134187 -0.153365 0.086228 0.009264 -0.048113 -0.009266 0.998756
1518195893.878742 -0.109215 -0.168637 0.083805 0.012928 -0.048161 -0.013585 0.998664
1518195893.977004 -0.080026 -0.175929 0.087519 0.011415 -0.041745 -0.019113 0.998880
1518195894.075307 -0.050039 -0.174756 0.085966 0.009741 -0.035710 -0.023593 0.999036
1518195894.181150 -0.030675 -0.160594 0.079738 0.008875 -0.028664 -0.025265 0.999230
1518195894.279503 -0.010361 -0.138322 0.065820 0.005142 -0.024701 -0.023824 0.999398
1518195894.378252 0.006807 -0.101944 0.066431 0.000243 -0.022862 -0.019274 0.999553
1518195894.476817 0.012332 -0.067471 0.059546 -0.005698 -0.019603 -0.018130 0.999627
1518195894.575497 0.004480 -0.036546 0.062030 -0.013726 -0.015570 -0.020256 0.999579
1518195894.675227 -0.015779 -0.012657 0.067326 -0.021121 -0.021392 -0.022752 0.999289
1518195894.781041 -0.043665 0.004383 0.066982 -0.029443 -0.028320 -0.024303 0.998870
1518195894.879491 -0.074452 0.016372 0.071211 -0.034618 -0.036779 -0.026478 0.998373
1518195894.978286 -0.107794 0.007509 0.075372 -0.043008 -0.058119 -0.029267 0.996953
1518195895.079734 -0.151629 -0.008130 0.080679 -0.049333 -0.077737 -0.034806 0.995144
1518195895.178344 -0.181413 -0.036742 0.075228 -0.050087 -0.094373 -0.036401 0.993610
1518195895.277220 -0.203408 -0.074530 0.075736 -0.043239 -0.103570 -0.033916 0.993103
1518195895.376299 -0.201334 -0.112377 0.076115 -0.029519 -0.107051 -0.025944 0.993477
1518195895.474751 -0.180850 -0.145852 0.073252 -0.014766 -0.104355 -0.017623 0.994274
1518195895.580292 -0.158645 -0.170137 0.068503 -0.004431 -0.086386 -0.012993 0.996167
1518195895.678797 -0.130107 -0.176321 0.070229 -0.000140 -0.065603 -0.013524 0.997754
1518195895.777514 -0.095721 -0.164929 0.086440 -0.001856 -0.049138 -0.015228 0.998674
1518195895.876650 -0.067654 -0.148178 0.088103 -0.006839 -0.034870 -0.015323 0.999251
1518195895.975295 -0.051715 -0.113909 0.085661 -0.012782 -0.023004 -0.016562 0.999516
1518195896.080846 -0.042371 -0.074509 0.087801 -0.026562 -0.014467 -0.014499 0.999437
1518195896.179329 -0.042436 -0.033374 0.097970 -0.043035 -0.011681 -0.013848 0.998909
1518195896.277785 -0.056938 0.004272 0.108475 -0.057248 -0.011658 -0.014898 0.998181
1518195896.376570 -0.078074 0.041313 0.122219 -0.069581 -0.021622 -0.015242 0.997226
1518195896.475106 -0.104901 0.060058 0.131097 -0.080094 -0.038431 -0.016685 0.995907
1518195896.580822 -0.145776 0.056433 0.136173 -0.089926 -0.058951 -0.016193 0.994070
1518195896.679451 -0.175094 0.040323 0.141567 -0.094109 -0.077100 -0.015443 0.992452
1518195896.778099 -0.198703 0.007869 0.143628 -0.092234 -0.088888 -0.013072 0.991676
1518195896.876734 -0.212775 -0.032481 0.145158 -0.084396 -0.098562 -0.011650 0.991477
1518195896.975819 -0.223453 -0.077914 0.150272 -0.073149 -0.102756 -0.010395 0.991959
1518195897.074522 -0.212016 -0.116139 0.148705 -0.058192 -0.106884 -0.009818 0.992519
1518195897.180246 -0.182631 -0.146959 0.148960 -0.043343 -0.102597 -0.013012 0.993693
1518195897.278453 -0.154472 -0.155726 0.153660 -0.033836 -0.086551 -0.017334 0.995522
1518195897.377153 -0.117429 -0.153237 0.159930 -0.033463 -0.066888 -0.019518 0.997008
1518195897.475767 -0.087373 -0.140665 0.160330 -0.039021 -0.049378 -0.022242 0.997770
1518195897.574263 -0.065169 -0.114469 0.160718 -0.047875 -0.037433 -0.022763 0.997892
1518195897.680091 -0.051930 -0.076453 0.159059 -0.059909 -0.028146 -0.022856 0.997545
1518195897.779109 -0.047502 -0.036270 0.161820 -0.070307 -0.023855 -0.021833 0.997001
1518195897.877498 -0.056707 0.001209 0.163645 -0.081208 -0.030015 -0.020425 0.996036
1518195897.976214 -0.080860 0.030815 0.170823 -0.091628 -0.038262 -0.022453 0.994805
1518195898.074730 -0.110686 0.042128 0.170995 -0.104207 -0.056066 -0.025358 0.992650
1518195898.180437 -0.150312 0.034880 0.163735 -0.115008 -0.080224 -0.026671 0.989761
1518195898.279378 -0.183670 0.012436 0.162127 -0.120004 -0.095708 -0.027121 0.987777
1518195898.378064 -0.209053 -0.023813 0.157497 -0.117190 -0.106386 -0.026772 0.987032
1518195898.476639 -0.229044 -0.066053 0.157101 -0.110790 -0.109600 -0.024248 0.987484
1518195898.575231 -0.240471 -0.109729 0.156897 -0.105744 -0.107005 -0.024499 0.988316
1518195898.680892 -0.236738 -0.150824 0.168699 -0.102082 -0.104332 -0.024124 0.988996
1518195898.779509 -0.231601 -0.185221 0.174179 -0.098734 -0.101239 -0.024260 0.989653
1518195898.878065 -0.221370 -0.213351 0.175299 -0.094792 -0.096097 -0.020214 0.990642
1518195898.976670 -0.206671 -0.240505 0.181472 -0.093777 -0.096308 -0.014732 0.990815
1518195899.075397 -0.183984 -0.255785 0.180568 -0.090305 -0.097637 -0.011704 0.991048
1518195899.174026 -0.155991 -0.273287 0.188318 -0.092323 -0.097589 -0.012142 0.990861
1518195899.279824 -0.130266 -0.275112 0.195289 -0.094987 -0.088941 -0.017252 0.991347
1518195899.378528 -0.121781 -0.276805 0.199469 -0.100297 -0.078944 -0.025455 0.991494
1518195899.477253 -0.128006 -0.266319 0.204601 -0.109066 -0.078757 -0.030276 0.990447
1518195899.575712 -0.135514 -0.265813 0.211164 -0.120909 -0.084857 -0.030191 0.988569
1518195899.674339 -0.151174 -0.272911 0.221728 -0.131585 -0.088543 -0.027484 0.986960
1518195899.779556 -0.164950 -0.279728 0.235390 -0.135766 -0.097473 -0.024444 0.985631
1518195899.877957 -0.179049 -0.295834 0.243711 -0.135280 -0.104830 -0.019351 0.985056
1518195899.976452 -0.183690 -0.310018 0.249762 -0.129535 -0.109721 -0.013598 0.985392
1518195900.075055 -0.177961 -0.330333 0.254438 -0.126688 -0.109097 -0.008518 0.985888
1518195900.180758 -0.160693 -0.343624 0.271670 -0.127158 -0.103937 -0.003410 0.986416
1518195900.279370 -0.144188 -0.356540 0.281613 -0.130514 -0.094694 -0.001958 0.986912
1518195900.377611 -0.117327 -0.362093 0.290372 -0.133971 -0.082991 -0.001041 0.987504
1518195900.476315 -0.088702 -0.363872 0.295644 -0.136086 -0.069040 0.001453 0.988287
1518195900.574901 -0.062445 -0.361832 0.294809 -0.136776 -0.055161 0.006994 0.989040
1518195900.680567 -0.038726 -0.358539 0.284169 -0.137997 -0.039430 0.015016 0.989534
1518195900.779254 -0.026628 -0.347907 0.279499 -0.140479 -0.026501 0.020997 0.989506
1518195900.878245 -0.034231 -0.345458 0.265312 -0.142136 -0.018874 0.027338 0.989290
1518195900.976859 -0.043587 -0.338379 0.258901 -0.140769 -0.026282 0.025991 0.989352
1518195901.075552 -0.071156 -0.337684 0.249059 -0.138713 -0.038187 0.019708 0.989400
1518195901.180907 -0.100423 -0.343236 0.250283 -0.142875 -0.059442 0.015091 0.987839
1518195901.279638 -0.126308 -0.354688 0.259351 -0.149522 -0.075509 0.013552 0.985778
1518195901.378189 -0.143822 -0.374770 0.271714 -0.155586 -0.082227 0.014803 0.984283
1518195901.476934 -0.147669 -0.389001 0.290378 -0.155859 -0.088781 0.014519 0.983674
1518195901.575512 -0.147271 -0.401688 0.302386 -0.153286 -0.090945 0.012294 0.983911
1518195901.674089 -0.134952 -0.412497 0.313229 -0.151140 -0.090887 0.008779 0.984286
1518195901.780165 -0.111913 -0.422618 0.334139 -0.152880 -0.088709 0.005511 0.984240
1518195901.878600 -0.093293 -0.425664 0.347463 -0.154394 -0.084073 0.002394 0.984423
1518195901.977203 -0.072505 -0.431790 0.359881 -0.158100 -0.076362 0.002054 0.984464
1518195902.075855 -0.051589 -0.430774 0.369081 -0.161578 -0.068877 0.003109 0.984449
1518195902.174496 -0.037878 -0.429419 0.364164 -0.163249 -0.060684 0.004013 0.984709
1518195902.280265 -0.025380 -0.420021 0.350580 -0.162147 -0.055266 0.009685 0.985170
1518195902.378831 -0.019488 -0.410475 0.329306 -0.159769 -0.052520 0.009592 0.985710
1518195902.477540 -0.019351 -0.395495 0.309278 -0.156200 -0.046448 0.009367 0.986588
1518195902.576151 -0.018222 -0.385566 0.289986 -0.153828 -0.041071 0.009034 0.987202
1518195902.674674 -0.031234 -0.376309 0.256939 -0.148639 -0.035017 0.007761 0.988241
1518195902.780492 -0.058422 -0.368069 0.249269 -0.147162 -0.030967 0.010628 0.988570
1518195902.878655 -0.074129 -0.369347 0.245988 -0.149521 -0.033535 0.009643 0.988143
1518195902.977836 -0.095746 -0.382530 0.247065 -0.155788 -0.037639 0.009655 0.987026
1518195903.076497 -0.107252 -0.398004 0.257292 -0.160783 -0.054046 0.008525 0.985472
1518195903.175099 -0.126885 -0.407656 0.272106 -0.160491 -0.065655 0.000431 0.984851
1518195903.280438 -0.131760 -0.424635 0.290039 -0.158092 -0.069745 -0.005457 0.984943
1518195903.378569 -0.117303 -0.440743 0.307281 -0.151460 -0.070990 -0.006558 0.985889
1518195903.477868 -0.094319 -0.455900 0.324110 -0.144387 -0.070629 -0.006645 0.986975
1518195903.576937 -0.065929 -0.467079 0.333955 -0.138081 -0.062890 -0.007670 0.988392
1518195903.675653 -0.037309 -0.479743 0.339297 -0.134766 -0.048115 -0.008054 0.989676
1518195903.774345 -0.004201 -0.479112 0.339302 -0.132075 -0.038228 -0.004978 0.990490
1518195903.880064 0.028146 -0.479547 0.332069 -0.132822 -0.026209 -0.000751 0.990793
1518195903.979604 0.057128 -0.460569 0.320373 -0.130373 -0.015164 0.006082 0.991330
1518195904.078024 0.071116 -0.448739 0.297280 -0.128571 -0.005382 0.011893 0.991614
1518195904.176639 0.070730 -0.432610 0.280774 -0.127849 0.002721 0.011607 0.991722
1518195904.275157 0.053441 -0.406424 0.263640 -0.122582 0.003191 0.014623 0.992346
1518195904.380894 0.027517 -0.397982 0.253350 -0.122950 -0.005288 0.011430 0.992333
1518195904.479450 -0.005950 -0.396357 0.245841 -0.122973 -0.015518 0.005801 0.992272
1518195904.578102 -0.043735 -0.410380 0.244523 -0.127232 -0.029549 -0.000152 0.991433
1518195904.676680 -0.073763 -0.420047 0.255324 -0.130616 -0.045290 -0.004080 0.990390
1518195904.775785 -0.096916 -0.442462 0.271833 -0.133181 -0.061309 -0.006195 0.989174
1518195904.874447 -0.105856 -0.460871 0.292027 -0.129578 -0.074282 -0.005133 0.988770
1518195904.980112 -0.099824 -0.485168 0.304706 -0.121743 -0.080312 -0.000683 0.989307
1518195905.078794 -0.081021 -0.496166 0.317832 -0.107417 -0.082217 0.004103 0.990800
1518195905.177437 -0.060004 -0.506779 0.314171 -0.090102 -0.078659 0.007759 0.992791
1518195905.276082 -0.029051 -0.499143 0.307026 -0.071264 -0.078832 0.010055 0.994287
1518195905.374731 -0.007182 -0.482374 0.295824 -0.057363 -0.081549 0.013056 0.994932
1518195905.480172 0.005770 -0.460832 0.277417 -0.051267 -0.080971 0.012732 0.995316
1518195905.578764 0.014564 -0.428335 0.268841 -0.052958 -0.084863 0.012138 0.994910
1518195905.677441 0.022204 -0.394463 0.258292 -0.055514 -0.096195 0.010383 0.993759
1518195905.776736 0.027836 -0.358371 0.244066 -0.051500 -0.112010 0.001051 0.992371
1518195905.875596 0.031058 -0.324598 0.216245 -0.041565 -0.128590 -0.014299 0.990723
1518195905.974458 0.031669 -0.285489 0.191361 -0.027874 -0.150509 -0.034500 0.987613
1518195906.080145 0.028081 -0.250148 0.160530 -0.016208 -0.185698 -0.059370 0.980678
1518195906.171681 0.024888 -0.222207 0.142322 -0.010852 -0.214684 -0.076363 0.973633
