1518196269.771124 -0.000000 -0.000000 -0.000000 -0.000000 -0.000000 -0.000000 1.000000
1518196269.813437 -0.018084 -0.019446 0.001623 0.009543 -0.016263 -0.006564 0.999801
1518196269.972349 -0.117678 -0.050552 0.013720 0.036006 -0.072469 -0.025815 0.996386
1518196270.070860 -0.185027 -0.045063 0.019734 0.035269 -0.112690 -0.024060 0.992713
1518196270.169531 -0.245022 -0.023512 0.027985 0.025406 -0.147925 -0.012786 0.988590
1518196270.268186 -0.278347 0.004605 0.034684 0.009164 -0.167907 0.002519 0.985757
1518196270.366702 -0.304825 0.054852 0.039459 -0.007479 -0.166790 0.012665 0.985883
1518196270.472354 -0.289664 0.106661 0.042960 -0.033509 -0.154663 0.023299 0.987124
1518196270.570961 -0.250616 0.145097 0.039935 -0.063385 -0.133154 0.035792 0.988419
1518196270.669244 -0.197340 0.166675 0.034726 -0.087470 -0.110514 0.050516 0.988728
1518196270.767751 -0.137512 0.166749 0.022136 -0.094022 -0.078429 0.055037 0.990949
1518196270.866353 -0.079854 0.134318 0.011870 -0.084398 -0.045725 0.049192 0.994166
1518196270.971781 -0.035270 0.092456 0.003278 -0.061810 -0.022267 0.038137 0.997110
1518196271.070259 -0.018391 0.051979 0.001793 -0.036983 -0.014390 0.020423 0.999004
1518196271.168764 -0.034574 0.017468 0.002642 -0.016612 -0.021710 0.003275 0.999621
1518196271.266896 -0.071433 -0.005063 0.008200 -0.001428 -0.044186 -0.009781 0.998975
1518196271.372410 -0.120695 -0.011002 0.008745 0.010379 -0.072356 -0.014138 0.997225
1518196271.470999 -0.177950 -0.017647 0.010698 0.011307 -0.084616 -0.014830 0.996239
1518196271.569734 -0.238066 -0.013334 0.006876 0.013685 -0.098006 -0.010282 0.995039
1518196271.667898 -0.287582 -0.013723 0.003269 0.011272 -0.119558 -0.000934 0.992763
1518196271.766471 -0.327032 -0.012825 0.002821 0.004703 -0.129670 0.007862 0.991515
1518196271.872068 -0.349665 -0.008633 0.001683 0.000026 -0.137800 0.015999 0.990331
1518196271.970619 -0.356377 -0.005167 0.006995 -0.001882 -0.135789 0.018802 0.990558
1518196272.069170 -0.332128 -0.000053 0.019884 -0.006086 -0.132450 0.020340 0.990962
1518196272.167741 -0.284337 0.010405 0.035972 -0.017229 -0.119589 0.015916 0.992546
1518196272.266237 -0.226947 0.024206 0.055299 -0.029119 -0.102773 0.012828 0.994196
1518196272.371384 -0.163524 0.030358 0.074833 -0.038219 -0.083172 0.008630 0.995765
1518196272.471511 -0.090693 0.037805 0.092527 -0.042649 -0.061283 0.006024 0.997191
1518196272.569933 -0.037731 0.032884 0.110042 -0.046512 -0.051814 0.006517 0.997552
1518196272.668587 -0.019176 0.015880 0.128021 -0.040043 -0.049702 0.001721 0.997960
1518196272.767118 -0.022475 -0.003375 0.142313 -0.025530 -0.053100 -0.003756 0.998256
1518196272.872928 -0.021051 -0.030284 0.165981 -0.009966 -0.066511 -0.005845 0.997719
1518196272.971386 -0.042820 -0.041252 0.187911 0.006138 -0.076498 -0.004125 0.997042
1518196273.070161 -0.069404 -0.042435 0.202175 0.012918 -0.088149 -0.002867 0.996019
1518196273.168574 -0.096276 -0.038443 0.200089 0.009068 -0.096504 0.001976 0.995289
1518196273.267219 -0.119451 -0.026507 0.187651 -0.004014 -0.092463 0.005278 0.995694
1518196273.373007 -0.140013 -0.010908 0.151972 -0.018237 -0.095436 0.005597 0.995253
1518196273.471672 -0.169425 0.010532 0.105946 -0.022929 -0.103382 0.002555 0.994374
1518196273.570135 -0.202637 0.020978 0.059999 -0.030726 -0.116247 0.001026 0.992745
1518196273.668862 -0.234227 0.034863 0.024097 -0.033994 -0.125623 0.007694 0.991466
1518196273.767411 -0.265687 0.044492 -0.005394 -0.033620 -0.136263 0.018942 0.989921
1518196273.872880 -0.306768 0.044786 -0.022297 -0.033384 -0.148270 0.024518 0.988079
1518196273.971515 -0.343074 0.040881 -0.032358 -0.029066 -0.170083 0.032614 0.984461
1518196274.070201 -0.347878 0.026473 -0.030760 -0.019304 -0.184496 0.052348 0.981248
1518196274.168937 -0.328695 -0.000051 -0.020374 -0.002550 -0.191435 0.089836 0.977382
1518196274.267555 -0.288784 -0.009540 -0.017693 0.019211 -0.189343 0.136856 0.972137
1518196274.366052 -0.238591 -0.011644 -0.011566 0.040075 -0.176168 0.161858 0.970134
1518196274.471594 -0.199363 -0.003893 -0.014424 0.053749 -0.159872 0.155402 0.973346
1518196274.570209 -0.173003 0.004738 -0.005106 0.049328 -0.148690 0.135555 0.978306
1518196274.668724 -0.147786 0.011628 0.009991 0.027314 -0.141989 0.099291 0.984497
1518196274.767834 -0.147771 0.027600 0.028820 -0.002360 -0.129826 0.041137 0.990680
1518196274.866489 -0.144454 0.056380 0.044521 -0.033978 -0.124196 -0.020323 0.991468
1518196274.971997 -0.148252 0.089854 0.061926 -0.065522 -0.114165 -0.075620 0.988410
1518196275.070593 -0.152056 0.125863 0.079035 -0.087973 -0.092162 -0.117214 0.984900
1518196275.169188 -0.153144 0.152616 0.098440 -0.110445 -0.078082 -0.154708 0.978658
1518196275.267940 -0.159478 0.171349 0.105607 -0.124593 -0.082615 -0.174918 0.973167
1518196275.366428 -0.159106 0.156109 0.097416 -0.116458 -0.099995 -0.151585 0.976453
1518196275.472142 -0.176630 0.127758 0.081908 -0.072199 -0.088588 -0.097960 0.988607
1518196275.570482 -0.174621 0.086442 0.060356 -0.027187 -0.085332 -0.037469 0.995277
1518196275.669002 -0.181819 0.053574 0.036591 0.011996 -0.083744 0.018808 0.996238
1518196275.767705 -0.195800 0.033862 0.017715 0.037264 -0.077268 0.056391 0.994717
1518196275.866229 -0.229670 0.028849 -0.013895 0.053049 -0.078435 0.071251 0.992954
1518196275.971964 -0.268436 0.033838 -0.042860 0.060227 -0.085722 0.075651 0.991616
1518196276.070373 -0.302272 0.042952 -0.065148 0.061382 -0.099852 0.093881 0.988660
1518196276.169057 -0.317404 0.051894 -0.065682 0.054481 -0.104185 0.123050 0.985412
1518196276.267769 -0.305668 0.065599 -0.056855 0.039281 -0.098036 0.138035 0.984780
1518196276.366482 -0.269968 0.076073 -0.046351 0.036692 -0.077953 0.140709 0.986295
1518196276.472096 -0.229781 0.080454 -0.019567 0.034101 -0.059575 0.125569 0.989707
1518196276.570775 -0.194579 0.086321 0.009880 0.027818 -0.054855 0.097965 0.993287
1518196276.669765 -0.156564 0.083781 0.041571 0.021971 -0.050373 0.065609 0.996331
1518196276.768317 -0.102782 0.077846 0.063193 0.027384 -0.056647 0.042750 0.997103
1518196276.867033 -0.103761 0.054845 0.086642 0.037192 -0.059839 0.019936 0.997316
1518196276.965807 -0.121285 0.025146 0.098779 0.046170 -0.072069 -0.004489 0.996320
1518196277.071554 -0.152593 0.011252 0.093512 0.058651 -0.095753 -0.021012 0.993454
1518196277.170079 -0.195758 0.025537 0.084592 0.068431 -0.115074 -0.023748 0.990713
1518196277.268980 -0.240642 0.056375 0.078258 0.068617 -0.128759 -0.015896 0.989172
1518196277.367569 -0.276509 0.103476 0.072864 0.057440 -0.132732 -0.002743 0.989482
1518196277.466248 -0.294462 0.154073 0.070154 0.038989 -0.126990 0.011445 0.991071
1518196277.571931 -0.281621 0.207375 0.065748 0.016867 -0.108067 0.031012 0.993517
1518196277.670805 -0.258200 0.246470 0.059267 -0.009317 -0.075260 0.045154 0.996098
1518196277.769384 -0.230108 0.252319 0.042130 -0.036626 -0.042121 0.050463 0.997165
1518196277.868003 -0.206316 0.233033 0.020138 -0.057297 -0.017158 0.045471 0.997173
1518196277.966422 -0.177117 0.188617 -0.000178 -0.065601 -0.003856 0.038109 0.997111
1518196278.072131 -0.149374 0.128378 -0.002060 -0.070649 -0.005357 0.029804 0.997042
1518196278.170776 -0.139084 0.058259 0.010032 -0.083588 -0.021141 0.024294 0.995980
1518196278.269339 -0.143842 0.006662 0.028633 -0.085235 -0.040504 0.008538 0.995501
1518196278.367914 -0.159602 -0.034034 0.041035 -0.073329 -0.062793 -0.014691 0.995221
1518196278.466326 -0.192554 -0.057954 0.050899 -0.062523 -0.081198 -0.035398 0.994105
1518196278.572118 -0.232690 -0.048969 0.063617 -0.058192 -0.103015 -0.050149 0.991709
1518196278.670876 -0.261789 -0.026212 0.075854 -0.069150 -0.121656 -0.052784 0.988753
1518196278.769501 -0.281664 0.008587 0.083898 -0.086401 -0.135948 -0.038775 0.986179
1518196278.867935 -0.279745 0.046937 0.082503 -0.103974 -0.143445 -0.019784 0.983982
1518196278.966584 -0.272876 0.085245 0.073343 -0.125089 -0.130372 0.000230 0.983543
1518196279.072269 -0.226571 0.105726 0.062022 -0.149101 -0.104668 0.018314 0.983096
1518196279.170604 -0.180926 0.106710 0.057668 -0.168303 -0.076666 0.026809 0.982384
1518196279.269308 -0.139988 0.097786 0.061372 -0.165430 -0.047992 0.017154 0.984904
1518196279.368364 -0.106659 0.075557 0.076823 -0.152216 -0.031401 0.009619 0.987801
1518196279.466927 -0.074328 0.053174 0.100700 -0.138926 -0.026864 0.002883 0.989934
1518196279.565665 -0.055676 0.029848 0.131716 -0.129056 -0.017926 -0.004722 0.991464
1518196279.671396 -0.044135 0.011132 0.165463 -0.123362 -0.015248 -0.002640 0.992241
1518196279.770079 -0.045514 0.009260 0.176741 -0.116650 -0.017807 -0.001967 0.993011
1518196279.868608 -0.071640 0.012800 0.181999 -0.113141 -0.036671 -0.002613 0.992899
1518196279.967251 -0.124199 0.011926 0.178622 -0.121816 -0.057183 -0.008853 0.990865
1518196280.072929 -0.186895 0.013647 0.161018 -0.132001 -0.086724 -0.013724 0.987353
1518196280.171598 -0.248637 0.011630 0.136134 -0.135139 -0.121671 -0.016150 0.983195
1518196280.270181 -0.300506 0.011470 0.110252 -0.131010 -0.152675 -0.011532 0.979486
1518196280.368858 -0.339314 0.011926 0.086002 -0.124423 -0.179878 -0.004501 0.975778
1518196280.467504 -0.361500 0.012025 0.066079 -0.109226 -0.187255 -0.012456 0.976141
1518196280.573343 -0.343754 0.003932 0.066839 -0.100006 -0.186179 -0.009983 0.977362
1518196280.671751 -0.300439 0.011697 0.080620 -0.100075 -0.166750 0.005512 0.980892
1518196280.770101 -0.240380 0.018676 0.108751 -0.103301 -0.138266 0.008120 0.984960
1518196280.868700 -0.180050 0.025645 0.134198 -0.101792 -0.107243 -0.000562 0.989008
1518196280.967311 -0.120355 0.029366 0.161301 -0.098477 -0.078792 -0.011614 0.991947
1518196281.072972 -0.058571 0.030583 0.189730 -0.098612 -0.047909 -0.021492 0.993740
1518196281.171458 -0.008730 0.023197 0.216031 -0.102441 -0.025529 -0.029894 0.993962
1518196281.269942 0.003220 0.008882 0.232515 -0.107521 -0.012188 -0.031328 0.993634
1518196281.368391 0.011767 -0.017233 0.230553 -0.106348 -0.023431 -0.029003 0.993630
1518196281.467046 -0.006016 -0.047767 0.223170 -0.101322 -0.031137 -0.021133 0.994142
1518196281.567425 -0.039731 -0.084296 0.215948 -0.093533 -0.039649 -0.021746 0.994589
1518196281.665911 -0.085315 -0.119239 0.202957 -0.085697 -0.048516 -0.036644 0.994464
1518196281.771656 -0.144688 -0.141961 0.181180 -0.068538 -0.067846 -0.058764 0.993603
1518196281.870687 -0.197199 -0.151493 0.161548 -0.058730 -0.085815 -0.073598 0.991852
1518196281.969332 -0.246183 -0.151595 0.144963 -0.055321 -0.104521 -0.074174 0.990209
1518196282.068017 -0.277970 -0.129377 0.132530 -0.049511 -0.109721 -0.067479 0.990433
1518196282.166582 -0.302681 -0.090736 0.124791 -0.045091 -0.109610 -0.057468 0.991287
1518196282.272110 -0.307302 -0.016149 0.128963 -0.042949 -0.109562 -0.048698 0.991857
1518196282.370772 -0.316356 0.069734 0.132314 -0.048751 -0.107643 -0.043810 0.992027
1518196282.469348 -0.321092 0.153902 0.148441 -0.064410 -0.101851 -0.048327 0.991535
1518196282.568104 -0.318992 0.225551 0.168794 -0.093558 -0.097207 -0.047089 0.989738
1518196282.666430 -0.308188 0.285439 0.179518 -0.121550 -0.095811 -0.035886 0.987298
1518196282.772240 -0.294269 0.306348 0.182271 -0.136514 -0.089499 -0.025043 0.986269
1518196282.871016 -0.288057 0.269297 0.177533 -0.139027 -0.085074 -0.016988 0.986481
1518196282.969639 -0.286815 0.214312 0.169439 -0.131574 -0.077798 -0.016114 0.988117
1518196283.068164 -0.284990 0.130764 0.159629 -0.126939 -0.070837 -0.017293 0.989227
1518196283.166932 -0.278003 0.035700 0.155804 -0.121443 -0.053322 -0.025708 0.990832
1518196283.272227 -0.281752 -0.048760 0.155751 -0.110470 -0.040092 -0.031092 0.992584
1518196283.370767 -0.284223 -0.106591 0.163250 -0.103489 -0.036707 -0.031172 0.993464
1518196283.469534 -0.283574 -0.133795 0.179579 -0.094793 -0.031345 -0.033152 0.994451
1518196283.568216 -0.289973 -0.127994 0.193302 -0.079151 -0.027484 -0.037915 0.995762
1518196283.666780 -0.295061 -0.087186 0.210400 -0.069839 -0.037200 -0.038331 0.996127
1518196283.772310 -0.301997 -0.008574 0.223177 -0.063257 -0.035481 -0.038830 0.996610
1518196283.871080 -0.309546 0.084777 0.230352 -0.062738 -0.031798 -0.042170 0.996632
1518196283.969770 -0.311398 0.163219 0.231040 -0.070394 -0.037485 -0.039345 0.996038
1518196284.068387 -0.309873 0.220855 0.239043 -0.092481 -0.040543 -0.030569 0.994419
1518196284.166990 -0.280535 0.254412 0.241741 -0.121094 -0.035557 -0.013740 0.991909
1518196284.273062 -0.245011 0.251925 0.233394 -0.138878 -0.031194 0.002562 0.989815
1518196284.371648 -0.255773 0.221746 0.222936 -0.133018 -0.019551 0.006101 0.990902
1518196284.470295 -0.271834 0.169207 0.207804 -0.108585 -0.016130 -0.007780 0.993926
1518196284.568881 -0.306574 0.118271 0.187096 -0.072495 -0.032493 -0.023080 0.996572
1518196284.667511 -0.356243 0.078329 0.167787 -0.048271 -0.069573 -0.042207 0.995514
1518196284.745033 -0.397553 0.069697 0.154287 -0.036799 -0.102921 -0.052685 0.992611
