1518196817.960370 -0.000000 -0.000000 -0.000000 -0.000000 -0.000000 -0.000000 1.000000
1518196818.010400 -0.000000 -0.000000 -0.000000 -0.000000 -0.000000 -0.000000 1.000000
1518196818.060370 -0.000000 -0.000000 -0.000000 -0.000000 -0.000000 -0.000000 1.000000
1518196818.110396 0.008647 0.005991 -0.052470 0.014772 0.009235 0.006278 0.999829
1518196818.160383 0.008647 0.005991 -0.052470 0.014772 0.009235 0.006278 0.999829
1518196818.210371 0.008647 0.005991 -0.052470 0.014772 0.009235 0.006278 0.999829
1518196818.260375 0.008447 0.003366 -0.058244 0.017702 0.025747 0.006980 0.999487
1518196818.310390 0.008447 0.003366 -0.058244 0.017702 0.025747 0.006980 0.999487
1518196818.360404 0.008447 0.003366 -0.058244 0.017702 0.025747 0.006980 0.999487
1518196818.410374 0.008447 0.003366 -0.058244 0.017702 0.025747 0.006980 0.999487
1518196818.460377 0.008447 0.003366 -0.058244 0.017702 0.025747 0.006980 0.999487
1518196818.810371 0.050784 -0.046567 0.171030 -0.018639 0.031403 0.013394 0.999243
1518196818.860382 0.050784 -0.046567 0.171030 -0.018639 0.031403 0.013394 0.999243
1518196818.910369 0.050784 -0.046567 0.171030 -0.018639 0.031403 0.013394 0.999243
1518196818.960371 0.069533 -0.067424 0.249013 -0.028001 0.033308 0.017157 0.998905
1518196819.010369 0.069533 -0.067424 0.249013 -0.028001 0.033308 0.017157 0.998905
1518196819.060377 0.069533 -0.067424 0.249013 -0.028001 0.033308 0.017157 0.998905
1518196819.110370 0.085867 -0.082325 0.311588 -0.034312 0.033746 0.020759 0.998626
1518196819.160374 0.085867 -0.082325 0.311588 -0.034312 0.033746 0.020759 0.998626
1518196819.210374 0.085867 -0.082325 0.311588 -0.034312 0.033746 0.020759 0.998626
1518196819.260384 0.092172 -0.084289 0.371529 -0.054443 0.035911 0.022516 0.997617
1518196819.310385 0.092172 -0.084289 0.371529 -0.054443 0.035911 0.022516 0.997617
1518196819.360374 0.089123 -0.076360 0.403580 -0.068522 0.031190 0.021821 0.996923
1518196819.410375 0.087051 -0.072052 0.419031 -0.076520 0.027169 0.021584 0.996464
1518196819.460371 0.084817 -0.063880 0.432070 -0.083362 0.022327 0.021593 0.996035
1518196819.510369 0.085263 -0.057650 0.443959 -0.092156 0.018954 0.022682 0.995306
1518196819.560374 0.085997 -0.051863 0.454528 -0.102501 0.017771 0.025066 0.994258
1518196819.610370 0.089095 -0.043932 0.461002 -0.111329 0.017841 0.029211 0.993194
1518196819.660371 0.094725 -0.036366 0.468909 -0.119267 0.019388 0.033834 0.992096
1518196819.710369 0.106046 -0.027588 0.475334 -0.126620 0.022091 0.037773 0.990986
1518196819.760373 0.116610 -0.020725 0.482721 -0.134475 0.027593 0.041789 0.989651
1518196819.810369 0.130611 -0.017853 0.486992 -0.143027 0.034324 0.045309 0.988085
1518196819.860375 0.142075 -0.012247 0.494307 -0.146965 0.044941 0.049860 0.986861
1518196819.910369 0.154803 -0.011679 0.499398 -0.151204 0.053778 0.054267 0.985546
1518196819.960411 0.169349 -0.010550 0.501285 -0.151404 0.060212 0.056117 0.985039
1518196820.010372 0.180080 -0.016620 0.506986 -0.151505 0.068172 0.057523 0.984424
1518196820.060371 0.187183 -0.023214 0.509046 -0.148555 0.074882 0.057425 0.984392
1518196820.110381 0.194402 -0.034587 0.510454 -0.146293 0.078036 0.056696 0.984527
1518196820.160371 0.196616 -0.045536 0.513372 -0.142065 0.078956 0.053581 0.985248
1518196820.210370 0.194421 -0.054990 0.514666 -0.135157 0.078415 0.052041 0.986345
1518196820.260368 0.189167 -0.065689 0.514591 -0.128841 0.075288 0.047866 0.987644
1518196820.310375 0.183914 -0.073624 0.515590 -0.121939 0.069500 0.042387 0.989194
1518196820.360370 0.175246 -0.079473 0.516664 -0.115333 0.063339 0.039247 0.990528
1518196820.410369 0.162561 -0.087046 0.516706 -0.111921 0.056761 0.034333 0.991500
1518196820.460379 0.149194 -0.090917 0.517306 -0.108405 0.048346 0.029407 0.992495
1518196820.510369 0.133820 -0.094337 0.516933 -0.106650 0.039521 0.025047 0.993195
1518196820.560375 0.119467 -0.093568 0.516555 -0.105630 0.030404 0.019257 0.993754
1518196820.610368 0.106453 -0.090264 0.515556 -0.104796 0.021878 0.015247 0.994136
1518196820.660369 0.094973 -0.086337 0.512440 -0.105421 0.014024 0.012292 0.994253
1518196820.710368 0.080846 -0.082801 0.510162 -0.108992 0.009039 0.009298 0.993958
1518196820.760369 0.073189 -0.073893 0.508334 -0.111930 0.003059 0.007318 0.993685
1518196820.810369 0.067696 -0.067539 0.507860 -0.119087 -0.000347 0.005412 0.992869
1518196820.860369 0.066519 -0.058426 0.507233 -0.125599 -0.001556 0.005709 0.992064
1518196820.910369 0.067116 -0.049027 0.507759 -0.132492 0.000766 0.005907 0.991166
1518196820.960377 0.069028 -0.040945 0.506751 -0.138544 0.006623 0.008327 0.990299
1518196821.010368 0.080975 -0.034236 0.505298 -0.142268 0.012055 0.011996 0.989682
1518196821.060372 0.096189 -0.029722 0.503477 -0.144272 0.020949 0.017357 0.989164
1518196821.110372 0.112131 -0.029421 0.500387 -0.146004 0.031941 0.023953 0.988478
1518196821.160367 0.128598 -0.028250 0.498755 -0.145533 0.046276 0.029811 0.987821
1518196821.210377 0.146698 -0.032519 0.494095 -0.144795 0.058945 0.035327 0.987072
1518196821.260367 0.160794 -0.039611 0.491652 -0.142562 0.070180 0.038568 0.986541
1518196821.310378 0.171489 -0.049188 0.489363 -0.137714 0.077995 0.041454 0.986526
1518196821.360372 0.178115 -0.059297 0.486482 -0.129245 0.083409 0.041360 0.987233
1518196821.410383 0.176887 -0.073972 0.480708 -0.119092 0.086237 0.038565 0.988379
1518196821.460368 0.174793 -0.085904 0.479061 -0.106534 0.084861 0.035974 0.990028
1518196821.510372 0.165286 -0.099218 0.475038 -0.095290 0.081039 0.032000 0.991629
1518196821.560367 0.155614 -0.111515 0.471061 -0.085567 0.072980 0.028713 0.993241
1518196821.610367 0.142322 -0.121584 0.470502 -0.078072 0.063509 0.025396 0.994599
1518196821.660378 0.125104 -0.132029 0.466647 -0.073522 0.052475 0.020265 0.995706
1518196821.710373 0.108859 -0.138076 0.464489 -0.068904 0.039857 0.017732 0.996669
1518196821.760375 0.089635 -0.140404 0.462957 -0.064530 0.027122 0.012253 0.997472
1518196821.810368 0.071339 -0.142475 0.460415 -0.061760 0.013672 0.008765 0.997959
1518196821.860374 0.053188 -0.141780 0.457262 -0.060119 -0.000075 0.004912 0.998179
1518196821.910369 0.034528 -0.139740 0.454095 -0.060242 -0.014549 -0.000526 0.998078
1518196821.960366 0.014210 -0.133885 0.449415 -0.061342 -0.027108 -0.006488 0.997728
1518196822.010367 -0.003275 -0.127299 0.445549 -0.064753 -0.039864 -0.012283 0.997029
1518196822.060368 -0.020787 -0.118598 0.440267 -0.070350 -0.049512 -0.018365 0.996124
1518196822.110368 -0.030090 -0.104223 0.436920 -0.074998 -0.055020 -0.021706 0.995428
1518196822.160374 -0.038769 -0.093808 0.434249 -0.083451 -0.058393 -0.024499 0.994498
1518196822.210373 -0.041800 -0.077622 0.429939 -0.088000 -0.061721 -0.025304 0.993884
1518196822.260366 -0.040757 -0.065130 0.428424 -0.094812 -0.061646 -0.024369 0.993286
1518196822.310367 -0.039531 -0.053968 0.424266 -0.101946 -0.058055 -0.025963 0.992755
1518196822.360376 -0.037630 -0.047363 0.422731 -0.109634 -0.050142 -0.023306 0.992433
1518196822.410367 -0.029736 -0.041330 0.422940 -0.115485 -0.042488 -0.021807 0.992161
1518196822.460367 -0.020925 -0.039009 0.421545 -0.120345 -0.035846 -0.019938 0.991884
1518196822.510371 -0.013719 -0.040930 0.422007 -0.123948 -0.028534 -0.019422 0.991688
1518196822.560367 -0.006903 -0.041699 0.419922 -0.122459 -0.021658 -0.019387 0.992048
1518196822.610366 -0.002163 -0.045368 0.417494 -0.118669 -0.014073 -0.020566 0.992621
1518196822.660366 0.002101 -0.057561 0.415170 -0.116464 -0.008071 -0.022938 0.992897
1518196822.710367 0.006356 -0.064284 0.413227 -0.108967 -0.004431 -0.021136 0.993811
1518196822.760373 0.006117 -0.076526 0.413753 -0.103251 -0.003252 -0.020791 0.994433
1518196822.810374 0.006028 -0.084888 0.412696 -0.094664 -0.005647 -0.019076 0.995310
1518196822.860375 0.001624 -0.095527 0.415569 -0.088069 -0.009021 -0.019575 0.995881
1518196822.910367 -0.010722 -0.106839 0.415655 -0.083167 -0.013231 -0.020999 0.996226
1518196822.960366 -0.023478 -0.114573 0.418116 -0.078661 -0.020748 -0.023767 0.996402
1518196823.010365 -0.040950 -0.120468 0.420016 -0.075152 -0.026883 -0.025974 0.996471
1518196823.060368 -0.054869 -0.122886 0.423876 -0.072366 -0.036432 -0.028695 0.996299
1518196823.110369 -0.075030 -0.126574 0.426550 -0.072448 -0.045528 -0.032046 0.995817
1518196823.160367 -0.092695 -0.124397 0.426328 -0.072789 -0.054484 -0.035506 0.995225
1518196823.210370 -0.111108 -0.122060 0.429759 -0.076415 -0.061421 -0.038910 0.994422
1518196823.260369 -0.126100 -0.112168 0.432836 -0.078639 -0.068432 -0.042138 0.993659
1518196823.310365 -0.138376 -0.105062 0.434770 -0.082547 -0.075771 -0.044256 0.992717
1518196823.360365 -0.148915 -0.096204 0.434471 -0.086546 -0.081377 -0.046434 0.991832
1518196823.410373 -0.157602 -0.086455 0.433496 -0.090814 -0.083833 -0.048214 0.991161
1518196823.460369 -0.162667 -0.080120 0.431523 -0.096297 -0.083938 -0.048832 0.990604
1518196823.510366 -0.160715 -0.069805 0.431881 -0.100287 -0.083083 -0.049260 0.990259
1518196823.560376 -0.158931 -0.066227 0.428694 -0.105740 -0.079476 -0.047398 0.990079
1518196823.610366 -0.153785 -0.056489 0.426438 -0.106343 -0.073341 -0.045037 0.990598
1518196823.660373 -0.146685 -0.057666 0.425062 -0.110460 -0.066655 -0.039476 0.990857
1518196823.710374 -0.138604 -0.058507 0.425730 -0.112385 -0.057894 -0.035650 0.991336
1518196823.760369 -0.125637 -0.059468 0.423387 -0.111178 -0.051294 -0.030871 0.991996
1518196823.810368 -0.116283 -0.063921 0.423725 -0.109375 -0.045207 -0.027813 0.992582
1518196823.860365 -0.109873 -0.070499 0.422609 -0.105419 -0.038985 -0.025431 0.993338
1518196823.910365 -0.105916 -0.079359 0.421076 -0.100651 -0.034807 -0.026093 0.993970
1518196823.960368 -0.106764 -0.089109 0.420250 -0.093452 -0.031282 -0.027956 0.994739
1518196824.010369 -0.108369 -0.101374 0.416398 -0.085473 -0.032653 -0.031462 0.995308
1518196824.060376 -0.112514 -0.111829 0.415539 -0.077524 -0.036244 -0.035972 0.995682
1518196824.110364 -0.124089 -0.123423 0.411311 -0.069100 -0.040959 -0.040518 0.995945
1518196824.160366 -0.135213 -0.132919 0.408044 -0.061697 -0.049631 -0.045285 0.995831
1518196824.210365 -0.152254 -0.136130 0.404298 -0.052989 -0.060199 -0.051116 0.995467
1518196824.260366 -0.172297 -0.142381 0.403031 -0.049851 -0.072829 -0.058506 0.994378
1518196824.310372 -0.188486 -0.140385 0.401188 -0.045408 -0.087980 -0.065429 0.992933
1518196824.360365 -0.208158 -0.137760 0.401284 -0.044503 -0.101631 -0.072445 0.991182
1518196824.410367 -0.228479 -0.134667 0.400217 -0.046868 -0.113708 -0.079080 0.989252
1518196824.460372 -0.241065 -0.128616 0.404129 -0.050923 -0.124560 -0.084640 0.987283
1518196824.510366 -0.256165 -0.119073 0.405927 -0.055492 -0.131358 -0.089749 0.985703
1518196824.560368 -0.266799 -0.110872 0.409810 -0.063395 -0.138344 -0.093456 0.983925
1518196824.610364 -0.277997 -0.101184 0.412449 -0.071752 -0.142899 -0.096268 0.982428
1518196824.660366 -0.283011 -0.091112 0.416317 -0.081324 -0.148546 -0.097230 0.980748
1518196824.710378 -0.287578 -0.084567 0.418586 -0.092059 -0.150455 -0.101170 0.979108
1518196824.760367 -0.288678 -0.074350 0.421245 -0.098735 -0.148082 -0.103893 0.978534
1518196824.810366 -0.290327 -0.066748 0.422799 -0.103911 -0.142569 -0.106212 0.978568
1518196824.860365 -0.284304 -0.058623 0.426324 -0.105620 -0.141163 -0.104109 0.978815
1518196824.910376 -0.278338 -0.056331 0.429068 -0.106908 -0.136745 -0.102481 0.979474
1518196824.960365 -0.266953 -0.062381 0.432725 -0.110191 -0.133609 -0.098141 0.979987
1518196825.010365 -0.252170 -0.067278 0.432603 -0.108318 -0.128172 -0.093221 0.981402
1518196825.060366 -0.243420 -0.073454 0.435521 -0.104681 -0.120309 -0.088980 0.983184
1518196825.110365 -0.239771 -0.081041 0.433550 -0.098250 -0.112895 -0.085625 0.985023
1518196825.160365 -0.239857 -0.088323 0.434234 -0.090674 -0.109018 -0.082887 0.986419
1518196825.210363 -0.237095 -0.100378 0.433928 -0.084488 -0.109177 -0.081068 0.987102
1518196825.260363 -0.240213 -0.110700 0.430803 -0.077052 -0.110075 -0.081889 0.987543
1518196825.310364 -0.248727 -0.118835 0.426954 -0.069093 -0.112461 -0.084280 0.987662
1518196825.360363 -0.257447 -0.125521 0.424671 -0.061724 -0.118922 -0.088048 0.987064
1518196825.410363 -0.269016 -0.129194 0.421795 -0.055361 -0.127188 -0.093956 0.985865
1518196825.460367 -0.280912 -0.134715 0.418589 -0.052041 -0.136923 -0.098764 0.984271
1518196825.510374 -0.298922 -0.135187 0.416502 -0.049598 -0.143970 -0.104594 0.982788
1518196825.560373 -0.309716 -0.133640 0.415966 -0.048299 -0.155480 -0.109238 0.980592
1518196825.610365 -0.324117 -0.130523 0.417655 -0.049725 -0.166275 -0.112278 0.978404
1518196825.660371 -0.337351 -0.125682 0.418968 -0.051566 -0.176308 -0.117665 0.975916
1518196825.710365 -0.349982 -0.118887 0.419370 -0.054177 -0.184294 -0.120841 0.973909
1518196825.760397 -0.360640 -0.112613 0.420781 -0.059758 -0.192679 -0.124130 0.971543
1518196825.810364 -0.368692 -0.104023 0.424090 -0.066672 -0.200105 -0.125323 0.969437
1518196825.860363 -0.375669 -0.094286 0.425249 -0.073532 -0.202407 -0.126595 0.968297
1518196825.910386 -0.377640 -0.085585 0.426839 -0.081318 -0.204689 -0.127198 0.967115
1518196825.960382 -0.378046 -0.075535 0.430743 -0.089165 -0.205810 -0.126029 0.966338
1518196826.010366 -0.371287 -0.067365 0.435350 -0.097731 -0.208440 -0.125463 0.965018
1518196826.060365 -0.364774 -0.063030 0.437109 -0.107529 -0.207502 -0.125024 0.964235
1518196826.110370 -0.358803 -0.054954 0.440557 -0.113689 -0.201587 -0.123103 0.965030
1518196826.160385 -0.347166 -0.046597 0.446336 -0.115998 -0.194768 -0.122176 0.966273
1518196826.210363 -0.334741 -0.046371 0.449249 -0.119776 -0.187228 -0.120443 0.967519
1518196826.260369 -0.318763 -0.050458 0.452781 -0.121867 -0.179839 -0.116845 0.969100
1518196826.310367 -0.306691 -0.052848 0.453380 -0.119657 -0.169107 -0.113557 0.971694
1518196826.360404 -0.293153 -0.061481 0.452798 -0.115446 -0.161345 -0.110069 0.973923
1518196826.410402 -0.282955 -0.069769 0.451432 -0.107500 -0.153422 -0.106806 0.976472
1518196826.460362 -0.270486 -0.080693 0.448276 -0.097418 -0.148247 -0.103733 0.978658
1518196826.510365 -0.263577 -0.091667 0.445686 -0.085931 -0.142416 -0.101584 0.980823
1518196826.560362 -0.259881 -0.103467 0.442174 -0.074777 -0.139127 -0.099881 0.982383
1518196826.610372 -0.257687 -0.119042 0.439831 -0.066856 -0.140484 -0.098442 0.982906
1518196826.660368 -0.255872 -0.129748 0.437268 -0.058530 -0.144634 -0.097054 0.982973
1518196826.710364 -0.263717 -0.137811 0.433491 -0.051772 -0.148000 -0.096989 0.982858
1518196826.760362 -0.271340 -0.141857 0.431167 -0.046722 -0.156228 -0.098192 0.981717
1518196826.810364 -0.285282 -0.145882 0.428702 -0.044206 -0.163457 -0.100737 0.980398
1518196826.860363 -0.297328 -0.141625 0.425222 -0.039777 -0.171067 -0.103415 0.979009
1518196826.910369 -0.309278 -0.141287 0.423478 -0.040204 -0.177821 -0.107247 0.977375
1518196826.960363 -0.322228 -0.139177 0.420709 -0.043216 -0.183854 -0.109736 0.975852
1518196827.010365 -0.336191 -0.132019 0.418536 -0.046362 -0.188494 -0.112308 0.974529
1518196827.060380 -0.347678 -0.121166 0.417873 -0.051140 -0.192069 -0.114885 0.973291
1518196827.110367 -0.357558 -0.111886 0.418932 -0.060203 -0.193968 -0.115975 0.972266
1518196827.160362 -0.364367 -0.100519 0.419129 -0.071029 -0.195726 -0.117785 0.970965
1518196827.210371 -0.366451 -0.087623 0.423175 -0.083315 -0.195408 -0.118888 0.969918
1518196827.260365 -0.366982 -0.075196 0.425705 -0.095917 -0.191734 -0.119727 0.969383
1518196827.310362 -0.364732 -0.060724 0.427708 -0.105684 -0.188637 -0.120398 0.968892
1518196827.360363 -0.360078 -0.048539 0.428335 -0.113788 -0.183534 -0.119272 0.969093
1518196827.410362 -0.349628 -0.037063 0.425461 -0.116762 -0.175944 -0.116062 0.970536
1518196827.460373 -0.334569 -0.032732 0.422207 -0.119636 -0.166098 -0.109775 0.972650
1518196827.510361 -0.312585 -0.030251 0.420927 -0.118637 -0.153550 -0.100827 0.975798
1518196827.560364 -0.289773 -0.028274 0.418317 -0.113889 -0.138834 -0.090696 0.979555
1518196827.610363 -0.265316 -0.031725 0.414370 -0.110886 -0.122984 -0.078671 0.983051
1518196827.660362 -0.239870 -0.035870 0.410612 -0.108638 -0.105928 -0.066777 0.986163
1518196827.710362 -0.211776 -0.036460 0.409488 -0.104222 -0.089221 -0.055456 0.988990
1518196827.760363 -0.189782 -0.040800 0.405008 -0.100769 -0.070313 -0.046468 0.991334
1518196827.810364 -0.166605 -0.050401 0.399421 -0.097182 -0.053734 -0.037251 0.993117
1518196827.860363 -0.148206 -0.057797 0.392250 -0.089276 -0.039811 -0.030173 0.994754
1518196827.910374 -0.127144 -0.067352 0.383128 -0.080173 -0.029663 -0.024283 0.996044
1518196827.960363 -0.114738 -0.075968 0.374726 -0.070138 -0.018761 -0.020727 0.997145
1518196828.010363 -0.102071 -0.089541 0.365065 -0.062098 -0.012826 -0.017363 0.997837
1518196828.060372 -0.095594 -0.102002 0.353912 -0.053387 -0.008507 -0.014778 0.998428
1518196828.110363 -0.096823 -0.114450 0.343776 -0.044671 -0.004474 -0.015170 0.998877
1518196828.160362 -0.097340 -0.120003 0.334007 -0.033809 -0.004947 -0.016540 0.999279
1518196828.210378 -0.098859 -0.127292 0.322637 -0.025696 -0.008100 -0.018060 0.999474
1518196828.260366 -0.105899 -0.126928 0.312243 -0.016682 -0.012929 -0.021182 0.999553
1518196828.310361 -0.117314 -0.122710 0.304732 -0.011047 -0.020279 -0.028119 0.999338
1518196828.360365 -0.131520 -0.120035 0.296999 -0.008946 -0.026381 -0.033885 0.999037
1518196828.410371 -0.140672 -0.115492 0.287058 -0.009673 -0.035241 -0.038160 0.998603
1518196828.460366 -0.150329 -0.102856 0.278221 -0.009872 -0.043797 -0.042806 0.998074
1518196828.510363 -0.159016 -0.091457 0.273363 -0.014222 -0.051111 -0.045530 0.997553
1518196828.560362 -0.165183 -0.075850 0.269662 -0.019023 -0.057155 -0.046256 0.997112
1518196828.610363 -0.168264 -0.059718 0.267849 -0.025464 -0.061751 -0.046451 0.996685
1518196828.660368 -0.168763 -0.048712 0.265317 -0.036099 -0.064485 -0.044314 0.996280
1518196828.710362 -0.167906 -0.033360 0.269519 -0.047129 -0.061862 -0.042366 0.996071
1518196828.760365 -0.164051 -0.022759 0.272400 -0.059529 -0.058032 -0.037777 0.995822
1518196828.810360 -0.158078 -0.006947 0.275524 -0.068323 -0.053228 -0.033627 0.995675
1518196828.860360 -0.144856 0.000167 0.275718 -0.079097 -0.047433 -0.028881 0.995319
1518196828.910362 -0.131346 0.009797 0.277995 -0.086170 -0.039467 -0.022796 0.995237
1518196828.960362 -0.116493 0.014258 0.276192 -0.093024 -0.028363 -0.018214 0.995093
1518196829.010363 -0.102859 0.020130 0.277492 -0.095476 -0.014989 -0.015020 0.995206
1518196829.060362 -0.085031 0.023990 0.276073 -0.095464 -0.003446 -0.011706 0.995358
1518196829.110377 -0.071500 0.022080 0.273606 -0.094791 0.012060 -0.009862 0.995375
1518196829.160362 -0.052318 0.015597 0.269385 -0.092855 0.023880 -0.008001 0.995361
1518196829.210364 -0.038503 0.010737 0.263554 -0.086964 0.032531 -0.006914 0.995656
1518196829.260371 -0.028028 0.000154 0.259519 -0.082326 0.039195 -0.005763 0.995818
1518196829.310372 -0.016020 -0.010121 0.252839 -0.075832 0.043819 -0.006324 0.996137
1518196829.360359 -0.007925 -0.023670 0.252092 -0.070034 0.044710 -0.006043 0.996524
1518196829.410362 -0.005733 -0.041222 0.243080 -0.064177 0.042951 -0.008933 0.996974
1518196829.460359 0.000334 -0.050343 0.239876 -0.054097 0.039918 -0.011129 0.997675
1518196829.510365 -0.001734 -0.060802 0.236492 -0.044428 0.035120 -0.014211 0.998294
1518196829.560368 -0.007439 -0.071059 0.232167 -0.034461 0.029447 -0.017687 0.998816
1518196829.610364 -0.010871 -0.080619 0.226011 -0.023835 0.019334 -0.023413 0.999255
1518196829.660362 -0.022890 -0.084031 0.221602 -0.014263 0.007861 -0.029631 0.999428
1518196829.710377 -0.034672 -0.086792 0.218643 -0.009302 -0.005183 -0.033468 0.999383
1518196829.760360 -0.049283 -0.085461 0.215904 -0.006176 -0.018718 -0.037386 0.999107
