1518195760.341077 -0.000000 -0.000000 -0.000000 -0.000000 -0.000000 -0.000000 1.000000
1518195760.439780 0.009899 -0.032953 -0.001876 0.005884 -0.001184 0.007888 0.999951
1518195760.538510 0.031386 -0.054434 -0.004978 0.010755 0.002388 0.014005 0.999841
1518195760.644209 0.057683 -0.066402 -0.001880 0.011288 0.014930 0.015922 0.999698
1518195760.742832 0.082824 -0.065677 0.002084 0.008072 0.025778 0.013682 0.999541
1518195760.841446 0.104632 -0.049681 0.004284 0.003809 0.035451 0.009484 0.999319
1518195760.940304 0.115941 -0.029564 0.006859 -0.002335 0.043923 0.002116 0.999030
1518195761.038916 0.125971 -0.001421 0.005693 -0.008497 0.048336 -0.004632 0.998784
1518195761.144229 0.132728 0.028622 0.005638 -0.015856 0.048043 -0.008576 0.998683
1518195761.242447 0.122538 0.064518 0.014023 -0.020991 0.048090 -0.012807 0.998540
1518195761.341043 0.106238 0.093798 0.020618 -0.026976 0.041459 -0.017249 0.998627
1518195761.439714 0.081417 0.108392 0.024337 -0.032057 0.029857 -0.022233 0.998793
1518195761.537983 0.050953 0.109924 0.021620 -0.033714 0.015054 -0.026556 0.998965
1518195761.643656 0.016881 0.093180 0.022095 -0.031891 0.001481 -0.028814 0.999075
1518195761.742002 -0.006623 0.066207 0.019296 -0.026446 -0.011585 -0.026934 0.999220
1518195761.840370 -0.022144 0.031910 0.015603 -0.020169 -0.016048 -0.023190 0.999399
1518195761.939079 -0.024521 -0.006460 0.012972 -0.013815 -0.019644 -0.015528 0.999591
1518195762.037691 -0.018100 -0.034928 0.012886 -0.002497 -0.019322 -0.009417 0.999766
1518195762.143396 0.004127 -0.060100 0.004062 0.007621 -0.018321 -0.004942 0.999791
1518195762.241984 0.030141 -0.078491 -0.000447 0.011060 -0.010314 -0.002493 0.999883
1518195762.340358 0.061426 -0.077116 0.002590 0.011830 0.005132 -0.003895 0.999909
1518195762.438950 0.091494 -0.069648 0.003805 0.006729 0.025796 -0.004658 0.999634
1518195762.544616 0.114332 -0.048641 0.006648 -0.002748 0.048312 -0.005572 0.998813
1518195762.643179 0.125441 -0.026083 0.010111 -0.016335 0.063674 -0.007280 0.997811
1518195762.741786 0.126091 0.000234 0.016141 -0.029016 0.072250 -0.005846 0.996947
1518195762.840435 0.110003 0.025159 0.023188 -0.039993 0.070608 -0.001117 0.996702
1518195762.939179 0.085121 0.035970 0.029721 -0.051877 0.062611 0.005240 0.996675
1518195763.044741 0.049955 0.040649 0.038240 -0.059629 0.055929 0.016081 0.996523
1518195763.143394 0.016937 0.033074 0.047248 -0.062729 0.054865 0.029589 0.996082
1518195763.241818 -0.018230 0.024909 0.057332 -0.062348 0.061070 0.042462 0.995279
1518195763.340102 -0.040475 0.005390 0.069779 -0.064498 0.071792 0.053208 0.993909
1518195763.438732 -0.061638 -0.012624 0.078403 -0.065099 0.081501 0.061828 0.992621
1518195763.544366 -0.075984 -0.035798 0.088752 -0.064481 0.085941 0.068636 0.991839
1518195763.643070 -0.092310 -0.059720 0.100872 -0.061144 0.089553 0.075038 0.991267
1518195763.742205 -0.091678 -0.086987 0.106817 -0.056413 0.092560 0.082286 0.990696
1518195763.840733 -0.078984 -0.108733 0.113831 -0.051038 0.105145 0.088889 0.989160
1518195763.939426 -0.063424 -0.118276 0.118459 -0.042868 0.123483 0.095995 0.986762
1518195764.037972 -0.050970 -0.119702 0.119038 -0.038362 0.143779 0.100995 0.983695
1518195764.143784 -0.043114 -0.107301 0.119288 -0.038458 0.163721 0.100985 0.980570
1518195764.242276 -0.046648 -0.088741 0.122692 -0.045419 0.174534 0.099335 0.978574
1518195764.341081 -0.055923 -0.064352 0.126752 -0.050350 0.168644 0.098472 0.979453
1518195764.439639 -0.070370 -0.045037 0.130697 -0.056345 0.159228 0.098842 0.980664
1518195764.538326 -0.091756 -0.032602 0.135742 -0.063635 0.148821 0.099376 0.981798
1518195764.643961 -0.120676 -0.024805 0.145580 -0.068460 0.134683 0.098770 0.983574
1518195764.742657 -0.150103 -0.030436 0.153586 -0.068592 0.120450 0.094143 0.985862
1518195764.842284 -0.178339 -0.040709 0.167097 -0.070223 0.106913 0.088689 0.987812
1518195764.940974 -0.201496 -0.055546 0.178045 -0.069760 0.089318 0.086436 0.989790
1518195765.039485 -0.208567 -0.082239 0.186567 -0.068229 0.085527 0.085353 0.990326
1518195765.138211 -0.208761 -0.107973 0.193380 -0.059751 0.085354 0.084100 0.990995
1518195765.243753 -0.199061 -0.138999 0.195208 -0.050353 0.092450 0.084308 0.990863
1518195765.342357 -0.184279 -0.155262 0.191776 -0.040628 0.105460 0.086403 0.989829
1518195765.441106 -0.161965 -0.160210 0.188210 -0.035413 0.125888 0.088216 0.987480
1518195765.539425 -0.139451 -0.158343 0.178945 -0.036756 0.144686 0.091305 0.984570
1518195765.638066 -0.124012 -0.139899 0.168021 -0.041981 0.162310 0.094349 0.981321
1518195765.743758 -0.112918 -0.111975 0.161798 -0.052488 0.175756 0.098110 0.978125
1518195765.842355 -0.114824 -0.084094 0.161524 -0.063553 0.181934 0.101740 0.975966
1518195765.940952 -0.123286 -0.060079 0.165945 -0.073692 0.179441 0.106195 0.975240
1518195766.039580 -0.143922 -0.037925 0.173026 -0.079086 0.174479 0.111271 0.975152
1518195766.138265 -0.167119 -0.029222 0.183536 -0.082388 0.162709 0.114382 0.976553
1518195766.243877 -0.194412 -0.025437 0.194289 -0.081276 0.148457 0.112834 0.979093
1518195766.342738 -0.222223 -0.032925 0.209664 -0.081953 0.137621 0.107467 0.981221
1518195766.441135 -0.247146 -0.049671 0.221160 -0.082558 0.122931 0.100683 0.983837
1518195766.539732 -0.264095 -0.075134 0.232894 -0.080678 0.113111 0.094728 0.985760
1518195766.638391 -0.272590 -0.105714 0.246736 -0.077782 0.107119 0.089135 0.987183
1518195766.743746 -0.271118 -0.137846 0.248669 -0.069567 0.103781 0.085518 0.988472
1518195766.842721 -0.263038 -0.166714 0.249985 -0.061419 0.109043 0.086185 0.988387
1518195766.941415 -0.242902 -0.183100 0.246612 -0.052717 0.117362 0.088928 0.987694
1518195767.039889 -0.219537 -0.189524 0.240087 -0.047359 0.133023 0.093177 0.985586
1518195767.138545 -0.197465 -0.190102 0.227651 -0.046310 0.149022 0.096181 0.983055
1518195767.244231 -0.177254 -0.175904 0.214621 -0.048455 0.165160 0.096346 0.980353
1518195767.342874 -0.165256 -0.151299 0.206289 -0.053288 0.178640 0.096570 0.977713
1518195767.441715 -0.158925 -0.124451 0.197339 -0.062121 0.185743 0.095764 0.975946
1518195767.540444 -0.164425 -0.092020 0.194675 -0.066651 0.185341 0.096321 0.975668
1518195767.638968 -0.182130 -0.064228 0.195507 -0.069011 0.179919 0.095231 0.976626
1518195767.744784 -0.206995 -0.039990 0.196927 -0.070892 0.169304 0.092889 0.978612
1518195767.843181 -0.239254 -0.029012 0.206479 -0.075652 0.153181 0.089462 0.981228
1518195767.941783 -0.274610 -0.031182 0.219410 -0.081990 0.133977 0.084657 0.983952
1518195768.040430 -0.308151 -0.040360 0.232978 -0.084560 0.113703 0.073201 0.987200
1518195768.138771 -0.335745 -0.061379 0.246274 -0.082369 0.094516 0.063757 0.990059
1518195768.244579 -0.348687 -0.099172 0.255222 -0.078222 0.078105 0.058007 0.992177
1518195768.343001 -0.358252 -0.133787 0.258449 -0.069581 0.068374 0.054194 0.993754
1518195768.442163 -0.355199 -0.166879 0.262577 -0.059530 0.064362 0.053642 0.994704
1518195768.540800 -0.337480 -0.201355 0.259624 -0.051749 0.067821 0.059494 0.994577
1518195768.639478 -0.305861 -0.221941 0.253866 -0.043596 0.078778 0.066576 0.993711
1518195768.738105 -0.267754 -0.232107 0.248054 -0.037925 0.097673 0.075934 0.991592
1518195768.843824 -0.222354 -0.231638 0.238907 -0.037659 0.118890 0.084574 0.988582
1518195768.942618 -0.192594 -0.216957 0.229709 -0.042025 0.139354 0.087924 0.985436
1518195769.041978 -0.173014 -0.187051 0.220338 -0.047675 0.153485 0.087885 0.983080
1518195769.140328 -0.164976 -0.152477 0.215961 -0.056277 0.165886 0.088408 0.980560
1518195769.238773 -0.163700 -0.117420 0.217792 -0.066204 0.171262 0.091115 0.978767
1518195769.344389 -0.179182 -0.087297 0.225831 -0.079158 0.168116 0.093970 0.978080
1518195769.443043 -0.202749 -0.068560 0.235670 -0.090453 0.157222 0.098157 0.978501
1518195769.541699 -0.232601 -0.059702 0.246756 -0.097435 0.142821 0.101237 0.979724
1518195769.640117 -0.262601 -0.064696 0.261677 -0.102830 0.130656 0.104705 0.980506
1518195769.738432 -0.289078 -0.077668 0.274173 -0.104402 0.123474 0.107945 0.980919
1518195769.844261 -0.308416 -0.106831 0.282349 -0.101605 0.122118 0.115696 0.980499
1518195769.942610 -0.313596 -0.130029 0.283496 -0.094730 0.126101 0.124596 0.979592
1518195770.041115 -0.312592 -0.150911 0.282505 -0.087335 0.135143 0.133081 0.977956
1518195770.139928 -0.304611 -0.170990 0.275626 -0.079126 0.144055 0.140296 0.976373
1518195770.238481 -0.289994 -0.179537 0.267423 -0.068131 0.156766 0.143667 0.974752
1518195770.344300 -0.275486 -0.185253 0.250325 -0.053058 0.177163 0.145550 0.971912
1518195770.443016 -0.262953 -0.176261 0.237378 -0.040869 0.194521 0.146715 0.969003
1518195770.541584 -0.259333 -0.160004 0.235005 -0.041944 0.215790 0.147196 0.964370
1518195770.640239 -0.262676 -0.140601 0.244526 -0.050827 0.224702 0.149816 0.961499
1518195770.738904 -0.274443 -0.120473 0.265304 -0.059916 0.231733 0.153917 0.958655
1518195770.844081 -0.291097 -0.104160 0.292693 -0.066079 0.232580 0.162298 0.956661
1518195770.942833 -0.308727 -0.096272 0.318255 -0.069253 0.228278 0.169735 0.956182
1518195771.041162 -0.326622 -0.099056 0.340967 -0.071356 0.215214 0.176680 0.957797
1518195771.139740 -0.345836 -0.113139 0.363511 -0.070840 0.207289 0.177917 0.959353
1518195771.239609 -0.358027 -0.139249 0.377829 -0.067938 0.201217 0.175744 0.961255
1518195771.338206 -0.367927 -0.166548 0.385626 -0.061991 0.200278 0.172669 0.962409
1518195771.443807 -0.365447 -0.194314 0.389175 -0.054351 0.198810 0.168975 0.963830
1518195771.542520 -0.355310 -0.222207 0.384585 -0.048793 0.203386 0.168601 0.963238
1518195771.641004 -0.332429 -0.238275 0.375990 -0.042024 0.214131 0.170309 0.960925
1518195771.739683 -0.307572 -0.243577 0.364832 -0.035097 0.233754 0.172087 0.956302
1518195771.838283 -0.283492 -0.241962 0.352313 -0.032446 0.256789 0.174218 0.950081
1518195771.943877 -0.267715 -0.228729 0.341566 -0.033415 0.278844 0.176092 0.943462
1518195772.042860 -0.262376 -0.204510 0.337174 -0.038091 0.292282 0.178093 0.938831
1518195772.141385 -0.260222 -0.184184 0.336698 -0.047979 0.298912 0.182973 0.935345
1518195772.239850 -0.270169 -0.160504 0.347516 -0.056609 0.298916 0.189296 0.933601
1518195772.338516 -0.286311 -0.141318 0.364442 -0.064563 0.292832 0.195541 0.933726
1518195772.443900 -0.309001 -0.131145 0.379745 -0.069846 0.276000 0.199762 0.937572
1518195772.542547 -0.333430 -0.135404 0.397166 -0.074032 0.257515 0.199432 0.942567
1518195772.641779 -0.352797 -0.147618 0.415282 -0.076362 0.237502 0.194868 0.948572
1518195772.740432 -0.368587 -0.168300 0.429354 -0.074478 0.221702 0.185918 0.954325
1518195772.839080 -0.372003 -0.194044 0.437897 -0.071049 0.207453 0.175784 0.959695
1518195772.944512 -0.368474 -0.219625 0.441531 -0.064120 0.197640 0.165735 0.964033
1518195773.042943 -0.355944 -0.242200 0.439826 -0.057998 0.190650 0.158175 0.967093
1518195773.141582 -0.336941 -0.255791 0.432306 -0.050896 0.189721 0.150767 0.968858
1518195773.240156 -0.311604 -0.262720 0.421725 -0.044847 0.189616 0.146788 0.969788
1518195773.338848 -0.286668 -0.261637 0.401687 -0.039970 0.185300 0.140615 0.971748
1518195773.444503 -0.259446 -0.261911 0.376881 -0.036841 0.177807 0.136847 0.973807
1518195773.543203 -0.234118 -0.258239 0.354564 -0.039526 0.163742 0.129217 0.977205
1518195773.641646 -0.206961 -0.246594 0.334648 -0.042834 0.145260 0.120079 0.981145
1518195773.740263 -0.182932 -0.240713 0.316408 -0.049329 0.128643 0.108460 0.984507
1518195773.838769 -0.158090 -0.227987 0.300759 -0.055233 0.107353 0.098213 0.987815
1518195773.944591 -0.134219 -0.218505 0.286307 -0.062721 0.082721 0.086624 0.990818
1518195774.043276 -0.117709 -0.205978 0.278741 -0.066250 0.068256 0.072620 0.992813
1518195774.141942 -0.101016 -0.193005 0.275629 -0.064304 0.049982 0.062357 0.994725
1518195774.240294 -0.085459 -0.187804 0.276438 -0.064961 0.034452 0.053748 0.995844
1518195774.338737 -0.067882 -0.185774 0.280530 -0.066146 0.023455 0.045894 0.996478
1518195774.444023 -0.052109 -0.183636 0.290806 -0.066957 0.011317 0.040064 0.996887
1518195774.542693 -0.031463 -0.197785 0.297989 -0.069003 -0.001023 0.035465 0.996985
1518195774.641432 -0.015447 -0.208287 0.308822 -0.066742 -0.000119 0.026633 0.997415
1518195774.740112 0.008768 -0.220659 0.311167 -0.061819 -0.004901 0.023569 0.997797
1518195774.838653 0.050567 -0.222672 0.307761 -0.055275 -0.007523 0.024423 0.998144
1518195774.944465 0.097619 -0.215586 0.297019 -0.051598 0.001453 0.024265 0.998372
1518195775.043346 0.133186 -0.193918 0.288704 -0.053286 0.009274 0.020332 0.998329
1518195775.142012 0.147355 -0.161973 0.282776 -0.061405 0.014295 0.012413 0.997933
1518195775.240270 0.155762 -0.130351 0.281943 -0.069872 0.003945 0.004032 0.997540
1518195775.338887 0.149797 -0.104205 0.276340 -0.075004 -0.009595 0.000391 0.997137
1518195775.444489 0.129799 -0.091058 0.271152 -0.081320 -0.033305 0.001098 0.996131
1518195775.542757 0.107375 -0.099712 0.267460 -0.087169 -0.054127 -0.000860 0.994722
1518195775.641261 0.088129 -0.120979 0.268510 -0.086250 -0.071869 -0.005898 0.993660
1518195775.739878 0.085967 -0.151014 0.266039 -0.077776 -0.077959 -0.001457 0.993917
1518195775.838411 0.095220 -0.185933 0.266378 -0.068415 -0.082701 0.010859 0.994164
1518195775.944187 0.118896 -0.207468 0.263394 -0.054947 -0.071458 0.018012 0.995766
1518195776.042596 0.154268 -0.211348 0.257400 -0.046636 -0.059287 0.021712 0.996915
1518195776.141037 0.183164 -0.197456 0.256735 -0.044674 -0.034753 0.016869 0.998254
1518195776.239736 0.205951 -0.168302 0.253456 -0.050925 -0.016712 0.009269 0.998520
1518195776.338171 0.212504 -0.133189 0.254140 -0.065234 0.002492 0.001864 0.997865
1518195776.443937 0.210179 -0.099590 0.255648 -0.083531 -0.003273 0.004679 0.996489
1518195776.542385 0.199435 -0.083021 0.252815 -0.096318 -0.019955 0.014718 0.995042
1518195776.641077 0.184944 -0.084937 0.250529 -0.101227 -0.040213 0.025548 0.993722
1518195776.739562 0.175122 -0.108327 0.249527 -0.102732 -0.057720 0.034576 0.992431
1518195776.838228 0.170370 -0.139925 0.246437 -0.095088 -0.064823 0.036441 0.992687
1518195776.943967 0.178144 -0.174709 0.244186 -0.080792 -0.069927 0.036000 0.993623
1518195777.042310 0.199472 -0.203183 0.239097 -0.066753 -0.070773 0.034068 0.994673
1518195777.141038 0.228234 -0.218102 0.237577 -0.058314 -0.064818 0.026620 0.995836
1518195777.239656 0.258488 -0.215730 0.236169 -0.054091 -0.052809 0.015927 0.997011
1518195777.338386 0.289562 -0.199741 0.231639 -0.054895 -0.038154 0.005150 0.997750
1518195777.444150 0.312603 -0.164780 0.229105 -0.060471 -0.021808 -0.003748 0.997925
1518195777.542840 0.324589 -0.126744 0.230928 -0.073044 -0.013147 -0.007817 0.997212
1518195777.641927 0.321754 -0.089294 0.233538 -0.086413 -0.018601 -0.006673 0.996063
1518195777.740550 0.313221 -0.066680 0.231198 -0.096304 -0.035065 0.001517 0.994733
1518195777.839138 0.295627 -0.060465 0.229073 -0.100819 -0.054994 0.009370 0.993340
1518195777.937832 0.281890 -0.075416 0.226002 -0.102556 -0.078305 0.016024 0.991511
1518195778.043536 0.273301 -0.106021 0.222057 -0.097143 -0.098352 0.018818 0.990220
1518195778.142175 0.275861 -0.134099 0.218934 -0.084076 -0.107749 0.016393 0.990481
1518195778.240821 0.288664 -0.162626 0.218224 -0.071673 -0.112382 0.012464 0.990998
1518195778.339524 0.312951 -0.180746 0.215728 -0.060916 -0.113121 0.004907 0.991700
1518195778.438124 0.349441 -0.189687 0.216938 -0.057569 -0.105731 -0.004577 0.992716
1518195778.543743 0.384925 -0.177123 0.215663 -0.057287 -0.094387 -0.015640 0.993763
1518195778.642284 0.416802 -0.158170 0.215317 -0.063529 -0.085067 -0.024068 0.994057
1518195778.740934 0.437026 -0.130466 0.212417 -0.071081 -0.076044 -0.030163 0.994110
1518195778.839612 0.447349 -0.094285 0.214907 -0.078729 -0.073181 -0.030293 0.993745
1518195778.938274 0.445925 -0.070098 0.215634 -0.090554 -0.080852 -0.027272 0.992229
1518195779.043547 0.436291 -0.054575 0.212742 -0.101224 -0.101321 -0.018835 0.989512
1518195779.142244 0.422950 -0.050153 0.212798 -0.105834 -0.124637 -0.010841 0.986482
1518195779.240808 0.416177 -0.063993 0.209061 -0.105138 -0.147156 -0.004101 0.983501
1518195779.339416 0.414380 -0.088967 0.198899 -0.097198 -0.162906 -0.002231 0.981840
1518195779.438073 0.424296 -0.116691 0.189719 -0.086987 -0.165096 -0.005123 0.982421
1518195779.543755 0.441055 -0.138955 0.185805 -0.075798 -0.156859 -0.012252 0.984632
1518195779.642353 0.463744 -0.154073 0.184153 -0.070791 -0.147838 -0.020779 0.986256
1518195779.740925 0.489975 -0.156126 0.187595 -0.069477 -0.135739 -0.030953 0.987821
1518195779.839590 0.514937 -0.145514 0.193330 -0.070940 -0.121199 -0.040480 0.989262
1518195779.938087 0.531975 -0.125904 0.197672 -0.073768 -0.106785 -0.048550 0.990353
1518195780.043852 0.525520 -0.099226 0.201968 -0.078739 -0.095708 -0.054524 0.990791
1518195780.142514 0.519674 -0.076047 0.207957 -0.083267 -0.102049 -0.052608 0.989891
1518195780.241268 0.502156 -0.062785 0.209871 -0.088581 -0.112246 -0.048394 0.988540
1518195780.339887 0.482840 -0.063315 0.206834 -0.090903 -0.124524 -0.040967 0.987194
1518195780.438525 0.465576 -0.078937 0.200685 -0.089104 -0.138066 -0.035520 0.985767
1518195780.544048 0.452829 -0.104999 0.191453 -0.082308 -0.150500 -0.031639 0.984670
1518195780.642634 0.448422 -0.130385 0.187822 -0.074735 -0.155277 -0.030499 0.984568
1518195780.741245 0.454241 -0.156042 0.188507 -0.067750 -0.155710 -0.030721 0.984998
1518195780.839496 0.463795 -0.171402 0.193610 -0.061925 -0.149930 -0.033951 0.986171
1518195780.938198 0.486971 -0.176757 0.201611 -0.057440 -0.143383 -0.036078 0.987340
1518195781.043751 0.515696 -0.162804 0.211504 -0.054613 -0.131422 -0.035808 0.989173
1518195781.142292 0.531243 -0.148588 0.220240 -0.061149 -0.117227 -0.038266 0.990482
1518195781.240920 0.542468 -0.125839 0.228379 -0.069859 -0.104028 -0.039589 0.991328
1518195781.339503 0.544111 -0.099050 0.229789 -0.074774 -0.093677 -0.040059 0.991982
1518195781.438205 0.535686 -0.079219 0.229083 -0.078188 -0.080933 -0.037429 0.992943
1518195781.494571 0.528375 -0.074786 0.229074 -0.081085 -0.076518 -0.034637 0.993162
