1518196921.067661 -0.000000 -0.000000 -0.000000 -0.000000 -0.000000 -0.000000 1.000000
1518196921.166376 -0.000000 -0.000000 -0.000000 -0.000000 -0.000000 -0.000000 1.000000
1518196921.264849 0.052404 -0.003557 -0.000761 -0.001788 0.006774 -0.000517 0.999975
1518196921.371005 0.052404 -0.003557 -0.000761 -0.001788 0.006774 -0.000517 0.999975
1518196921.469864 0.114459 -0.010087 0.002221 -0.003306 0.011608 -0.008819 0.999888
1518196921.568493 0.114459 -0.010087 0.002221 -0.003306 0.011608 -0.008819 0.999888
1518196921.667109 0.179589 -0.022820 0.002389 0.001950 0.013364 -0.016845 0.999767
1518196921.765546 0.179589 -0.022820 0.002389 0.001950 0.013364 -0.016845 0.999767
1518196921.870946 0.210889 -0.026885 0.008906 0.009049 0.018672 -0.020910 0.999566
1518196921.969515 0.210889 -0.026885 0.008906 0.009049 0.018672 -0.020910 0.999566
1518196922.068093 0.210889 -0.026885 0.008906 0.009049 0.018672 -0.020910 0.999566
1518196922.166755 0.158286 -0.027911 0.028109 -0.002358 0.013252 -0.022799 0.999650
1518196922.265366 0.114341 -0.026799 0.039635 -0.005606 0.009431 -0.024164 0.999648
1518196922.371016 0.064790 -0.024347 0.048894 -0.004754 0.007436 -0.021750 0.999725
1518196922.469491 0.008307 -0.030044 0.058788 -0.005467 0.006679 -0.020388 0.999755
1518196922.567625 -0.047088 -0.034406 0.063616 -0.006693 -0.004082 -0.019724 0.999775
1518196922.666200 -0.094123 -0.039179 0.066853 -0.007885 -0.018059 -0.020327 0.999599
1518196922.764902 -0.127062 -0.040743 0.058817 -0.003776 -0.029005 -0.021300 0.999345
1518196922.870603 -0.145048 -0.045564 0.050608 -0.000343 -0.039655 -0.023485 0.998937
1518196922.969171 -0.147441 -0.057631 0.037690 -0.001844 -0.041175 -0.027886 0.998761
1518196923.067380 -0.138293 -0.057251 0.043893 -0.000494 -0.036037 -0.033942 0.998774
1518196923.166065 -0.115079 -0.058968 0.039915 0.001349 -0.030454 -0.036406 0.998872
1518196923.264771 -0.077236 -0.063744 0.035039 0.002060 -0.026260 -0.034632 0.999053
1518196923.370263 -0.024480 -0.063429 0.036703 0.006584 -0.019902 -0.031583 0.999281
1518196923.468925 0.023560 -0.065892 0.036056 0.010993 -0.013801 -0.033807 0.999273
1518196923.567585 0.061047 -0.067132 0.039494 0.012772 -0.012730 -0.043517 0.998890
1518196923.666101 0.083028 -0.061886 0.042050 0.015909 -0.012988 -0.059736 0.998003
1518196923.764739 0.095791 -0.046300 0.043940 0.019908 -0.014084 -0.072726 0.997054
1518196923.870503 0.099510 -0.013295 0.045856 0.024087 -0.022253 -0.072812 0.996807
1518196923.969223 0.106773 0.019434 0.053746 0.021491 -0.023941 -0.066212 0.997287
1518196924.067680 0.113883 0.056142 0.066218 0.017741 -0.024365 -0.054603 0.998053
1518196924.165633 0.115410 0.084614 0.076630 0.008820 -0.023852 -0.043954 0.998710
1518196924.264354 0.110390 0.101314 0.083336 0.001587 -0.025033 -0.038031 0.998962
1518196924.370607 0.104234 0.095631 0.088207 0.002263 -0.026867 -0.034225 0.999050
1518196924.469231 0.099668 0.069283 0.078110 0.008919 -0.030394 -0.028979 0.999078
1518196924.567949 0.086184 0.034665 0.065969 0.022222 -0.033319 -0.024634 0.998894
1518196924.666495 0.062766 0.006067 0.057073 0.037464 -0.039469 -0.025332 0.998197
1518196924.765108 0.041860 -0.020997 0.058082 0.041945 -0.031584 -0.019425 0.998432
1518196924.870845 0.010875 -0.041082 0.074216 0.038936 -0.018337 -0.011409 0.999008
1518196924.969645 -0.021608 -0.052374 0.088966 0.039246 -0.005220 -0.004777 0.999205
1518196925.068506 -0.050481 -0.062451 0.096417 0.044721 -0.007112 0.003445 0.998968
1518196925.167345 -0.078594 -0.069029 0.099237 0.050460 -0.011813 0.007163 0.998631
1518196925.266067 -0.099594 -0.069850 0.096064 0.052494 -0.021781 0.008336 0.998349
1518196925.364641 -0.110940 -0.059618 0.087909 0.053327 -0.039568 0.009861 0.997744
1518196925.470843 -0.111045 -0.045393 0.081246 0.049201 -0.052130 0.009325 0.997384
1518196925.569617 -0.089285 -0.034951 0.077067 0.041332 -0.055719 0.008669 0.997553
1518196925.668734 -0.051849 -0.026335 0.066099 0.032698 -0.052583 0.006517 0.998060
1518196925.767343 -0.007229 -0.016451 0.057630 0.026161 -0.042483 0.004624 0.998744
1518196925.866615 0.044998 -0.010506 0.045134 0.020510 -0.034726 0.002455 0.999183
1518196925.966052 0.098058 -0.013543 0.034849 0.016061 -0.027060 -0.000951 0.999504
1518196926.064615 0.140583 -0.021755 0.028020 0.014268 -0.024752 -0.011624 0.999524
1518196926.170288 0.168688 -0.037978 0.027484 0.012672 -0.032134 -0.023009 0.999138
1518196926.268854 0.182706 -0.057812 0.030182 0.009982 -0.038894 -0.031347 0.998702
1518196926.367548 0.201303 -0.077237 0.041207 0.012062 -0.043187 -0.034108 0.998412
1518196926.466119 0.207802 -0.096658 0.052751 0.017767 -0.041532 -0.037446 0.998277
1518196926.564751 0.203701 -0.108319 0.066651 0.025520 -0.039272 -0.041236 0.998051
1518196926.670224 0.186609 -0.120261 0.091024 0.026621 -0.038455 -0.044125 0.997931
1518196926.768856 0.163065 -0.128452 0.116851 0.023214 -0.042670 -0.044620 0.997822
1518196926.867520 0.134771 -0.144125 0.139266 0.012117 -0.063533 -0.044203 0.996927
1518196926.966202 0.098946 -0.147643 0.162551 0.002874 -0.074212 -0.047858 0.996089
1518196927.066301 0.059037 -0.145609 0.181399 -0.003890 -0.083357 -0.059799 0.994716
1518196927.164824 0.024052 -0.142115 0.187535 -0.007525 -0.096660 -0.072365 0.992655
1518196927.270510 -0.007970 -0.136114 0.186127 -0.012728 -0.117756 -0.085427 0.989280
1518196927.369183 -0.034410 -0.128650 0.175435 -0.019337 -0.138577 -0.096253 0.985474
1518196927.467725 -0.057828 -0.115237 0.158119 -0.022823 -0.154126 -0.107581 0.981912
1518196927.566450 -0.071508 -0.097141 0.131993 -0.021823 -0.165031 -0.114112 0.979422
1518196927.665093 -0.073358 -0.077478 0.096294 -0.021558 -0.172324 -0.113130 0.978285
1518196927.770720 -0.065147 -0.051656 0.053723 -0.023132 -0.175577 -0.108139 0.978235
1518196927.869299 -0.053925 -0.026378 0.015985 -0.025419 -0.172948 -0.102211 0.979283
1518196927.967994 -0.035803 -0.003355 -0.020264 -0.024665 -0.162131 -0.093246 0.982044
1518196928.066587 -0.009661 0.010781 -0.047958 -0.025598 -0.145535 -0.079603 0.985813
1518196928.165256 0.021326 0.019025 -0.070793 -0.026247 -0.124276 -0.065888 0.989710
1518196928.270911 0.059973 0.023608 -0.081403 -0.028972 -0.099880 -0.051456 0.993246
1518196928.369674 0.093639 0.023131 -0.079920 -0.032708 -0.074859 -0.037469 0.995953
1518196928.468368 0.124094 0.019833 -0.071412 -0.033215 -0.052754 -0.025320 0.997734
1518196928.567349 0.150493 0.009195 -0.055504 -0.032958 -0.035343 -0.013070 0.998746
1518196928.665943 0.164504 -0.006462 -0.031904 -0.030101 -0.020800 -0.006861 0.999307
1518196928.771557 0.168623 -0.028938 -0.003849 -0.024016 -0.012175 -0.001166 0.999637
1518196928.870228 0.172303 -0.048646 0.026883 -0.015207 -0.009345 0.006582 0.999819
1518196928.968902 0.171353 -0.075953 0.063393 -0.010023 -0.000716 0.010701 0.999892
1518196929.067621 0.165898 -0.091710 0.097425 -0.002064 0.007707 0.014107 0.999869
1518196929.166311 0.158917 -0.109889 0.126175 0.003464 0.010174 0.016798 0.999801
1518196929.265234 0.147372 -0.121029 0.145322 0.010484 0.010070 0.016122 0.999764
1518196929.370920 0.128230 -0.126286 0.156804 0.015309 0.001924 0.011202 0.999818
1518196929.469594 0.105074 -0.122609 0.160521 0.016898 -0.011954 0.005994 0.999768
1518196929.568171 0.074401 -0.119235 0.155338 0.013399 -0.025696 -0.002344 0.999577
1518196929.667141 0.038402 -0.107364 0.143157 0.009193 -0.041754 -0.013717 0.998991
1518196929.765783 0.008441 -0.092042 0.119930 0.006242 -0.055896 -0.022361 0.998167
1518196929.871503 -0.021788 -0.072395 0.087618 0.005695 -0.068304 -0.028194 0.997250
1518196929.969999 -0.042790 -0.053118 0.053079 0.006273 -0.073921 -0.030959 0.996764
1518196930.068677 -0.053664 -0.038124 0.020515 0.005371 -0.074043 -0.028819 0.996824
1518196930.167266 -0.051106 -0.021277 -0.001378 0.003258 -0.071726 -0.022574 0.997164
1518196930.265954 -0.039877 -0.011766 -0.017429 -0.001028 -0.064972 -0.014549 0.997781
1518196930.364521 -0.026276 -0.005275 -0.029277 -0.000907 -0.047157 -0.008318 0.998852
1518196930.470259 -0.008661 -0.009378 -0.033461 0.000261 -0.032392 -0.002075 0.999473
1518196930.569240 0.009991 -0.020819 -0.023136 0.000997 -0.019125 0.000688 0.999816
1518196930.667680 0.015885 -0.039639 -0.007596 0.004605 -0.008735 0.001000 0.999951
1518196930.766359 0.027553 -0.061026 0.016707 0.009299 -0.007643 -0.000864 0.999927
1518196930.780444 0.035243 -0.059962 0.013514 0.012218 -0.009502 0.000033 0.999880
