36470.630680 -0.000000 -0.000000 -0.000000 -0.000000 -0.000000 -0.000000 1.000000
36470.730680 -0.001336 0.000625 0.350390 0.000262 0.001162 -0.000312 0.999999
36470.830680 -0.001336 0.000625 0.350390 0.000262 0.001162 -0.000312 0.999999
36470.930680 0.005685 -0.002966 1.082278 -0.000157 0.003042 -0.002058 0.999993
36471.030680 0.010385 -0.002145 1.477043 -0.000240 0.004057 -0.002490 0.999989
36471.130680 0.010385 -0.002145 1.477043 -0.000240 0.004057 -0.002490 0.999989
36471.230680 0.024523 -0.002348 2.321960 0.000262 0.006522 -0.003558 0.999972
36471.330680 0.029974 -0.004180 2.773251 0.000217 0.007802 -0.004301 0.999960
36471.430680 0.044669 -0.004510 3.233396 0.000472 0.008971 -0.004630 0.999949
36471.530680 0.053870 -0.003429 3.720325 0.000913 0.010408 -0.004971 0.999933
36471.630680 0.070506 -0.001596 4.225330 0.001336 0.011773 -0.006028 0.999912
36471.730680 0.087589 -0.004658 4.747009 0.001863 0.013152 -0.006470 0.999891
36471.830680 0.102409 -0.010910 5.298633 0.002139 0.014615 -0.007159 0.999865
36471.930680 0.123545 -0.013990 5.872814 0.001814 0.015972 -0.006855 0.999847
36472.030680 0.147555 -0.018505 6.464776 0.001531 0.017138 -0.007014 0.999827
36472.130680 0.164461 -0.016585 7.101439 0.001452 0.018352 -0.007471 0.999803
36472.230680 0.191523 -0.030099 7.705383 0.000676 0.019156 -0.007300 0.999790
36472.330680 0.225220 -0.038453 8.338737 -0.000119 0.019746 -0.007035 0.999780
36472.430680 0.257827 -0.042424 9.000601 -0.000945 0.020049 -0.006191 0.999779
36472.530680 0.280372 -0.054680 9.628324 -0.002145 0.019885 -0.005606 0.999784
36472.630680 0.302791 -0.055794 10.301983 -0.002997 0.019330 -0.005371 0.999794
36472.730680 0.317886 -0.040365 10.975498 -0.003585 0.018650 -0.005142 0.999806
36472.830680 0.354637 -0.060153 11.654922 -0.004774 0.017161 -0.004708 0.999830
36472.930680 0.371506 -0.049829 12.342455 -0.005765 0.015714 -0.005058 0.999847
36473.030680 0.381842 -0.047297 13.061935 -0.006613 0.014043 -0.005290 0.999866
36473.130680 0.407815 -0.045472 13.754918 -0.007242 0.011575 -0.004670 0.999896
36473.230680 0.419407 -0.040510 14.466619 -0.007616 0.008758 -0.004541 0.999922
36473.330680 0.426629 -0.031891 15.192497 -0.008026 0.005695 -0.003999 0.999944
36473.430680 0.424626 -0.019654 15.929039 -0.008488 0.001466 -0.003646 0.999956
36473.530680 0.398459 0.002751 16.697023 -0.008671 -0.003431 -0.003308 0.999951
36473.630680 0.384888 -0.003686 17.447243 -0.009793 -0.009934 -0.002851 0.999899
36473.730680 0.353593 0.011889 18.227711 -0.011459 -0.017856 -0.003048 0.999770
36473.830680 0.289472 0.030203 19.009449 -0.013246 -0.026171 -0.004086 0.999561
36473.930680 0.210102 0.045832 19.807653 -0.013854 -0.035385 -0.004346 0.999268
36474.030680 0.127492 0.064307 20.591568 -0.013536 -0.045828 -0.002520 0.998854
36474.130680 0.021687 0.086092 21.416800 -0.012782 -0.056594 -0.002194 0.998313
36474.230680 -0.105392 0.109632 22.225418 -0.013033 -0.068159 -0.001644 0.997588
36474.330680 -0.264194 0.123621 23.040825 -0.013715 -0.080251 0.000153 0.996680
36474.430680 -0.438993 0.142849 23.854656 -0.014308 -0.093113 0.001390 0.995552
36474.530680 -0.631985 0.163199 24.689995 -0.014624 -0.106552 0.002188 0.994197
36474.630680 -0.854680 0.183812 25.503225 -0.015103 -0.120567 0.002369 0.992588
36474.730680 -1.099053 0.204276 26.323200 -0.016169 -0.134717 0.003761 0.990745
36474.830680 -1.370165 0.222819 27.139751 -0.017583 -0.148890 0.004618 0.988687
36474.930680 -1.667712 0.240821 27.942924 -0.017877 -0.162475 0.004414 0.986541
36475.030680 -1.993425 0.265300 28.753292 -0.017576 -0.176065 0.003348 0.984216
36475.130680 -2.340715 0.282387 29.554474 -0.017650 -0.189998 0.002814 0.981622
36475.230680 -2.710774 0.304471 30.353302 -0.018107 -0.204523 0.002297 0.978692
36475.330680 -3.115375 0.323103 31.128017 -0.017867 -0.218795 0.000756 0.975607
36475.430680 -3.540288 0.344478 31.906855 -0.016841 -0.233334 -0.000163 0.972251
36475.530680 -3.981731 0.363433 32.660358 -0.015334 -0.247720 -0.000726 0.968710
36475.630680 -4.456521 0.388457 33.420128 -0.014530 -0.262175 -0.001139 0.964910
36475.730680 -4.950399 0.403517 34.137215 -0.014777 -0.276271 -0.002462 0.960963
36475.830680 -5.465458 0.415983 34.871449 -0.016177 -0.290474 -0.001302 0.956745
36475.930680 -5.996614 0.433660 35.584866 -0.014972 -0.304072 -0.000438 0.952531
36476.030680 -6.569629 0.445785 36.292995 -0.013001 -0.316701 -0.000082 0.948436
36476.130680 -7.147275 0.466240 36.986988 -0.011884 -0.329146 -0.000119 0.944204
36476.230680 -7.748576 0.483395 37.685799 -0.013921 -0.340674 0.000211 0.940078
36476.330680 -8.354414 0.491612 38.359829 -0.016454 -0.350587 0.003184 0.936380
36476.430680 -8.980425 0.503902 39.041611 -0.016337 -0.359720 0.006149 0.932897
36476.530680 -9.606726 0.521456 39.684669 -0.014068 -0.367512 0.008797 0.929871
36476.630680 -10.264679 0.528440 40.347233 -0.012130 -0.374736 0.009856 0.927000
36476.730680 -10.943722 0.537970 41.012238 -0.011108 -0.380800 0.009407 0.924543
36476.830680 -11.627405 0.544637 41.667774 -0.010335 -0.386382 0.008640 0.922240
36476.930680 -12.314860 0.547933 42.308334 -0.008352 -0.390572 0.007359 0.920505
36477.030680 -13.014162 0.549434 42.953133 -0.007630 -0.394227 0.006719 0.918957
36477.130680 -13.720712 0.550048 43.597054 -0.007643 -0.396953 0.005717 0.917789
36477.230680 -14.422846 0.550775 44.238991 -0.008789 -0.399541 0.005668 0.916656
36477.330680 -15.110620 0.550054 44.871094 -0.009065 -0.401639 0.006482 0.915730
36477.430680 -15.815796 0.552766 45.512032 -0.008359 -0.403522 0.006731 0.914907
36477.530680 -16.520584 0.549444 46.139885 -0.007299 -0.404950 0.006047 0.914290
36477.630680 -17.230484 0.546645 46.773811 -0.007211 -0.406304 0.004944 0.913696
36477.730680 -17.922213 0.550678 47.390762 -0.008076 -0.406986 0.004175 0.913389
36477.830680 -18.644794 0.551113 48.028854 -0.009447 -0.407632 0.002924 0.913093
36477.930680 -19.354221 0.562147 48.654816 -0.010174 -0.407863 0.002118 0.912984
36478.030680 -20.059546 0.566524 49.284351 -0.011330 -0.408361 0.001665 0.912749
36478.130680 -20.767483 0.582002 49.913681 -0.012214 -0.408264 0.001992 0.912780
36478.230680 -21.481094 0.597614 50.547009 -0.013394 -0.408238 0.002437 0.912774
36478.330680 -22.183842 0.600171 51.176376 -0.014268 -0.407941 0.002485 0.912893
36478.430680 -22.894545 0.609530 51.807880 -0.014095 -0.407829 0.003028 0.912945
36478.530680 -23.600700 0.620714 52.438835 -0.011972 -0.407743 0.003358 0.913012
36478.630680 -24.300333 0.626862 53.058319 -0.009471 -0.407608 0.003980 0.913099
36478.730680 -25.005554 0.626458 53.686798 -0.008051 -0.407251 0.004241 0.913271
36478.830680 -25.699623 0.625798 54.304714 -0.007671 -0.406861 0.003917 0.913449
36478.930680 -26.406343 0.621956 54.944901 -0.007760 -0.406425 0.003680 0.913644
36479.030680 -27.093145 0.620895 55.562775 -0.007047 -0.406167 0.002656 0.913768
36479.130680 -27.799324 0.616744 56.184177 -0.006761 -0.405575 0.002011 0.914034
36479.230680 -28.494484 0.622652 56.808372 -0.005920 -0.405241 0.000973 0.914190
36479.330680 -29.177237 0.620059 57.426849 -0.005158 -0.404695 -0.000258 0.914437
36479.430680 -29.850407 0.616599 58.034306 -0.004128 -0.404310 -0.000734 0.914612
36479.530680 -30.537823 0.618154 58.641888 -0.002593 -0.403496 -0.001345 0.914977
36479.630680 -31.209225 0.609834 59.247849 -0.001621 -0.402722 -0.001486 0.915320
36479.730680 -31.873972 0.604861 59.855946 -0.001275 -0.401972 -0.001241 0.915650
36479.830680 -32.531090 0.600597 60.461258 -0.001020 -0.401280 -0.001156 0.915954
36479.930680 -33.194675 0.590989 61.072868 -0.000928 -0.400380 -0.000837 0.916348
36480.030680 -33.842014 0.581037 61.672474 -0.000106 -0.399617 -0.000318 0.916682
36480.130680 -34.489700 0.570372 62.279873 0.000804 -0.398645 -0.000165 0.917105
36480.230680 -35.122730 0.557630 62.874184 0.001364 -0.397622 -0.000204 0.917548
36480.330680 -35.757988 0.548954 63.467506 0.001651 -0.396341 0.000109 0.918102
36480.430680 -36.383202 0.535489 64.058746 0.002674 -0.395055 -0.000301 0.918654
36480.530680 -37.004501 0.518544 64.643303 0.003327 -0.393458 -0.000543 0.919336
36480.630680 -37.624619 0.505402 65.237335 0.003763 -0.391999 -0.001417 0.919957
36480.730680 -38.221184 0.496832 65.808182 0.003707 -0.389852 -0.002071 0.920868
