1723706153.806289 -0.000000 -0.000000 -0.000000 -0.000000 -0.000000 -0.000000 1.000000
1723706153.856270 -0.000000 -0.000000 -0.000000 -0.000000 -0.000000 -0.000000 1.000000
1723706153.906272 -0.000000 -0.000000 -0.000000 -0.000000 -0.000000 -0.000000 1.000000
1723706153.956280 -0.000000 -0.000000 -0.000000 -0.000000 -0.000000 -0.000000 1.000000
1723706154.006273 -0.000000 -0.000000 -0.000000 -0.000000 -0.000000 -0.000000 1.000000
1723706154.056284 -0.000000 -0.000000 -0.000000 -0.000000 -0.000000 -0.000000 1.000000
1723706154.106272 -0.000000 -0.000000 -0.000000 -0.000000 -0.000000 -0.000000 1.000000
1723706155.256269 0.049016 -0.346625 -0.061249 -0.001020 -0.018816 -0.002800 0.999819
1723706155.306268 0.052471 -0.373303 -0.065757 0.005361 -0.018410 -0.000482 0.999816
1723706155.356267 0.052471 -0.373303 -0.065757 0.005361 -0.018410 -0.000482 0.999816
1723706155.406269 0.060515 -0.405802 -0.067581 0.012330 -0.017192 -0.000112 0.999776
1723706155.456268 0.060515 -0.405802 -0.067581 0.012330 -0.017192 -0.000112 0.999776
1723706155.506269 0.060515 -0.405802 -0.067581 0.012330 -0.017192 -0.000112 0.999776
1723706155.556269 0.079318 -0.456679 -0.075739 0.015933 -0.016804 -0.000054 0.999732
1723706155.606270 0.079318 -0.456679 -0.075739 0.015933 -0.016804 -0.000054 0.999732
1723706155.656270 0.079318 -0.456679 -0.075739 0.015933 -0.016804 -0.000054 0.999732
1723706155.706268 0.079318 -0.456679 -0.075739 0.015933 -0.016804 -0.000054 0.999732
1723706155.756268 0.079318 -0.456679 -0.075739 0.015933 -0.016804 -0.000054 0.999732
1723706155.806267 0.080687 -0.458970 -0.068469 0.005650 -0.014267 0.001819 0.999881
1723706155.856267 0.080687 -0.458970 -0.068469 0.005650 -0.014267 0.001819 0.999881
1723706155.906270 0.080687 -0.458970 -0.068469 0.005650 -0.014267 0.001819 0.999881
1723706155.956268 0.080687 -0.458970 -0.068469 0.005650 -0.014267 0.001819 0.999881
1723706156.006267 0.080687 -0.458970 -0.068469 0.005650 -0.014267 0.001819 0.999881
1723706156.056267 0.080687 -0.458970 -0.068469 0.005650 -0.014267 0.001819 0.999881
1723706156.106268 0.080687 -0.458970 -0.068469 0.005650 -0.014267 0.001819 0.999881
1723706156.156266 0.080687 -0.458970 -0.068469 0.005650 -0.014267 0.001819 0.999881
1723706156.206269 0.080370 -0.461276 -0.063041 0.003800 -0.008209 0.006071 0.999941
1723706156.256274 0.080370 -0.461276 -0.063041 0.003800 -0.008209 0.006071 0.999941
1723706156.306269 0.080370 -0.461276 -0.063041 0.003800 -0.008209 0.006071 0.999941
1723706156.356267 0.080370 -0.461276 -0.063041 0.003800 -0.008209 0.006071 0.999941
1723706156.406266 0.080370 -0.461276 -0.063041 0.003800 -0.008209 0.006071 0.999941
1723706156.456268 0.081623 -0.460080 -0.058254 -0.000647 -0.004390 0.006235 0.999971
1723706156.506269 0.081881 -0.461943 -0.057037 -0.003146 -0.003448 0.006457 0.999968
1723706156.556267 0.084094 -0.459289 -0.055307 -0.001123 -0.002535 0.009792 0.999948
1723706156.606267 0.088313 -0.460598 -0.051611 -0.000903 -0.000656 0.009818 0.999951
1723706156.656266 0.086916 -0.460527 -0.051020 0.000235 0.000288 0.009763 0.999952
1723706156.706271 0.087559 -0.460728 -0.045291 -0.000017 0.001230 0.007903 0.999968
1723706156.756268 0.080900 -0.465007 -0.046500 0.013069 0.001590 -0.005620 0.999898
1723706156.806267 0.091996 -0.466196 -0.044465 0.027879 0.003733 -0.021614 0.999371
1723706156.856266 0.089290 -0.462515 -0.035911 0.036473 0.004931 -0.027657 0.998940
1723706156.956266 0.085574 -0.470605 -0.042427 0.042551 0.002804 -0.035673 0.998453
1723706157.006268 0.091449 -0.475522 -0.006507 0.041358 0.000328 -0.027496 0.998766
1723706157.056266 0.102342 -0.475279 -0.009389 0.042409 0.004955 -0.029933 0.998640
1723706157.106266 0.105675 -0.481483 -0.003294 0.043949 0.007673 -0.033017 0.998459
1723706157.156265 0.349124 -0.620350 -0.046317 0.032916 -0.011678 -0.042120 0.998502
1723706157.206268 0.350351 -0.620182 -0.045924 0.029437 -0.011799 -0.041968 0.998616
1723706157.256268 0.350276 -0.620205 -0.051703 0.025779 -0.012117 -0.038940 0.998836
1723706157.306266 0.349134 -0.619311 -0.061163 0.021905 -0.012629 -0.032779 0.999143
1723706157.356266 0.345489 -0.616857 -0.063070 0.019522 -0.012965 -0.024890 0.999415
1723706157.406267 0.347066 -0.614924 -0.063326 0.018003 -0.013949 -0.018445 0.999570
1723706157.456266 0.343310 -0.603852 -0.063353 0.014612 -0.014139 -0.012285 0.999718
1723706157.506268 0.342428 -0.600202 -0.066149 0.009741 -0.015079 -0.003956 0.999831
1723706157.556266 0.339666 -0.598319 -0.075853 0.004453 -0.015458 0.001241 0.999870
1723706157.606266 0.334665 -0.596082 -0.082134 -0.002499 -0.015659 0.006502 0.999853
1723706157.656266 0.323039 -0.580270 -0.084030 -0.008493 -0.015168 0.012503 0.999771
1723706157.706266 0.323526 -0.580129 -0.087198 -0.015087 -0.015575 0.017883 0.999605
1723706157.756268 0.320750 -0.579908 -0.089761 -0.019304 -0.015388 0.015839 0.999570
1723706157.806266 0.322147 -0.579665 -0.088892 -0.020804 -0.015816 0.010565 0.999603
1723706157.856267 0.321194 -0.578988 -0.092690 -0.017120 -0.016178 0.005277 0.999709
1723706157.906266 0.317771 -0.576860 -0.098041 -0.013774 -0.016085 -0.000169 0.999776
1723706157.956265 0.312110 -0.575945 -0.100049 -0.010787 -0.015586 -0.002843 0.999816
1723706158.006267 0.314333 -0.576331 -0.096928 -0.006576 -0.015704 -0.004883 0.999843
1723706158.056266 0.311264 -0.577248 -0.095418 -0.002695 -0.015577 -0.008105 0.999842
1723706158.106265 0.309616 -0.580071 -0.095000 0.000999 -0.015718 -0.009344 0.999832
1723706158.156265 0.307969 -0.580785 -0.095591 0.005619 -0.015667 -0.009956 0.999812
1723706158.206264 0.308136 -0.580806 -0.089698 0.010552 -0.016166 -0.011836 0.999744
1723706158.256267 0.310832 -0.579592 -0.084877 0.015050 -0.016791 -0.013943 0.999649
1723706158.306268 0.311865 -0.581434 -0.090167 0.014427 -0.017390 -0.008533 0.999708
1723706158.356266 0.304740 -0.583731 -0.090444 0.011191 -0.016687 -0.004099 0.999790
1723706158.406265 0.304835 -0.584863 -0.084527 0.008337 -0.016861 -0.000014 0.999823
1723706158.456265 0.297732 -0.585964 -0.079077 0.009370 -0.016187 -0.001424 0.999824
1723706158.506264 0.293294 -0.586076 -0.079566 0.013041 -0.015945 -0.005586 0.999772
1723706158.556266 0.290122 -0.588223 -0.082386 0.013513 -0.016022 -0.008414 0.999745
1723706158.606268 0.289119 -0.589431 -0.083974 0.016488 -0.015796 -0.013721 0.999645
1723706158.656267 0.287634 -0.590962 -0.084208 0.019330 -0.016498 -0.017312 0.999527
1723706158.706264 0.311682 -0.584606 -0.082754 0.020803 -0.019492 -0.017248 0.999445
1723706158.756264 0.311696 -0.583125 -0.084450 0.017312 -0.019785 -0.011217 0.999591
1723706158.806267 0.303673 -0.584396 -0.082004 0.010311 -0.019541 -0.001760 0.999754
1723706158.856266 0.299213 -0.585730 -0.077161 0.005373 -0.019825 0.005012 0.999777
1723706158.906266 0.288138 -0.588894 -0.081649 0.002022 -0.019168 0.004060 0.999806
1723706158.956266 0.272862 -0.598545 -0.087647 -0.003860 -0.018063 0.004007 0.999821
1723706159.006267 0.272084 -0.606713 -0.089501 -0.009955 -0.018051 0.004489 0.999777
1723706159.056264 0.264471 -0.610139 -0.094099 -0.017327 -0.017226 0.008790 0.999663
1723706159.106266 0.261732 -0.612215 -0.093215 -0.025568 -0.016555 0.017423 0.999384
1723706159.156264 0.270461 -0.609824 -0.088752 -0.031213 -0.016795 0.024257 0.999077
1723706159.206265 0.266826 -0.603700 -0.085285 -0.027487 -0.015669 0.021864 0.999260
1723706159.256263 0.260908 -0.603210 -0.081957 -0.019994 -0.015028 0.015083 0.999573
1723706159.306266 0.266554 -0.600218 -0.075008 -0.014208 -0.015233 0.011970 0.999711
1723706159.356266 0.269896 -0.598791 -0.067175 -0.012930 -0.015234 0.012802 0.999718
1723706159.406265 0.274700 -0.594878 -0.061521 -0.010010 -0.015695 0.013764 0.999732
1723706159.456264 0.278869 -0.591765 -0.054353 -0.005836 -0.015532 0.013962 0.999765
1723706159.506265 0.277787 -0.595039 -0.046908 -0.001777 -0.015020 0.013110 0.999800
1723706159.556264 0.279674 -0.596017 -0.038152 0.006337 -0.014483 0.009862 0.999826
1723706159.606265 0.307839 -0.591917 -0.040849 0.013626 -0.016269 0.008124 0.999742
1723706159.656265 0.316749 -0.592985 -0.036741 0.013620 -0.016449 0.007533 0.999744
1723706159.706265 0.319614 -0.593999 -0.023493 0.009989 -0.016465 0.008704 0.999777
1723706159.756265 0.325400 -0.589728 -0.017222 0.007723 -0.016250 0.007401 0.999811
1723706159.806264 0.333751 -0.583427 -0.016451 0.005789 -0.016099 0.004638 0.999843
1723706159.856263 0.338813 -0.584125 -0.005220 -0.000036 -0.015910 0.000569 0.999873
1723706159.906264 0.343398 -0.582892 -0.001700 -0.002218 -0.015311 -0.004340 0.999871
1723706159.956264 0.352220 -0.578625 0.011018 -0.003654 -0.015745 -0.007578 0.999841
1723706160.006263 0.356114 -0.579276 0.021651 -0.004791 -0.015639 -0.009981 0.999816
1723706160.056263 0.364669 -0.577531 0.033033 -0.007134 -0.015819 -0.008689 0.999812
1723706160.106263 0.374191 -0.576632 0.042876 -0.011851 -0.015912 -0.005699 0.999787
1723706160.156264 0.381934 -0.577284 0.058175 -0.019762 -0.015826 -0.001158 0.999679
1723706160.206263 0.390803 -0.577306 0.066539 -0.028682 -0.016045 0.003242 0.999455
1723706160.256263 0.396432 -0.583145 0.078114 -0.034945 -0.015202 0.001914 0.999272
1723706160.306262 0.397812 -0.580250 0.095296 -0.032096 -0.013853 0.000506 0.999389
1723706160.356263 0.410621 -0.589249 0.113974 -0.026277 -0.013739 0.006870 0.999537
1723706160.406265 0.422144 -0.594664 0.129787 -0.020401 -0.013095 0.011321 0.999642
1723706160.456264 0.429477 -0.596148 0.146787 -0.016384 -0.012442 0.012148 0.999715
1723706160.506265 0.436541 -0.595545 0.165080 -0.012201 -0.011752 0.009223 0.999814
1723706160.556262 0.449697 -0.604894 0.179668 -0.013044 -0.011786 0.006998 0.999821
1723706160.606262 0.460989 -0.596979 0.208634 -0.017341 -0.011995 0.007167 0.999752
1723706160.656265 0.471100 -0.601270 0.222291 -0.020106 -0.011657 0.005001 0.999717
1723706160.706264 0.483727 -0.596489 0.239879 -0.017745 -0.011657 0.002179 0.999772
1723706160.756264 0.489057 -0.596080 0.266649 -0.013665 -0.011133 -0.003909 0.999837
1723706160.806262 0.495402 -0.593804 0.293374 -0.009093 -0.010914 -0.012145 0.999825
1723706160.856265 0.508987 -0.598637 0.308920 -0.007112 -0.010976 -0.015936 0.999787
1723706160.906262 0.527001 -0.604165 0.330386 -0.007321 -0.011822 -0.016960 0.999760
1723706160.956263 0.537687 -0.607260 0.357179 -0.005824 -0.011907 -0.018158 0.999747
1723706161.006264 0.545918 -0.614934 0.382170 -0.004593 -0.011076 -0.021422 0.999699
1723706161.056271 0.559076 -0.619159 0.413737 -0.006594 -0.011647 -0.020589 0.999698
1723706161.106265 0.571063 -0.625765 0.434092 -0.009145 -0.012259 -0.019114 0.999700
1723706161.156266 0.568597 -0.628760 0.467000 -0.010623 -0.011070 -0.017353 0.999732
1723706161.206264 0.578867 -0.640277 0.486182 -0.009992 -0.011220 -0.017060 0.999742
1723706161.256267 0.585306 -0.653152 0.507242 -0.011457 -0.010943 -0.017582 0.999720
1723706161.306262 0.588744 -0.661710 0.536352 -0.012198 -0.010156 -0.018444 0.999704
1723706161.356268 0.595574 -0.667781 0.564842 -0.013945 -0.009947 -0.015780 0.999729
1723706161.406262 0.600366 -0.682956 0.589463 -0.016223 -0.009421 -0.012671 0.999744
1723706161.456261 0.604043 -0.696878 0.619261 -0.017332 -0.008978 -0.006830 0.999786
1723706161.506263 0.596864 -0.703462 0.652040 -0.013883 -0.007427 -0.001943 0.999874
1723706161.556262 0.599031 -0.713704 0.683233 -0.007080 -0.006942 0.006506 0.999930
1723706161.606262 0.608918 -0.715863 0.708503 -0.003797 -0.007024 0.012988 0.999884
1723706161.656264 0.618251 -0.727082 0.742902 -0.004597 -0.007206 0.015676 0.999841
1723706161.706268 0.616893 -0.728948 0.768715 -0.003045 -0.006533 0.017113 0.999828
1723706161.756262 0.623254 -0.734917 0.796677 -0.001817 -0.006612 0.014058 0.999878
1723706161.806262 0.633269 -0.733341 0.828375 -0.004500 -0.007412 0.014558 0.999856
1723706161.856261 0.642494 -0.734411 0.860994 -0.013280 -0.007646 0.019014 0.999702
1723706161.906261 0.650945 -0.740580 0.890971 -0.018601 -0.007498 0.024085 0.999509
1723706161.956261 0.662533 -0.744044 0.922597 -0.020907 -0.006971 0.026781 0.999398
1723706162.006262 0.666321 -0.746839 0.957867 -0.019728 -0.005786 0.024033 0.999500
1723706162.056272 0.668714 -0.752144 0.986092 -0.014954 -0.004813 0.015901 0.999750
1723706162.106263 0.681092 -0.756156 1.018894 -0.008857 -0.004531 0.008110 0.999918
1723706162.156264 0.691470 -0.759066 1.052566 -0.001799 -0.004139 0.001699 0.999988
1723706162.206264 0.711832 -0.758970 1.085171 0.001526 -0.004867 -0.000170 0.999987
1723706162.256262 0.732173 -0.766095 1.121261 -0.000532 -0.005406 -0.000346 0.999985
1723706162.306262 0.746966 -0.763302 1.151412 -0.004318 -0.005253 0.003961 0.999969
1723706162.356261 0.764204 -0.772663 1.185457 -0.007703 -0.004752 0.006887 0.999935
1723706162.406261 0.769471 -0.776764 1.215647 -0.005441 -0.002990 0.004497 0.999971
1723706162.456263 0.785973 -0.784200 1.248356 -0.002897 -0.003105 0.001313 0.999990
1723706162.506260 0.796845 -0.791279 1.283810 0.001553 -0.002592 -0.002134 0.999993
1723706162.556262 0.811878 -0.800622 1.313905 0.003748 -0.002343 -0.003224 0.999985
1723706162.606261 0.826499 -0.805464 1.340894 0.005004 -0.002020 -0.003235 0.999980
1723706162.656262 0.841664 -0.807939 1.382536 0.003940 -0.002241 -0.002378 0.999987
1723706162.706261 0.863036 -0.810310 1.413120 -0.001581 -0.002850 0.000162 0.999995
1723706162.756260 0.876690 -0.813461 1.442459 -0.009513 -0.002607 0.002136 0.999949
1723706162.806261 0.894136 -0.817553 1.477688 -0.016207 -0.002732 0.004412 0.999855
1723706162.856261 0.908699 -0.823493 1.508972 -0.018387 -0.002188 0.003296 0.999823
1723706162.906264 0.924888 -0.830966 1.533762 -0.020307 -0.001816 0.003905 0.999785
1723706162.956264 0.941594 -0.837856 1.568376 -0.021487 -0.001789 0.003472 0.999762
1723706163.006267 0.955070 -0.840492 1.605369 -0.021010 -0.001085 0.002743 0.999775
1723706163.056262 0.968446 -0.843765 1.637731 -0.021870 -0.000096 0.001736 0.999759
1723706163.106261 0.985489 -0.843091 1.680099 -0.025845 0.000787 0.002402 0.999663
1723706163.156260 0.998073 -0.849964 1.714377 -0.028975 0.002599 0.002712 0.999573
1723706163.206260 1.009009 -0.854769 1.754836 -0.026305 0.003972 -0.000467 0.999646
1723706163.256260 1.022814 -0.859009 1.798040 -0.019386 0.004995 -0.006568 0.999778
1723706163.306262 1.036355 -0.867731 1.836242 -0.010189 0.005620 -0.015633 0.999810
1723706163.356260 1.054703 -0.874233 1.876308 0.000905 0.005435 -0.021109 0.999762
1723706163.406260 1.066320 -0.884105 1.914211 0.012359 0.006391 -0.026775 0.999545
1723706163.456259 1.076804 -0.892554 1.951953 0.026331 0.007213 -0.030890 0.999150
1723706163.506259 1.088827 -0.904205 1.985126 0.036978 0.007416 -0.032571 0.998758
1723706163.556262 1.105961 -0.916843 2.014824 0.039123 0.007199 -0.030811 0.998733
1723706163.606261 1.116004 -0.919823 2.051593 0.036538 0.007364 -0.027029 0.998940
1723706163.656261 1.126077 -0.932078 2.080727 0.033516 0.006951 -0.021042 0.999193
1723706163.706259 1.130201 -0.941616 2.110417 0.031192 0.007316 -0.009153 0.999445
1723706163.756262 1.140248 -0.949168 2.135418 0.028728 0.006598 0.007022 0.999541
1723706163.806259 1.144853 -0.950827 2.166121 0.020594 0.006464 0.019171 0.999583
1723706163.856261 1.151946 -0.955711 2.188520 0.010548 0.006405 0.020874 0.999706
1723706163.906260 1.160233 -0.962209 2.211317 0.004183 0.006585 0.018933 0.999790
1723706163.956259 1.169247 -0.964191 2.233349 0.000356 0.006558 0.017179 0.999831
1723706164.006262 1.181137 -0.967063 2.257557 -0.002922 0.006419 0.013905 0.999878
1723706164.056267 1.191853 -0.969049 2.280982 -0.004631 0.007088 0.013096 0.999878
1723706164.106261 1.202186 -0.968836 2.306486 -0.007389 0.007799 0.015174 0.999827
1723706164.156261 1.211955 -0.971887 2.328454 -0.011939 0.008575 0.013525 0.999801
1723706164.206261 1.222044 -0.972508 2.352062 -0.013144 0.009459 0.008150 0.999836
1723706164.256262 1.237224 -0.974418 2.377110 -0.013614 0.009387 0.004532 0.999853
1723706164.306262 1.252319 -0.976867 2.400501 -0.014533 0.009383 0.002687 0.999847
1723706164.356261 1.265328 -0.974887 2.429025 -0.012780 0.009541 -0.003027 0.999868
1723706164.406259 1.278642 -0.980954 2.448766 -0.013931 0.010335 -0.006171 0.999831
1723706164.456264 1.288935 -0.986123 2.477135 -0.014190 0.011571 -0.004406 0.999823
1723706164.506259 1.304296 -0.984874 2.508082 -0.009452 0.011604 -0.001867 0.999886
1723706164.556258 1.314836 -0.988854 2.537597 -0.002452 0.012757 -0.005681 0.999900
1723706164.606261 1.328204 -0.990995 2.562790 0.006606 0.013158 -0.009234 0.999849
1723706164.656260 1.341279 -0.996875 2.587513 0.015810 0.013554 -0.014078 0.999684
1723706164.706259 1.353809 -0.999626 2.612452 0.019755 0.013798 -0.015422 0.999591
1723706164.756260 1.369899 -1.003108 2.633270 0.018403 0.013083 -0.014901 0.999634
1723706164.806261 1.378368 -1.006865 2.654952 0.017789 0.013743 -0.012561 0.999668
1723706164.856260 1.387220 -1.006245 2.679508 0.020367 0.014238 -0.011956 0.999620
1723706164.906260 1.398730 -1.010114 2.698195 0.018847 0.014459 -0.011688 0.999650
1723706164.956259 1.409740 -1.011360 2.719513 0.016730 0.014256 -0.011844 0.999688
1723706165.006260 1.415803 -1.013745 2.740018 0.014009 0.014880 -0.011778 0.999722
1723706165.056261 1.421981 -1.015699 2.756720 0.014971 0.014946 -0.014481 0.999671
1723706165.106261 1.427328 -1.018703 2.774858 0.018344 0.015344 -0.018317 0.999546
1723706165.156260 1.432797 -1.021945 2.789138 0.022596 0.015809 -0.022138 0.999375
1723706165.206259 1.440757 -1.025385 2.800274 0.023588 0.015303 -0.019789 0.999409
1723706165.256265 1.446354 -1.029711 2.817328 0.021339 0.015064 -0.018268 0.999492
1723706165.306262 1.451941 -1.033335 2.827584 0.020347 0.014930 -0.017135 0.999535
1723706165.356261 1.454148 -1.036699 2.839851 0.018778 0.014779 -0.014200 0.999614
1723706165.406260 1.457336 -1.037958 2.856149 0.021855 0.014706 -0.011616 0.999586
1723706165.456259 1.458947 -1.041145 2.861861 0.024213 0.015152 -0.013761 0.999497
1723706165.506258 1.460657 -1.042111 2.870388 0.025816 0.015475 -0.013824 0.999451
1723706165.556262 1.462883 -1.044514 2.877727 0.025499 0.015355 -0.008796 0.999518
1723706165.606258 1.464749 -1.045035 2.879733 0.025046 0.015753 -0.003671 0.999555
1723706165.656257 1.466436 -1.043255 2.886276 0.024532 0.016289 0.001269 0.999566
1723706165.706258 1.464944 -1.043710 2.888449 0.024065 0.017448 0.003168 0.999553
1723706165.756259 1.468385 -1.041146 2.888539 0.022182 0.016715 0.003023 0.999610
1723706165.806257 1.467875 -1.037199 2.892961 0.022478 0.017697 -0.000154 0.999591
1723706165.856260 1.469506 -1.035750 2.895308 0.023116 0.018198 -0.003076 0.999562
1723706165.906271 1.469246 -1.028097 2.890050 0.021968 0.017717 -0.002364 0.999599
1723706165.956258 1.472430 -1.026031 2.886759 0.016123 0.017371 0.002179 0.999717
1723706166.006259 1.473498 -1.019297 2.887545 0.010719 0.017156 0.005471 0.999780
1723706166.056259 1.476738 -1.013069 2.885988 0.009059 0.017010 0.006008 0.999796
1723706166.106304 1.477277 -1.007213 2.883060 0.008683 0.016957 0.003312 0.999813
1723706166.156259 1.481923 -1.001272 2.877948 0.004980 0.015930 0.001483 0.999860
1723706166.206259 1.484231 -1.002496 2.874304 -0.000356 0.015462 0.000135 0.999880
1723706166.256260 1.485518 -1.001236 2.872070 -0.004578 0.014927 -0.001365 0.999877
1723706166.306257 1.485133 -0.999515 2.873889 -0.003117 0.015525 -0.005817 0.999858
1723706166.356258 1.487724 -0.997870 2.867335 0.001136 0.015145 -0.003629 0.999878
1723706166.406260 1.494908 -0.995819 2.867214 0.003314 0.014258 -0.004301 0.999884
1723706166.456261 1.492260 -0.991454 2.859108 -0.001281 0.014217 -0.005343 0.999884
1723706166.506258 1.495193 -0.989585 2.858515 -0.008204 0.014043 -0.006385 0.999847
1723706166.556257 1.496524 -0.988656 2.856812 -0.015149 0.013977 -0.008485 0.999752
1723706166.606258 1.497085 -0.990833 2.853992 -0.019923 0.014226 -0.011585 0.999633
1723706166.656261 1.499502 -0.993763 2.855058 -0.020108 0.014485 -0.015340 0.999575
1723706166.706264 1.498467 -0.994462 2.856416 -0.017211 0.015595 -0.015608 0.999608
1723706166.756257 1.498724 -0.998611 2.859934 -0.014472 0.016429 -0.014038 0.999662
1723706166.806257 1.497930 -0.998715 2.860286 -0.011871 0.017389 -0.013897 0.999682
1723706166.856265 1.500223 -1.003252 2.861314 -0.011504 0.017936 -0.011484 0.999707
1723706166.906264 1.501201 -1.004216 2.867702 -0.011727 0.018241 -0.007911 0.999734
1723706166.956260 1.500983 -1.009158 2.873035 -0.011756 0.018609 -0.004497 0.999748
1723706167.006265 1.499259 -1.008074 2.875554 -0.012764 0.019103 0.000595 0.999736
1723706167.056257 1.498818 -1.007818 2.883814 -0.008936 0.019627 0.002772 0.999764
1723706167.106261 1.498603 -1.008860 2.888222 -0.006002 0.019450 0.002939 0.999789
1723706167.156259 1.499412 -1.003654 2.897101 -0.000691 0.018770 0.004057 0.999815
1723706167.206259 1.499815 -1.001869 2.899831 0.005478 0.018192 0.001462 0.999818
1723706167.256258 1.498984 -1.000168 2.906268 0.008807 0.017966 -0.000875 0.999799
1723706167.306257 1.500184 -0.993737 2.909921 0.009608 0.016997 -0.003984 0.999801
1723706167.356258 1.499869 -0.993610 2.915544 0.004758 0.016929 -0.001204 0.999845
1723706167.406257 1.502686 -0.992104 2.923594 0.001918 0.016380 0.001773 0.999862
1723706167.456260 1.504478 -0.989582 2.927821 0.001774 0.016320 0.002454 0.999862
1723706167.506258 1.502244 -0.990861 2.933401 0.003198 0.017056 0.000474 0.999849
1723706167.556256 1.503986 -0.989070 2.935683 0.006573 0.016504 -0.003771 0.999835
1723706167.606256 1.504491 -0.989850 2.941738 0.007710 0.016517 -0.008691 0.999796
1723706167.656256 1.507954 -0.992822 2.944112 0.008459 0.015646 -0.010312 0.999789
1723706167.706256 1.508193 -0.997285 2.946059 0.008764 0.015766 -0.011962 0.999766
1723706167.756258 1.510983 -0.998764 2.948584 0.008219 0.015821 -0.009668 0.999794
1723706167.806256 1.512678 -1.001545 2.953472 0.009096 0.015931 -0.009648 0.999785
1723706167.856258 1.511698 -1.004279 2.956361 0.011213 0.016521 -0.007839 0.999770
1723706167.906255 1.513980 -1.006432 2.957762 0.014134 0.016351 -0.006816 0.999743
1723706167.956255 1.514311 -1.007326 2.961420 0.017733 0.016537 -0.007850 0.999675
1723706168.006255 1.515931 -1.009781 2.959395 0.019175 0.016544 -0.007724 0.999649
1723706168.056257 1.515325 -1.007579 2.963462 0.021733 0.017055 -0.009602 0.999572
1723706168.106256 1.515172 -1.006684 2.966247 0.023774 0.017617 -0.015360 0.999444
1723706168.156256 1.516871 -1.004313 2.966939 0.024965 0.017881 -0.020574 0.999317
1723706168.206263 1.515023 -1.001506 2.957655 0.022875 0.018079 -0.019715 0.999380
1723706168.256255 1.514496 -1.000322 2.956297 0.017299 0.018317 -0.016477 0.999547
1723706168.306256 1.512704 -0.999766 2.955275 0.008046 0.018761 -0.011037 0.999731
1723706168.356256 1.511663 -0.998468 2.953053 -0.000401 0.018596 -0.006047 0.999809
1723706168.406255 1.510451 -0.999297 2.951103 -0.008196 0.018368 -0.000518 0.999798
1723706168.456256 1.507733 -0.999758 2.951443 -0.011644 0.018845 0.001647 0.999753
1723706168.506263 1.505538 -1.002123 2.951896 -0.010898 0.018985 -0.000385 0.999760
1723706168.556262 1.505449 -1.004869 2.949607 -0.009206 0.018614 -0.003515 0.999778
1723706168.606318 1.505072 -1.000379 2.947618 -0.015367 0.017820 -0.000198 0.999723
1723706168.656255 1.505757 -1.003769 2.949325 -0.020474 0.017306 0.001705 0.999639
1723706168.706255 1.509381 -1.006921 2.952968 -0.021833 0.015787 0.002591 0.999634
1723706168.756264 1.501678 -1.006266 2.957496 -0.019011 0.016797 -0.006973 0.999654
1723706168.806254 1.501291 -1.009312 2.957660 -0.014615 0.016166 -0.014174 0.999662
1723706168.856256 1.501068 -1.012957 2.961294 -0.007640 0.015548 -0.017562 0.999696
1723706168.906255 1.500481 -1.017814 2.965183 0.003835 0.014871 -0.019510 0.999692
1723706168.956254 1.498554 -1.023106 2.968307 0.013307 0.014280 -0.025070 0.999495
1723706169.006254 1.493440 -1.027332 2.971366 0.019765 0.014087 -0.039455 0.998927
1723706169.056256 1.489461 -1.033086 2.975219 0.023370 0.013017 -0.061569 0.997744
1723706169.106255 1.479303 -1.039144 2.974496 0.026952 0.012855 -0.087756 0.995694
1723706169.156256 1.465763 -1.046549 2.974077 0.028878 0.012738 -0.117831 0.992532
1723706169.206255 1.444844 -1.053216 2.978323 0.026275 0.013155 -0.151858 0.987965
1723706169.256257 1.417307 -1.061856 2.975729 0.024165 0.013401 -0.191473 0.981109
1723706169.306254 1.378900 -1.070539 2.974786 0.021204 0.013948 -0.226973 0.973570
1723706169.356256 1.332327 -1.080688 2.971126 0.019200 0.013838 -0.251057 0.967683
1723706169.406255 1.272187 -1.091083 2.966738 0.019016 0.013893 -0.274696 0.961243
1723706169.456254 1.199946 -1.101701 2.961087 0.017563 0.014020 -0.294548 0.955373
1723706169.506255 1.112254 -1.113235 2.955627 0.015132 0.014684 -0.305749 0.951879
1723706169.556257 1.009299 -1.124417 2.946134 0.013508 0.015529 -0.314643 0.948987
1723706169.606256 0.889926 -1.134428 2.941690 0.014383 0.015931 -0.324504 0.945641
1723706169.656255 0.756521 -1.144767 2.935147 0.017129 0.016204 -0.330779 0.943414
1723706169.706254 0.605215 -1.152724 2.929974 0.021683 0.016909 -0.329893 0.943618
1723706169.756254 0.441539 -1.162014 2.923144 0.025247 0.017606 -0.317430 0.947782
1723706169.806253 0.263840 -1.171040 2.913373 0.026052 0.018324 -0.298247 0.953957
1723706169.856256 0.073003 -1.182312 2.903560 0.025417 0.018702 -0.264299 0.963924
1723706169.906254 -0.130367 -1.195912 2.895903 0.025979 0.018552 -0.223858 0.974099
1723706169.956254 -0.341670 -1.210525 2.882719 0.026638 0.018396 -0.174427 0.984138
1723706170.006253 -0.556154 -1.226235 2.870000 0.028678 0.017933 -0.113386 0.992975
1723706170.056253 -0.771928 -1.242495 2.848994 0.028805 0.017491 -0.034444 0.998838
1723706170.106253 -0.988788 -1.250260 2.830630 0.024655 0.014962 0.044930 0.998574
1723706170.156256 -1.196311 -1.251761 2.823332 0.015636 0.004707 0.103138 0.994533
1723706170.206254 -1.401999 -1.245773 2.813905 0.001897 -0.011722 0.149754 0.988652
1723706170.256253 -1.595154 -1.236060 2.801583 -0.011911 -0.034282 0.194232 0.980284
1723706170.306253 -1.778813 -1.221022 2.787724 -0.021118 -0.060863 0.238437 0.969019
1723706170.356253 -1.953466 -1.193508 2.773600 -0.026044 -0.090566 0.283258 0.954403
1723706170.406254 -2.115846 -1.156860 2.760827 -0.027441 -0.124654 0.324260 0.937318
1723706170.456254 -2.264231 -1.110702 2.753785 -0.024943 -0.163747 0.362111 0.917301
1723706170.506254 -2.391329 -1.057082 2.744534 -0.017717 -0.206715 0.395041 0.894929
1723706170.556253 -2.500753 -0.995278 2.746093 -0.002713 -0.252719 0.419396 0.871913
1723706170.606253 -2.585765 -0.927728 2.755957 0.019286 -0.300674 0.435164 0.848443
1723706170.656254 -2.641709 -0.858105 2.769480 0.053460 -0.345131 0.438007 0.828358
1723706170.706253 -2.666953 -0.790168 2.787934 0.096720 -0.384481 0.429417 0.811431
1723706170.756253 -2.664790 -0.723860 2.812070 0.142754 -0.416813 0.405923 0.800696
1723706170.806252 -2.625977 -0.659611 2.836851 0.182499 -0.443819 0.374768 0.793264
1723706170.856252 -2.559317 -0.602955 2.861352 0.220960 -0.461265 0.323066 0.796266
1723706170.906252 -2.459706 -0.542575 2.887923 0.258182 -0.464742 0.246410 0.810333
1723706170.956253 -2.335239 -0.501079 2.920203 0.279812 -0.463892 0.180696 0.820889
1723706171.006253 -2.199535 -0.469264 2.924013 0.248989 -0.459744 0.118670 0.844131
1723706171.056252 -2.036651 -0.446842 2.928287 0.197409 -0.454902 0.089580 0.863753
1723706171.106252 -1.858639 -0.436175 2.917957 0.127046 -0.441083 0.070391 0.885636
1723706171.156252 -1.678497 -0.443809 2.908961 0.058015 -0.419745 0.076548 0.902546
1723706171.206253 -1.489427 -0.454207 2.904807 0.013700 -0.392083 0.092855 0.915129
1723706171.256253 -1.294230 -0.471546 2.894461 -0.003775 -0.358290 0.103338 0.927866
1723706171.306252 -1.100796 -0.483586 2.886545 -0.008480 -0.321118 0.104936 0.941170
1723706171.356252 -0.903734 -0.492152 2.882677 -0.016873 -0.284373 0.099048 0.953434
1723706171.406252 -0.706714 -0.497354 2.884416 -0.026234 -0.248563 0.085825 0.964449
1723706171.456253 -0.512557 -0.497278 2.882951 -0.032465 -0.211250 0.068561 0.974484
1723706171.506253 -0.320543 -0.497088 2.882508 -0.035938 -0.173621 0.046102 0.983076
1723706171.556252 -0.135226 -0.497397 2.884823 -0.041738 -0.135656 0.014048 0.989777
1723706171.606252 0.055055 -0.496829 2.889195 -0.045943 -0.099809 -0.020479 0.993734
1723706171.656252 0.239953 -0.500653 2.899041 -0.047578 -0.064341 -0.061429 0.994899
1723706171.706253 0.421607 -0.505770 2.909184 -0.044547 -0.029869 -0.102307 0.993306
1723706171.756252 0.584719 -0.513388 2.923432 -0.040577 0.007798 -0.140846 0.989169
1723706171.806252 0.736885 -0.523295 2.940112 -0.034937 0.046116 -0.180979 0.981784
1723706171.856251 0.874883 -0.535637 2.959506 -0.025096 0.085554 -0.213519 0.972862
1723706171.906251 1.001694 -0.548977 2.976656 -0.013022 0.125419 -0.239173 0.962755
1723706171.956251 1.114554 -0.564251 2.997186 0.000481 0.166359 -0.257031 0.951976
1723706172.006252 1.210788 -0.581571 3.017520 0.013476 0.206943 -0.271640 0.939790
1723706172.056252 1.289127 -0.603191 3.038770 0.026732 0.245852 -0.283458 0.926549
1723706172.106253 1.350740 -0.625655 3.063918 0.044736 0.282696 -0.295032 0.911613
1723706172.156251 1.388980 -0.655079 3.088275 0.066669 0.318631 -0.298617 0.897138
1723706172.206251 1.410361 -0.684022 3.111736 0.089253 0.352874 -0.294910 0.883483
1723706172.256252 1.415866 -0.711320 3.139026 0.111865 0.385616 -0.287153 0.869672
1723706172.306253 1.396099 -0.749768 3.160668 0.131462 0.416560 -0.278908 0.855223
1723706172.356251 1.362623 -0.787750 3.184930 0.151069 0.445000 -0.269630 0.840508
1723706172.406251 1.296613 -0.813981 3.215781 0.172651 0.470022 -0.255565 0.827017
1723706172.456251 1.226764 -0.845700 3.230623 0.205232 0.478476 -0.228589 0.822610
1723706172.506253 1.128732 -0.891622 3.240211 0.233699 0.474480 -0.188492 0.827481
1723706172.556253 1.017418 -0.944488 3.233122 0.244854 0.462955 -0.149692 0.838637
1723706172.606251 0.883753 -0.987593 3.233361 0.240610 0.451164 -0.123772 0.850434
1723706172.656251 0.737577 -1.027616 3.229977 0.223705 0.437781 -0.115279 0.863142
1723706172.706251 0.581908 -1.071383 3.217118 0.200265 0.420407 -0.115748 0.877356
1723706172.756252 0.402801 -1.106219 3.192936 0.176286 0.399003 -0.121818 0.891560
1723706172.806251 0.228928 -1.136589 3.159098 0.153012 0.372675 -0.131231 0.905803
1723706172.856251 0.049294 -1.178931 3.130965 0.128357 0.343867 -0.137133 0.920040
1723706172.906250 -0.133119 -1.206752 3.090384 0.106963 0.311244 -0.141198 0.933675
1723706172.956250 -0.316638 -1.229868 3.043061 0.084185 0.275797 -0.136865 0.947690
1723706173.006250 -0.503072 -1.249555 2.997216 0.062114 0.238938 -0.124091 0.961068
1723706173.056252 -0.693503 -1.264672 2.944133 0.037014 0.200551 -0.105905 0.973238
1723706173.106251 -0.882951 -1.273050 2.900901 0.010471 0.161920 -0.083635 0.983198
1723706173.156250 -1.069471 -1.274184 2.857616 -0.013170 0.123060 -0.054783 0.990798
1723706173.206250 -1.256285 -1.273342 2.819263 -0.031303 0.085407 -0.016764 0.995713
1723706173.256250 -1.439673 -1.269818 2.778759 -0.043815 0.049035 0.024686 0.997530
1723706173.306251 -1.621529 -1.266436 2.736439 -0.049698 0.014391 0.066568 0.996440
1723706173.356251 -1.795625 -1.253408 2.703714 -0.054579 -0.018957 0.114976 0.991687
1723706173.406250 -1.963163 -1.235889 2.672290 -0.057127 -0.051602 0.165312 0.983232
1723706173.456250 -2.117932 -1.212510 2.644531 -0.055014 -0.085367 0.214759 0.971373
1723706173.506250 -2.261764 -1.183193 2.618287 -0.051006 -0.120993 0.259526 0.956768
1723706173.556251 -2.395807 -1.147731 2.595196 -0.045993 -0.158154 0.300622 0.939414
1723706173.606251 -2.511417 -1.105109 2.579372 -0.044068 -0.199041 0.341278 0.917589
1723706173.656250 -2.608294 -1.059307 2.562148 -0.039976 -0.240346 0.374668 0.894572
1723706173.706250 -2.692821 -1.004219 2.558945 -0.025443 -0.280864 0.400802 0.871680
1723706173.756250 -2.751231 -0.945336 2.561352 0.001688 -0.319827 0.416759 0.850893
1723706173.806252 -2.787569 -0.886908 2.567996 0.029789 -0.357645 0.425099 0.830959
1723706173.856250 -2.796716 -0.821396 2.584525 0.059977 -0.394661 0.422253 0.813848
1723706173.906250 -2.778056 -0.763004 2.610337 0.092051 -0.428201 0.410720 0.799674
1723706173.956249 -2.738477 -0.701243 2.637058 0.136091 -0.451779 0.385062 0.793159
1723706174.006249 -2.663442 -0.643088 2.671937 0.191328 -0.459774 0.340639 0.797476
1723706174.056251 -2.553063 -0.584036 2.711334 0.233886 -0.458564 0.284075 0.808899
1723706174.106251 -2.441436 -0.540311 2.741920 0.251891 -0.449739 0.223343 0.827287
1723706174.156250 -2.295370 -0.510754 2.760452 0.238133 -0.439931 0.169200 0.849190
1723706174.206249 -2.131417 -0.482987 2.774710 0.191076 -0.430690 0.140278 0.870815
1723706174.256252 -1.949623 -0.465588 2.790291 0.131420 -0.418498 0.136772 0.888190
1723706174.306250 -1.758783 -0.465354 2.791533 0.077784 -0.395630 0.141410 0.904118
1723706174.356250 -1.551797 -0.468517 2.796076 0.033916 -0.367158 0.151417 0.917125
1723706174.406250 -1.342012 -0.474272 2.801771 0.003500 -0.333349 0.151293 0.930579
1723706174.456249 -1.128071 -0.480832 2.807567 -0.019897 -0.297123 0.135980 0.944897
1723706174.506249 -0.915931 -0.483307 2.816100 -0.036655 -0.258998 0.110309 0.958858
1723706174.556250 -0.703807 -0.490559 2.825058 -0.051033 -0.219695 0.071215 0.971627
1723706174.606250 -0.489878 -0.495190 2.840266 -0.063326 -0.180909 0.032252 0.980929
1723706174.656250 -0.269973 -0.508455 2.858526 -0.074518 -0.144356 -0.007029 0.986691
1723706174.706251 -0.055355 -0.510132 2.880923 -0.077289 -0.107399 -0.043920 0.990234
1723706174.756249 0.153726 -0.515437 2.906258 -0.077301 -0.070385 -0.083194 0.991034
1723706174.806250 0.350995 -0.521256 2.935009 -0.070506 -0.033448 -0.128043 0.988694
1723706174.856250 0.519356 -0.527033 2.968240 -0.055225 0.007476 -0.173506 0.983255
1723706174.906249 0.688480 -0.537861 3.001060 -0.036331 0.043839 -0.211784 0.975657
1723706174.956249 0.842098 -0.548070 3.031207 -0.016741 0.081131 -0.245990 0.965726
1723706175.006248 0.980853 -0.555082 3.065701 0.003246 0.119900 -0.273788 0.954282
1723706175.056248 1.103619 -0.563614 3.102698 0.023264 0.160372 -0.294740 0.941737
1723706175.106249 1.204777 -0.575560 3.137115 0.042605 0.201958 -0.309695 0.928163
1723706175.156249 1.284015 -0.589520 3.177348 0.066280 0.242538 -0.319170 0.913736
1723706175.206249 1.342372 -0.603948 3.209542 0.090707 0.281453 -0.320084 0.900057
1723706175.256248 1.375723 -0.620297 3.245644 0.113608 0.318920 -0.312116 0.887675
1723706175.306248 1.388560 -0.645320 3.275544 0.136104 0.352424 -0.298390 0.876491
1723706175.356249 1.375178 -0.676811 3.300527 0.155282 0.382506 -0.282995 0.865731
1723706175.406249 1.342429 -0.702215 3.322649 0.172571 0.410395 -0.267510 0.854537
1723706175.456251 1.284162 -0.737735 3.343785 0.185160 0.436984 -0.249720 0.844038
1723706175.506248 1.209171 -0.770743 3.356711 0.194121 0.460774 -0.233450 0.833970
1723706175.556251 1.100056 -0.795435 3.375473 0.214483 0.474118 -0.201885 0.829730
1723706175.606249 1.002424 -0.830303 3.361961 0.233450 0.472145 -0.168897 0.833099
1723706175.656249 0.883648 -0.877883 3.352271 0.237927 0.464925 -0.142408 0.840806
1723706175.706249 0.759363 -0.916798 3.333070 0.228595 0.452478 -0.123968 0.853018
1723706175.756248 0.610832 -0.946456 3.318711 0.209176 0.437605 -0.109314 0.867639
1723706175.806248 0.456874 -0.985903 3.292779 0.183213 0.418312 -0.105267 0.883384
1723706175.856249 0.289252 -1.020230 3.261544 0.157498 0.395159 -0.110383 0.898253
1723706175.906249 0.116183 -1.058334 3.229388 0.132033 0.368002 -0.118140 0.912790
1723706175.956248 -0.052305 -1.090511 3.185445 0.106467 0.336190 -0.122056 0.927762
1723706176.006248 -0.244384 -1.120061 3.140114 0.077432 0.302720 -0.118895 0.942459
1723706176.056247 -0.423181 -1.151282 3.078830 0.050253 0.265213 -0.109729 0.956607
1723706176.106247 -0.607835 -1.173095 3.033978 0.029723 0.227709 -0.097453 0.968384
1723706176.156248 -0.792368 -1.196285 2.977228 0.008803 0.189154 -0.079618 0.978675
1723706176.206248 -0.973259 -1.212070 2.929713 -0.011470 0.150022 -0.058307 0.986895
1723706176.256248 -1.154550 -1.226316 2.877220 -0.031176 0.111197 -0.031753 0.992802
1723706176.306247 -1.334949 -1.237409 2.826302 -0.049889 0.073638 -0.000599 0.996036
1723706176.356247 -1.517457 -1.240990 2.775046 -0.065371 0.038619 0.034894 0.996503
1723706176.406248 -1.689643 -1.242703 2.733639 -0.075922 0.005210 0.075898 0.994207
1723706176.456248 -1.857842 -1.236120 2.695129 -0.082296 -0.026052 0.124356 0.988476
1723706176.506248 -2.016121 -1.225209 2.660957 -0.089456 -0.057119 0.177605 0.978362
1723706176.556247 -2.162453 -1.211904 2.625984 -0.092151 -0.087609 0.230336 0.964768
1723706176.606247 -2.300841 -1.188090 2.597983 -0.091925 -0.119348 0.278795 0.948461
1723706176.656248 -2.426003 -1.156502 2.574404 -0.087422 -0.153531 0.319702 0.930901
1723706176.706248 -2.538724 -1.118959 2.553124 -0.076898 -0.189988 0.354061 0.912487
1723706176.756248 -2.635537 -1.075297 2.538112 -0.064378 -0.230541 0.383452 0.892004
1723706176.806247 -2.713042 -1.026476 2.530876 -0.047269 -0.273454 0.406565 0.870456
1723706176.856247 -2.767786 -0.967312 2.539994 -0.017558 -0.315866 0.420711 0.850249
1723706176.906248 -2.796997 -0.910605 2.551497 0.014637 -0.357157 0.428664 0.829742
1723706176.956248 -2.799444 -0.852795 2.569596 0.051405 -0.395706 0.424455 0.812781
1723706177.006247 -2.774880 -0.794929 2.595272 0.091848 -0.429781 0.411962 0.798210
1723706177.056247 -2.730875 -0.740090 2.629060 0.134497 -0.456528 0.389718 0.788424
1723706177.106246 -2.654582 -0.682653 2.666755 0.186481 -0.467810 0.344065 0.792463
1723706177.156249 -2.548002 -0.636734 2.702318 0.222415 -0.468573 0.281125 0.807428
1723706177.206247 -2.438942 -0.590416 2.734792 0.230930 -0.463906 0.224420 0.825287
1723706177.256247 -2.279842 -0.546234 2.752128 0.207427 -0.457518 0.174494 0.846878
1723706177.306247 -2.115079 -0.517741 2.779416 0.159231 -0.446981 0.142926 0.868577
1723706177.356249 -1.930395 -0.506242 2.798115 0.108448 -0.428114 0.129141 0.887852
1723706177.406246 -1.741768 -0.506566 2.808138 0.072417 -0.399962 0.113912 0.906537
1723706177.456247 -1.541134 -0.513464 2.818116 0.047047 -0.367896 0.103877 0.922848
1723706177.506247 -1.337601 -0.519247 2.827306 0.033111 -0.332297 0.095239 0.937770
1723706177.556247 -1.136531 -0.527346 2.833055 0.024787 -0.293801 0.082644 0.951965
1723706177.606246 -0.931988 -0.531663 2.843748 0.017979 -0.255814 0.068970 0.964095
1723706177.656246 -0.730914 -0.535692 2.850825 0.006989 -0.216590 0.053320 0.974780
1723706177.706247 -0.538568 -0.536288 2.853088 -0.003789 -0.175517 0.033544 0.983897
1723706177.756247 -0.337755 -0.529364 2.860563 -0.015263 -0.138285 0.008238 0.990241
1723706177.806247 -0.144549 -0.527573 2.867069 -0.029038 -0.099479 -0.019998 0.994415
1723706177.856246 0.047627 -0.527167 2.874581 -0.038441 -0.062560 -0.053126 0.995885
1723706177.906246 0.227309 -0.527454 2.879663 -0.044202 -0.024462 -0.091849 0.994491
1723706177.956247 0.397928 -0.531371 2.887594 -0.047684 0.013498 -0.129839 0.990296
1723706178.006247 0.558461 -0.536296 2.896710 -0.047094 0.051587 -0.167309 0.983427
1723706178.056247 0.706483 -0.539555 2.911944 -0.041258 0.088755 -0.206077 0.973629
1723706178.106246 0.846526 -0.547146 2.924166 -0.032369 0.124758 -0.240124 0.962148
1723706178.156245 0.967478 -0.553968 2.937850 -0.021613 0.162956 -0.267386 0.949464
1723706178.206245 1.071380 -0.563656 2.955614 -0.008277 0.201491 -0.290643 0.935339
1723706178.256246 1.156679 -0.574673 2.974702 0.008126 0.239225 -0.306825 0.921175
1723706178.306246 1.222758 -0.590034 2.998529 0.025892 0.275622 -0.316825 0.907185
1723706178.356247 1.263001 -0.610292 3.017409 0.042077 0.310909 -0.321860 0.893292
1723706178.406245 1.286282 -0.632481 3.040265 0.058579 0.344624 -0.320670 0.880326
1723706178.456245 1.283904 -0.660050 3.067827 0.079051 0.376247 -0.310637 0.869307
1723706178.506248 1.261183 -0.694188 3.090575 0.101249 0.405149 -0.296784 0.858791
1723706178.556247 1.222496 -0.726651 3.118244 0.121180 0.433099 -0.283053 0.847126
1723706178.606246 1.156278 -0.757091 3.149811 0.142486 0.457858 -0.262781 0.837263
1723706178.656245 1.063723 -0.803853 3.175183 0.171246 0.470377 -0.230909 0.834327
1723706178.706245 0.958046 -0.837529 3.186005 0.199732 0.470388 -0.196111 0.836889
1723706178.756246 0.838321 -0.887204 3.196970 0.212446 0.464492 -0.161264 0.844457
1723706178.806246 0.705437 -0.923604 3.204336 0.210900 0.454617 -0.136630 0.854504
1723706178.856246 0.563955 -0.980107 3.204161 0.197339 0.440648 -0.122021 0.867178
1723706178.906245 0.403261 -1.024163 3.199361 0.180185 0.423056 -0.119393 0.879945
1723706178.956245 0.240098 -1.069160 3.187671 0.162007 0.400878 -0.122615 0.893318
1723706179.006246 0.071267 -1.107286 3.166530 0.144313 0.374434 -0.128055 0.906959
1723706179.056246 -0.105676 -1.139193 3.145156 0.125802 0.345022 -0.130911 0.920867
1723706179.106245 -0.283046 -1.168514 3.112350 0.106154 0.311868 -0.129942 0.935192
1723706179.156245 -0.471490 -1.192582 3.081979 0.083381 0.277577 -0.122815 0.949166
1723706179.206244 -0.649605 -1.218707 3.037096 0.058943 0.239627 -0.112153 0.962562
1723706179.256244 -0.837075 -1.238061 2.993460 0.033605 0.201217 -0.095310 0.974320
1723706179.306244 -1.026474 -1.252893 2.945177 0.009171 0.161713 -0.072147 0.984154
1723706179.356245 -1.217716 -1.264744 2.901931 -0.011888 0.122759 -0.041970 0.991477
1723706179.406245 -1.404760 -1.269313 2.863706 -0.031347 0.084610 -0.003547 0.995915
1723706179.456244 -1.594730 -1.270765 2.821234 -0.049350 0.048445 0.041415 0.996746
1723706179.506244 -1.775028 -1.268107 2.786561 -0.062881 0.013362 0.092811 0.993606
1723706179.556244 -1.946946 -1.258795 2.755883 -0.069673 -0.019740 0.144047 0.986918
1723706179.606245 -2.111953 -1.245968 2.722841 -0.071856 -0.050996 0.196990 0.976438
1723706179.656245 -2.265097 -1.223420 2.695791 -0.066426 -0.082523 0.247910 0.962974
1723706179.706244 -2.406908 -1.193775 2.674042 -0.058949 -0.116765 0.294481 0.946664
1723706179.756244 -2.535972 -1.158197 2.657227 -0.050147 -0.153661 0.334599 0.928395
1723706179.806244 -2.647441 -1.117239 2.639012 -0.036810 -0.193188 0.367895 0.908832
1723706179.856245 -2.740725 -1.071189 2.627542 -0.021923 -0.236078 0.395358 0.887400
1723706179.906245 -2.816731 -1.018451 2.623658 -0.005258 -0.280551 0.415015 0.865463
1723706179.956244 -2.867629 -0.961607 2.626527 0.018746 -0.323592 0.425012 0.845164
1723706180.006244 -2.889436 -0.903043 2.628701 0.049313 -0.363407 0.427039 0.826523
1723706180.056246 -2.891267 -0.844912 2.644199 0.083427 -0.398713 0.420887 0.810507
1723706180.106245 -2.868670 -0.784659 2.661108 0.118520 -0.429618 0.405944 0.797867
1723706180.156244 -2.818123 -0.716915 2.685141 0.153055 -0.455561 0.383748 0.788528
1723706180.206244 -2.735057 -0.664035 2.712335 0.193463 -0.466610 0.336362 0.794800
1723706180.256244 -2.635866 -0.613343 2.726106 0.228176 -0.462433 0.272187 0.812407
1723706180.306243 -2.518056 -0.567776 2.743534 0.232012 -0.454606 0.208960 0.834170
1723706180.356246 -2.370457 -0.528939 2.758587 0.201764 -0.446350 0.161544 0.856718
1723706180.406244 -2.206718 -0.500722 2.768767 0.159565 -0.434198 0.144431 0.874729
1723706180.456245 -2.032069 -0.481862 2.760307 0.120121 -0.413291 0.140411 0.891654
1723706180.506243 -1.844026 -0.466509 2.759670 0.084363 -0.388691 0.143428 0.906218
1723706180.556243 -1.650686 -0.456067 2.760560 0.050541 -0.360045 0.146683 0.919944
1723706180.606243 -1.450384 -0.449781 2.754665 0.021755 -0.326755 0.143527 0.933894
1723706180.656244 -1.243547 -0.445521 2.752525 -0.005094 -0.292160 0.133374 0.947010
1723706180.706244 -1.037039 -0.440419 2.750100 -0.030555 -0.255886 0.115363 0.959312
1723706180.756243 -0.826358 -0.436050 2.752505 -0.054194 -0.219800 0.089081 0.969956
1723706180.806243 -0.615323 -0.434866 2.758781 -0.075515 -0.182708 0.060570 0.978390
1723706180.856243 -0.408258 -0.432304 2.768311 -0.091238 -0.146068 0.027862 0.984664
1723706180.906244 -0.204269 -0.436170 2.780643 -0.101088 -0.109541 -0.006767 0.988805
1723706180.956244 -0.005415 -0.444073 2.796854 -0.105466 -0.073208 -0.041946 0.990837
1723706181.006243 0.183107 -0.452942 2.816404 -0.105322 -0.037065 -0.080898 0.990449
1723706181.056243 0.360041 -0.462365 2.841433 -0.100608 -0.000812 -0.121754 0.987448
1723706181.106243 0.523005 -0.472325 2.871218 -0.090216 0.035985 -0.164238 0.981627
1723706181.156244 0.672332 -0.487000 2.902734 -0.074566 0.073099 -0.203805 0.973427
1723706181.206243 0.814730 -0.503710 2.935351 -0.055992 0.110138 -0.237877 0.963405
1723706181.256243 0.940181 -0.518148 2.971618 -0.033317 0.149133 -0.269890 0.950689
1723706181.306242 1.051477 -0.535368 3.006853 -0.009169 0.187880 -0.295427 0.936665
1723706181.356242 1.140746 -0.554348 3.045259 0.015852 0.227794 -0.318407 0.920041
1723706181.406242 1.211256 -0.573337 3.087244 0.040640 0.268104 -0.333608 0.902870
1723706181.456243 1.258149 -0.592712 3.128905 0.065986 0.307420 -0.338995 0.886691
1723706181.506243 1.285996 -0.616000 3.170932 0.092240 0.343959 -0.336993 0.871561
1723706181.556242 1.285498 -0.643667 3.212734 0.118052 0.377618 -0.331396 0.856531
1723706181.606242 1.261697 -0.674126 3.253126 0.144685 0.407454 -0.318800 0.843454
1723706181.656242 1.213280 -0.704580 3.292161 0.174119 0.433146 -0.296253 0.833247
1723706181.706243 1.148233 -0.737073 3.317998 0.201045 0.453045 -0.267629 0.826260
1723706181.756243 1.062753 -0.780564 3.338520 0.230659 0.460854 -0.223522 0.827314
1723706181.806242 0.965309 -0.834269 3.349036 0.251453 0.457390 -0.172256 0.835400
1723706181.856242 0.843235 -0.863784 3.351285 0.255585 0.450126 -0.125883 0.846296
1723706181.906242 0.708135 -0.901199 3.353233 0.241590 0.440774 -0.093737 0.859398
1723706181.956244 0.556291 -0.933507 3.336839 0.215078 0.428326 -0.083624 0.873662
1723706182.006243 0.403693 -0.977326 3.311863 0.186407 0.411444 -0.090183 0.887600
1723706182.056242 0.240001 -1.019529 3.277104 0.159759 0.389650 -0.105372 0.900859
1723706182.106242 0.071199 -1.049713 3.239323 0.135107 0.363514 -0.120581 0.913818
1723706182.156242 -0.097702 -1.087093 3.197046 0.106865 0.333935 -0.131420 0.927252
1723706182.206243 -0.272833 -1.123500 3.156847 0.077040 0.300639 -0.131240 0.941519
1723706182.256242 -0.466480 -1.151771 3.100441 0.045281 0.265699 -0.117998 0.955736
1723706182.306242 -0.658090 -1.180648 3.049578 0.016914 0.228636 -0.102165 0.967988
1723706182.356241 -0.848491 -1.202770 3.001188 -0.012282 0.190146 -0.078995 0.978496
1723706182.406241 -1.042433 -1.223274 2.948703 -0.040305 0.152533 -0.052057 0.986103
1723706182.456241 -1.230003 -1.236065 2.902695 -0.063831 0.114955 -0.020231 0.991111
1723706182.506242 -1.416018 -1.247923 2.855731 -0.078323 0.079421 0.017962 0.993597
1723706182.556242 -1.598571 -1.254060 2.807724 -0.089674 0.045905 0.061030 0.993039
1723706182.606241 -1.775876 -1.253298 2.764885 -0.097289 0.014290 0.107900 0.989287
1723706182.656241 -1.946654 -1.249521 2.720655 -0.099260 -0.015389 0.158335 0.982263
1723706182.706241 -2.107468 -1.235121 2.685289 -0.098389 -0.045621 0.207026 0.972306
1723706182.756242 -2.258446 -1.212008 2.653180 -0.096131 -0.077290 0.252174 0.959788
1723706182.806242 -2.398712 -1.187109 2.618468 -0.091471 -0.109804 0.295725 0.944523
1723706182.856241 -2.524885 -1.150154 2.593846 -0.084571 -0.145753 0.336843 0.926359
1723706182.906241 -2.635309 -1.106630 2.572113 -0.080699 -0.185791 0.374316 0.904907
1723706182.956241 -2.729368 -1.056452 2.557808 -0.070377 -0.227228 0.404891 0.882880
1723706183.006242 -2.804781 -0.997775 2.553922 -0.050548 -0.269642 0.425753 0.862249
1723706183.056242 -2.852341 -0.938947 2.554602 -0.021654 -0.311019 0.437991 0.843186
1723706183.106242 -2.877297 -0.871205 2.563395 0.014837 -0.351254 0.437973 0.827393
1723706183.156241 -2.878180 -0.806404 2.579775 0.055093 -0.387748 0.429087 0.813941
1723706183.206241 -2.851186 -0.741840 2.604741 0.099441 -0.420420 0.410241 0.803157
1723706183.256243 -2.797450 -0.677422 2.633727 0.148334 -0.444981 0.374925 0.799637
1723706183.306241 -2.718070 -0.599223 2.658212 0.200328 -0.454750 0.318801 0.807117
1723706183.356241 -2.619715 -0.534129 2.682139 0.235670 -0.452911 0.254045 0.821457
1723706183.406242 -2.514123 -0.489568 2.705583 0.238744 -0.445628 0.190262 0.841556
1723706183.456240 -2.366327 -0.455447 2.713368 0.207002 -0.439471 0.152715 0.860635
1723706183.506240 -2.197188 -0.427188 2.725856 0.151780 -0.432897 0.146153 0.876472
1723706183.556241 -2.016041 -0.413073 2.729230 0.100676 -0.416969 0.152680 0.890331
1723706183.606241 -1.827164 -0.409954 2.726795 0.057088 -0.392026 0.163675 0.903475
1723706183.656240 -1.627129 -0.411086 2.727174 0.016712 -0.361631 0.171402 0.916278
1723706183.706240 -1.420686 -0.414533 2.730731 -0.014263 -0.326934 0.169964 0.929528
1723706183.756240 -1.213670 -0.417521 2.735714 -0.038971 -0.290524 0.157815 0.942959
1723706183.806241 -1.006148 -0.417163 2.739197 -0.059737 -0.253049 0.138502 0.955623
1723706183.856241 -0.798217 -0.416980 2.745853 -0.078609 -0.215462 0.109689 0.967143
1723706183.906240 -0.587512 -0.411536 2.755346 -0.093302 -0.178984 0.075665 0.976491
1723706183.956240 -0.372551 -0.411257 2.767445 -0.102996 -0.145322 0.036382 0.983336
1723706184.006240 -0.167054 -0.415786 2.786945 -0.107558 -0.110885 -0.006539 0.987974
1723706184.056241 0.029294 -0.416789 2.808710 -0.107727 -0.075531 -0.051193 0.989985
1723706184.106241 0.228566 -0.417886 2.833453 -0.101639 -0.042324 -0.092389 0.989617
1723706184.156240 0.403210 -0.422537 2.861167 -0.091195 -0.005321 -0.135211 0.986597
1723706184.206240 0.576803 -0.424818 2.890175 -0.076841 0.029644 -0.176227 0.980898
1723706184.256240 0.732597 -0.428841 2.922446 -0.061434 0.066206 -0.212300 0.973022
1723706184.306241 0.874294 -0.431437 2.957190 -0.046245 0.104526 -0.242536 0.963386
1723706184.356240 0.994573 -0.436662 2.994479 -0.028832 0.144296 -0.270970 0.951274
1723706184.406240 1.100215 -0.444707 3.032316 -0.008318 0.183784 -0.291861 0.938601
1723706184.456239 1.184650 -0.454435 3.067662 0.013672 0.222861 -0.308652 0.924597
1723706184.506239 1.248938 -0.464739 3.107761 0.036680 0.261812 -0.320010 0.909781
1723706184.556239 1.291558 -0.479029 3.145500 0.059457 0.299749 -0.326088 0.894585
1723706184.606240 1.311320 -0.497888 3.184372 0.082399 0.335021 -0.324615 0.880680
1723706184.656240 1.310960 -0.517325 3.219956 0.105449 0.367106 -0.316776 0.868197
1723706184.706239 1.284879 -0.543996 3.253419 0.128206 0.396618 -0.303983 0.856651
1723706184.756239 1.243163 -0.568845 3.280807 0.149831 0.423164 -0.287730 0.845987
1723706184.806242 1.175465 -0.596970 3.308079 0.168858 0.447045 -0.266515 0.837023
1723706184.856240 1.084868 -0.621121 3.324342 0.194595 0.459163 -0.230711 0.835509
1723706184.906240 0.989159 -0.654048 3.326402 0.219073 0.457676 -0.189904 0.840522
1723706184.956239 0.880690 -0.699969 3.318383 0.228694 0.448200 -0.147545 0.851496
1723706185.006239 0.744635 -0.734269 3.321283 0.221515 0.438189 -0.115013 0.863536
1723706185.056239 0.596325 -0.773744 3.314619 0.202285 0.424256 -0.094187 0.877620
1723706185.106240 0.443095 -0.819757 3.296113 0.176688 0.406313 -0.092514 0.891702
1723706185.156242 0.282734 -0.864278 3.266942 0.151007 0.383801 -0.099231 0.905564
1723706185.206239 0.119056 -0.903637 3.228400 0.124715 0.356389 -0.107282 0.919741
1723706185.256239 -0.048978 -0.945141 3.181754 0.095495 0.324813 -0.108346 0.934686
1723706185.306239 -0.228715 -0.985264 3.138417 0.065442 0.291293 -0.105537 0.948540
1723706185.356240 -0.402249 -1.024770 3.082970 0.037971 0.254348 -0.097165 0.961470
1723706185.406239 -0.583993 -1.057600 3.026790 0.010752 0.216643 -0.079563 0.972944
1723706185.456239 -0.769314 -1.088609 2.970051 -0.013883 0.178485 -0.056379 0.982228
1723706185.506238 -0.950519 -1.116414 2.912684 -0.037659 0.139817 -0.028356 0.989055
1723706185.556238 -1.130652 -1.136683 2.862926 -0.058228 0.101840 0.003179 0.993090
1723706185.606238 -1.313616 -1.154315 2.809377 -0.076354 0.066254 0.038955 0.994114
1723706185.656239 -1.491938 -1.164025 2.756881 -0.090479 0.032225 0.078291 0.992293
1723706185.706239 -1.663112 -1.168730 2.708055 -0.100789 0.000524 0.121345 0.987480
1723706185.756238 -1.828552 -1.164512 2.663783 -0.108797 -0.029188 0.170623 0.978876
1723706185.806238 -1.983093 -1.154712 2.624327 -0.112223 -0.058310 0.220960 0.967048
1723706185.856238 -2.128555 -1.138411 2.586795 -0.111580 -0.088496 0.268596 0.952667
1723706185.906239 -2.262375 -1.115480 2.551244 -0.105315 -0.120152 0.309124 0.937504
1723706185.956239 -2.382869 -1.085573 2.523073 -0.096589 -0.154758 0.347548 0.919745
1723706186.006238 -2.489825 -1.049949 2.498857 -0.082706 -0.191790 0.377405 0.902187
1723706186.056238 -2.576652 -1.010964 2.478233 -0.067995 -0.232634 0.401733 0.883102
1723706186.106238 -2.645051 -0.964783 2.467409 -0.047026 -0.274294 0.420990 0.863318
1723706186.156239 -2.690222 -0.914993 2.465158 -0.019496 -0.315649 0.433188 0.843999
1723706186.206239 -2.710341 -0.861699 2.469308 0.012372 -0.355240 0.436447 0.826538
1723706186.256238 -2.707066 -0.804846 2.479197 0.045662 -0.392470 0.433127 0.810113
1723706186.306238 -2.678276 -0.748932 2.500047 0.081121 -0.426515 0.422401 0.795664
1723706186.356238 -2.621325 -0.688891 2.528306 0.120872 -0.453812 0.399186 0.787461
1723706186.406239 -2.541035 -0.628462 2.560677 0.168905 -0.466536 0.356234 0.791778
1723706186.456238 -2.439874 -0.584252 2.578911 0.204215 -0.466383 0.301062 0.806316
1723706186.506238 -2.327384 -0.524536 2.618850 0.216135 -0.463131 0.248470 0.822836
1723706186.556237 -2.181445 -0.475783 2.640938 0.204351 -0.455244 0.202261 0.842665
1723706186.606237 -2.022567 -0.434643 2.662879 0.172746 -0.444469 0.177321 0.860909
1723706186.656239 -1.848415 -0.408052 2.676534 0.124112 -0.429333 0.171628 0.877960
1723706186.706238 -1.663079 -0.386071 2.688145 0.076685 -0.406530 0.174965 0.893443
1723706186.756238 -1.468786 -0.367792 2.699330 0.029467 -0.378985 0.173309 0.908552
1723706186.806237 -1.265959 -0.352417 2.707517 -0.008052 -0.346746 0.162629 0.923718
1723706186.856237 -1.061322 -0.340190 2.721887 -0.036581 -0.311165 0.143850 0.938693
1723706186.906237 -0.852753 -0.329559 2.737060 -0.056824 -0.273162 0.120097 0.952749
1723706186.956238 -0.640332 -0.317618 2.756412 -0.072888 -0.236291 0.091539 0.964611
1723706187.006238 -0.433262 -0.302999 2.775829 -0.086674 -0.198551 0.060792 0.974356
1723706187.056237 -0.217660 -0.290959 2.803690 -0.097700 -0.165459 0.026520 0.981007
1723706187.106237 -0.013000 -0.285976 2.833849 -0.104075 -0.132141 -0.013821 0.985655
1723706187.156237 0.183343 -0.286476 2.860672 -0.103065 -0.097827 -0.054022 0.988377
1723706187.206238 0.367501 -0.285361 2.894315 -0.097220 -0.062159 -0.093620 0.988898
1723706187.256238 0.536887 -0.287742 2.928284 -0.088723 -0.025025 -0.132710 0.986859
1723706187.306237 0.692910 -0.289984 2.965529 -0.077502 0.013092 -0.166533 0.982898
1723706187.356237 0.843353 -0.292683 2.999670 -0.062736 0.049420 -0.198912 0.976758
1723706187.406237 0.972978 -0.297271 3.038573 -0.046033 0.088130 -0.226895 0.968831
1723706187.456238 1.088816 -0.305473 3.079295 -0.028148 0.126880 -0.249028 0.959737
1723706187.506238 1.188837 -0.315605 3.118284 -0.009700 0.166063 -0.269452 0.948538
1723706187.556237 1.268329 -0.330206 3.158227 0.009947 0.205505 -0.285359 0.936076
1723706187.606236 1.329779 -0.347266 3.198992 0.030603 0.244317 -0.295856 0.922953
1723706187.656239 1.369517 -0.366733 3.238530 0.050744 0.282347 -0.299785 0.909854
1723706187.706236 1.388547 -0.390607 3.276360 0.068450 0.318505 -0.298327 0.897146
1723706187.756237 1.386971 -0.420656 3.315715 0.089647 0.351450 -0.289314 0.885858
1723706187.806237 1.363457 -0.455110 3.348756 0.113054 0.380969 -0.280122 0.873849
1723706187.856236 1.325506 -0.490357 3.378481 0.137038 0.408231 -0.269645 0.861313
1723706187.906236 1.257394 -0.536409 3.413052 0.158772 0.432810 -0.253070 0.850543
1723706187.956236 1.168234 -0.577716 3.429096 0.188558 0.443534 -0.222127 0.847575
1723706188.006237 1.073404 -0.618180 3.433479 0.216131 0.441283 -0.184350 0.851218
1723706188.056237 0.962878 -0.678330 3.437523 0.225523 0.433666 -0.147928 0.859762
1723706188.106236 0.833014 -0.718870 3.435986 0.221991 0.422815 -0.120417 0.870315
1723706188.156236 0.690442 -0.755209 3.424453 0.203149 0.409312 -0.105097 0.883260
1723706188.206238 0.542948 -0.793637 3.401637 0.177867 0.391713 -0.102009 0.896950
1723706188.256237 0.386440 -0.837573 3.376965 0.147395 0.369933 -0.099413 0.911889
1723706188.306237 0.222734 -0.882757 3.339035 0.115862 0.343511 -0.097895 0.926819
1723706188.356236 0.051360 -0.925490 3.291018 0.087132 0.312926 -0.097683 0.940714
1723706188.406236 -0.128192 -0.964405 3.241915 0.061249 0.279596 -0.097729 0.953165
1723706188.456236 -0.312894 -0.998983 3.183770 0.034894 0.243464 -0.091887 0.964917
1723706188.506236 -0.499585 -1.031549 3.123015 0.010986 0.206175 -0.079686 0.975203
1723706188.556236 -0.686757 -1.063822 3.059911 -0.013232 0.168717 -0.061267 0.983670
1723706188.606236 -0.871236 -1.091128 2.999139 -0.035591 0.130007 -0.037940 0.990148
1723706188.656235 -1.060383 -1.114278 2.940807 -0.057941 0.094394 -0.009369 0.993803
1723706188.706235 -1.240267 -1.130668 2.885399 -0.077638 0.065200 0.036821 0.994166
1723706188.756236 -1.415001 -1.146466 2.830026 -0.091385 0.045337 0.096152 0.990125
1723706188.806236 -1.580938 -1.159463 2.777353 -0.095525 0.032626 0.152248 0.983174
1723706188.856236 -1.739932 -1.170700 2.729681 -0.094512 0.025948 0.199921 0.974898
1723706188.906235 -1.884995 -1.179224 2.680611 -0.088805 0.022066 0.234962 0.967688
1723706188.956235 -2.021920 -1.182401 2.635596 -0.083414 0.019987 0.258319 0.962244
1723706189.006236 -2.144998 -1.183019 2.595384 -0.082720 0.018392 0.274902 0.957731
1723706189.056236 -2.255256 -1.180982 2.558011 -0.086965 0.016558 0.282415 0.955199
1723706189.106236 -2.349814 -1.179789 2.523182 -0.094733 0.014678 0.282534 0.954455
1723706189.156235 -2.432003 -1.180975 2.492240 -0.091438 0.016051 0.272606 0.957636
1723706189.206235 -2.497270 -1.179230 2.459547 -0.072512 0.017223 0.255458 0.963943
1723706189.256237 -2.551397 -1.172840 2.430904 -0.065498 0.014781 0.241680 0.968030
1723706189.306236 -2.592187 -1.168230 2.405951 -0.067817 0.009977 0.225980 0.971717
1723706189.356237 -2.621926 -1.162699 2.381876 -0.075192 0.004442 0.209717 0.974857
1723706189.406235 -2.641595 -1.159258 2.358185 -0.083007 -0.000223 0.190498 0.978172
1723706189.456236 -2.652860 -1.157720 2.341062 -0.088369 -0.003228 0.172257 0.981075
1723706189.506236 -2.653611 -1.157217 2.324224 -0.093441 -0.006022 0.154400 0.983562
1723706189.556237 -2.647081 -1.158640 2.309564 -0.099271 -0.008424 0.135475 0.985759
1723706189.606236 -2.636444 -1.160407 2.301831 -0.103836 -0.009831 0.115994 0.987759
1723706189.656235 -2.620141 -1.162530 2.296240 -0.107923 -0.010807 0.097597 0.989298
1723706189.706238 -2.604433 -1.163999 2.294167 -0.110377 -0.010658 0.079749 0.990628
1723706189.756234 -2.582907 -1.166736 2.295158 -0.110592 -0.010837 0.064550 0.991708
1723706189.806235 -2.560047 -1.170613 2.299392 -0.107608 -0.010450 0.049868 0.992887
1723706189.856236 -2.535483 -1.175651 2.306322 -0.105052 -0.009684 0.040063 0.993612
1723706189.906235 -2.508774 -1.180055 2.315753 -0.105293 -0.008677 0.033957 0.993824
1723706189.956235 -2.483125 -1.182422 2.327856 -0.103093 -0.007913 0.025355 0.994317
1723706190.006238 -2.456186 -1.186553 2.340882 -0.094202 -0.008029 0.013165 0.995434
1723706190.056236 -2.432877 -1.187477 2.356109 -0.082570 -0.007645 0.001587 0.996555
1723706190.106235 -2.408964 -1.190963 2.372087 -0.071369 -0.007174 -0.005837 0.997407
1723706190.156235 -2.388333 -1.192734 2.389178 -0.063074 -0.006573 -0.011280 0.997923
1723706190.206236 -2.369396 -1.197236 2.406216 -0.055505 -0.005724 -0.017853 0.998282
1723706190.256234 -2.352622 -1.198171 2.425923 -0.049740 -0.004873 -0.021424 0.998520
1723706190.306235 -2.337507 -1.200882 2.443887 -0.046171 -0.003836 -0.023688 0.998645
1723706190.356236 -2.323620 -1.205082 2.462952 -0.047777 -0.002717 -0.021079 0.998632
1723706190.406235 -2.315793 -1.201604 2.480236 -0.044655 -0.001824 -0.021457 0.998770
1723706190.456234 -2.304063 -1.203711 2.502865 -0.040344 -0.001098 -0.002746 0.999182
1723706190.506234 -2.292128 -1.211748 2.516684 -0.039398 0.001709 0.031684 0.998720
1723706190.556237 -2.286307 -1.213249 2.527805 -0.033792 0.002851 0.030248 0.998967
1723706190.606234 -2.280872 -1.213410 2.541838 -0.029220 0.003280 0.018930 0.999388
1723706190.656235 -2.274306 -1.211791 2.553290 -0.026309 0.003353 0.012038 0.999576
1723706190.706234 -2.267467 -1.210294 2.567605 -0.026004 0.003162 0.010983 0.999596
1723706190.756237 -2.261691 -1.213295 2.577702 -0.027864 0.003370 0.012514 0.999528
1723706190.806235 -2.254278 -1.209870 2.588515 -0.027185 0.003158 0.011522 0.999559
1723706190.856236 -2.249825 -1.203555 2.598572 -0.025968 0.003241 0.009794 0.999610
1723706190.906235 -2.246187 -1.199958 2.605818 -0.025495 0.003520 0.008260 0.999635
1723706190.956234 -2.239761 -1.194384 2.606902 -0.025893 0.003346 0.008280 0.999625
1723706191.006237 -2.237390 -1.185071 2.615006 -0.025688 0.004018 0.007355 0.999635
1723706191.056235 -2.233021 -1.179184 2.616725 -0.026895 0.004252 0.008652 0.999592
1723706191.106235 -2.230242 -1.168144 2.619912 -0.027546 0.004831 0.008519 0.999573
1723706191.156235 -2.229935 -1.153235 2.617723 -0.027077 0.005948 0.009335 0.999572
1723706191.206234 -2.226317 -1.138788 2.618058 -0.027922 0.006206 0.009769 0.999543
1723706191.256234 -2.223732 -1.121059 2.616604 -0.029617 0.006806 0.011258 0.999475
1723706191.306233 -2.224092 -1.097513 2.612092 -0.030991 0.008112 0.011276 0.999423
1723706191.356234 -2.222510 -1.073313 2.608671 -0.032051 0.008822 0.012462 0.999370
1723706191.406235 -2.222915 -1.047937 2.606087 -0.033734 0.010054 0.013687 0.999287
1723706191.456235 -2.223704 -1.020820 2.599297 -0.035291 0.011320 0.015189 0.999198
1723706191.506236 -2.224559 -0.994883 2.593329 -0.037941 0.012798 0.017496 0.999045
1723706191.556233 -2.224834 -0.968254 2.587066 -0.041219 0.014098 0.019366 0.998863
1723706191.606234 -2.225392 -0.940737 2.580355 -0.044769 0.015464 0.022057 0.998634
1723706191.656233 -2.226155 -0.915463 2.571606 -0.046452 0.017524 0.023890 0.998481
1723706191.706234 -2.226058 -0.886546 2.565281 -0.047506 0.019176 0.023783 0.998404
1723706191.756236 -2.226251 -0.856269 2.558623 -0.048260 0.020896 0.022645 0.998359
1723706191.806232 -2.227138 -0.828641 2.550318 -0.049847 0.023013 0.022566 0.998237
1723706191.856235 -2.227269 -0.800766 2.545211 -0.051760 0.024957 0.023555 0.998070
1723706191.906233 -2.227251 -0.774514 2.536993 -0.053389 0.027071 0.024677 0.997902
1723706191.956234 -2.226396 -0.748317 2.530641 -0.054830 0.028856 0.025182 0.997761
1723706192.006233 -2.225603 -0.722938 2.522936 -0.056703 0.030269 0.025826 0.997598
1723706192.056235 -2.225479 -0.695816 2.517962 -0.057031 0.031745 0.025159 0.997550
1723706192.106232 -2.224506 -0.672443 2.513912 -0.057940 0.033251 0.024843 0.997457
1723706192.156237 -2.223200 -0.645912 2.507694 -0.059031 0.034147 0.025626 0.997343
1723706192.206234 -2.221268 -0.618544 2.505513 -0.060265 0.035026 0.024863 0.997258
1723706192.256238 -2.220365 -0.594035 2.501337 -0.062312 0.036360 0.025335 0.997072
1723706192.306233 -2.218206 -0.565919 2.495512 -0.063511 0.037234 0.025654 0.996956
1723706192.356232 -2.215721 -0.540563 2.496607 -0.066493 0.038013 0.026227 0.996718
1723706192.406235 -2.212704 -0.511937 2.494130 -0.067962 0.038672 0.025463 0.996613
1723706192.456234 -2.210480 -0.485497 2.493814 -0.069445 0.039309 0.024939 0.996499
1723706192.506233 -2.208860 -0.457310 2.493567 -0.070687 0.040038 0.024175 0.996401
1723706192.556232 -2.205685 -0.428586 2.493667 -0.071865 0.040588 0.024865 0.996278
1723706192.606235 -2.202106 -0.401264 2.496373 -0.073397 0.041005 0.025370 0.996136
1723706192.656233 -2.200584 -0.371522 2.496603 -0.075243 0.041640 0.025682 0.995964
1723706192.706232 -2.195889 -0.344411 2.502810 -0.077160 0.041872 0.024974 0.995826
1723706192.756232 -2.192694 -0.316571 2.507055 -0.079059 0.042339 0.025303 0.995649
1723706192.806232 -2.188145 -0.286065 2.511879 -0.079650 0.042659 0.025656 0.995579
1723706192.856232 -2.183610 -0.257501 2.521466 -0.080786 0.043071 0.025840 0.995465
1723706192.906234 -2.181074 -0.228875 2.529274 -0.081559 0.043667 0.026205 0.995367
1723706192.956232 -2.175947 -0.198177 2.539292 -0.081433 0.043843 0.025832 0.995379
1723706193.006232 -2.170060 -0.169123 2.549531 -0.080383 0.043551 0.026410 0.995462
1723706193.056233 -2.166844 -0.139859 2.561402 -0.078430 0.043845 0.026523 0.995602
1723706193.106231 -2.159674 -0.110865 2.573818 -0.074598 0.042887 0.025892 0.995955
1723706193.156234 -2.153497 -0.080828 2.587881 -0.070159 0.042135 0.023903 0.996359
1723706193.206233 -2.147125 -0.051461 2.602199 -0.066428 0.041300 0.022395 0.996685
1723706193.256232 -2.138908 -0.025934 2.616448 -0.062121 0.039786 0.023755 0.996992
1723706193.306233 -2.134154 -0.003764 2.631158 -0.074994 0.036733 0.027979 0.996114
1723706193.356231 -2.135245 -0.018053 2.639739 -0.072361 0.032199 0.015785 0.996734
1723706193.406231 -2.134281 -0.026164 2.649263 -0.093509 0.030096 0.033014 0.994616
1723706193.456232 -2.135350 -0.032549 2.652264 -0.093221 0.029727 0.047599 0.994063
1723706193.506233 -2.136670 -0.022922 2.657958 -0.080567 0.027607 0.037439 0.995663
1723706193.556232 -2.138865 -0.011810 2.660970 -0.070899 0.026199 0.030478 0.996673
1723706193.606231 -2.139645 -0.003067 2.666628 -0.069376 0.026454 0.025790 0.996906
1723706193.656236 -2.140654 -0.009603 2.668619 -0.086371 0.031970 0.041815 0.994872
1723706193.706232 -2.140049 -0.011655 2.672460 -0.089547 0.036086 0.046587 0.994238
1723706193.756231 -2.143512 -0.009079 2.672378 -0.077945 0.040372 0.035246 0.995516
1723706193.806231 -2.146771 -0.005267 2.669618 -0.067622 0.045276 0.024669 0.996378
1723706193.856231 -2.144733 -0.004650 2.675000 -0.069082 0.049427 0.030675 0.995914
1723706193.906233 -2.144273 -0.005318 2.675153 -0.070029 0.053759 0.030337 0.995633
1723706193.956232 -2.141932 -0.003878 2.674407 -0.068985 0.054608 0.028046 0.995727
1723706194.006238 -2.142398 -0.001835 2.674878 -0.065910 0.057419 0.023339 0.995899
1723706194.056252 -2.145149 -0.004968 2.671096 -0.067417 0.057107 0.025068 0.995774
1723706194.106238 -2.144556 -0.007058 2.670558 -0.067777 0.057493 0.024144 0.995750
1723706194.156231 -2.142460 -0.003134 2.669733 -0.066184 0.056227 0.023670 0.995941
1723706194.206243 -2.143314 -0.009809 2.663291 -0.067053 0.056935 0.024016 0.995834
1723706194.256474 -2.149894 -0.003469 2.669636 -0.065645 0.058015 0.024221 0.995861
1723706194.306432 -2.145276 -0.006538 2.666078 -0.067029 0.057204 0.024784 0.995802
1723706194.356361 -2.141517 -0.005286 2.662852 -0.065953 0.056405 0.025303 0.995906
1723706194.406383 -2.138692 -0.007672 2.664039 -0.065771 0.055869 0.023693 0.995988
1723706194.456285 -2.141315 -0.005438 2.668267 -0.066434 0.056358 0.022765 0.995938
1723706194.506668 -2.139359 -0.009117 2.663249 -0.066533 0.055731 0.024826 0.995917
1723706194.556571 -2.142617 -0.004444 2.665632 -0.065578 0.056598 0.023149 0.995972
1723706194.606399 -2.139509 -0.000186 2.670021 -0.064950 0.055645 0.025069 0.996020
1723706194.656476 -2.141551 -0.005388 2.664883 -0.066201 0.056373 0.025263 0.995892
1723706194.706721 -2.138588 -0.001907 2.673899 -0.067174 0.055572 0.023325 0.995919
1723706194.756231 -2.138654 -0.003264 2.669263 -0.066956 0.055779 0.023440 0.995920
